,0,1,2,3,4,5,6,7,8,9,10,11,12,13,14,15,16,17,18,19,20,21,22,23,24,25,26,27,28,29,30,31,32,33,34,35,36,37,38,39,40,41,42,43,44,45,46,47,48,49,50,51,52,53,54,55,56,57,58,59,60,61,62
0,-0.0,21.192962492459127,14.500665479599599,16.331894147063657,16.673324478664668,19.56189470240193,20.114259525927416,14.01335655543561,22.73452031708512,18.337706749375506,11.08099177119156,25.258455559211104,22.293919954967343,22.322799590219983,29.422995389104635,13.735192734389532,28.802311735926647,15.023269248233296,19.10980754377483,30.587476643803104,11.553644360219995,13.658609054472604,10.290895075650969,19.97499211169943,26.86889000147308,20.13117565774636,8.29264178345851,17.161873164077555,15.24885035800584,18.015060483286067,20.438874174552023,22.438114385448124,16.131223597483146,17.149305492610313,19.029393429721836,19.629197714513005,13.916779514245597,15.611606178514753,13.717967938205456,21.253552968143403,20.234509344371844,13.18724612217056,17.922569312419363,25.311414545236012,19.613207885552846,30.35893264443543,16.69271529608411,18.76785918286943,16.962314156141492,22.932491572802725,25.45428888002294,25.082527475277395,21.023303855446084,23.42720786637421,26.672872948572174,16.777724020060006,17.768793430244855,16.14674307236065,16.602984840316445,11.132382711845255,16.523137971424447,16.046143994360815,15.820044321790283
1,21.192962492459127,-0.0,14.439026339291596,10.129016716399594,21.82136970059234,13.613235061937765,16.406331528935638,10.411550528065138,26.501213873497317,12.036795063939312,29.506164090856835,33.801698669626425,32.307876555431676,18.624164162638316,13.270043655726772,16.427237021361776,21.756280827031354,19.581524136768735,8.077781159570653,13.148407555707617,20.438332859986286,11.103666588875425,15.18077631720141,25.873432417409735,12.785400067727444,30.406702473065693,25.10903502809318,26.51421107526608,32.86625054418274,21.490789779655433,20.737165270866033,18.430975657505282,31.8496094250016,25.04564917075925,34.267665471742866,34.53443428759215,16.323741873246988,25.63965802358483,23.14673093863353,13.08245413500832,8.741639699803937,12.322047610092438,18.518383022386566,14.769712910613027,23.599759341766962,24.04660104676703,28.213619824565466,36.01076781704426,18.571519031340745,27.05400534677706,37.570125599927145,32.484221469148146,34.19950481955929,26.194647198759284,14.251359904862246,12.605688173361438,26.872132014193895,22.39705921425063,15.98879718514448,22.402430909996838,20.00277961753538,19.118713670725803,24.113131324966115
2,14.500665479599599,14.439026339291596,-0.0,9.149284232971786,12.016511761201551,12.192557632993415,12.500526295719856,15.868872557377921,18.494861163206572,12.166229986478173,12.631954634125735,27.869201048887703,29.72447078323428,18.315905261516892,19.93850961342184,17.12159457218834,22.54419344998942,10.219175260492664,9.260353536290536,14.686961947132945,8.358664163271465,13.79079765361402,10.395758591101151,14.637740555068465,13.2759131324523,21.52651726045198,15.513955673180348,16.622996518958608,20.94126718534551,25.08073407672289,14.48710215875467,16.73741553236211,14.132148509562619,15.948061748945614,18.542079154985426,15.861096766431121,11.828724241654024,13.54509183971067,13.17911306087168,22.952569574735907,15.47692026118066,10.855840446065573,13.252689989329266,17.6772066942172,21.998099397768623,21.332975877028783,22.184713764335637,42.04717694183032,9.891446649298654,19.221544510399664,25.83961976481093,27.577231716983334,20.911363507833165,26.871621312734558,23.411671518979805,11.515575446406544,21.738096667811124,24.46424771558596,22.885143924964733,13.753744372174445,13.085584180358454,17.242651562973766,16.357955403352882
3,16.331894147063657,10.129016716399594,9.149284232971786,-0.0,9.647243192430144,12.877499293770382,11.609996751312,17.882627300654057,15.652276000272193,12.550507894551027,19.58372225904042,20.409972114442,23.614717448394305,11.2139666486228,8.689159961761991,21.509603073654585,21.18109281232466,15.824307251307735,6.109722808376547,12.169039382651222,15.282202216468065,9.779294528875347,16.352079683450786,16.480183711597846,13.21089186891832,21.19416829146641,15.121769150662068,14.376667682199603,16.749947062794305,13.758957814361475,13.387191223246393,11.697180702436098,23.21154850668407,18.36028993768571,13.94662635764219,24.092790807356064,11.444572310720458,19.556974128129784,10.360074337318652,19.427334759250513,13.38865233427815,12.394918113954208,19.709303795015895,20.76129946818254,21.68114628813677,22.8627702230005,19.517803889713072,24.453450617767775,12.118245955358855,21.130316154186467,28.871481328682783,15.969756013289256,21.404413655050195,14.18317376079202,23.76518240798377,11.323680176314076,15.627072516068294,13.181431806783152,22.36433647029278,17.36981112489654,16.66368070539337,22.538266498358908,19.12967565257288
4,16.673324478664668,21.82136970059234,12.016511761201551,9.647243192430144,-0.0,14.945810048368157,11.28528522660229,19.0318349795495,18.94255432894039,11.991047393675325,18.76843026701519,17.49132158524762,20.63348817858614,19.971483431047357,17.898828759141274,17.263886619138702,14.367579572834774,12.517157782532516,18.21387187383853,14.780509013020922,13.011833311006095,8.951716657338697,12.695715643307958,16.629639580795818,20.75063275059439,18.47871509482789,11.834765348302806,17.853464401088576,18.373510135946788,14.942955260512132,16.39224446292752,9.769817885267212,18.234684748563453,12.251610407115871,15.188466185867751,15.343589391871447,12.433485620236704,19.887842793553464,8.462618967062186,23.36712479735022,13.38507343020036,20.660134411688077,16.56341855918586,22.98935894028855,16.07899529845258,18.438260702289746,13.34785045922917,26.10876712089605,13.586119011980069,26.456307049336225,27.39151843463475,18.104884655502886,14.74926051776515,24.031268754280003,19.992710249681448,19.49958486620685,15.414575457150178,20.62389334106115,15.687875755456632,18.83999175963468,12.645596341877896,20.523120047001626,17.254090695914943
5,19.56189470240193,13.613235061937765,12.192557632993415,12.877499293770382,14.945810048368157,-0.0,13.911763933476676,14.007373210021328,17.58341329756279,9.045408994176825,13.639986304777757,28.85809939119925,31.008630222823758,23.75893974097442,23.395597910279694,17.79553500699565,26.01042119498197,23.248827319428873,17.477399307800294,12.818426287718529,12.157661329270708,15.856002505002937,16.368386592656616,16.148185158485944,11.304101636858642,19.64513288953354,18.01239117160595,20.641478829963557,21.73786714817571,25.543792471324696,13.971434882054593,11.543977132986216,16.960760078207134,16.13993310114008,18.826226090121395,18.854322607289212,13.963070502402433,19.07229988999608,12.503017931645676,31.273142572139502,18.93835298999299,20.99038327986723,16.88695877343644,18.679341057864203,25.10885094943666,26.657226136777275,21.60831201263654,36.14875155096833,11.824703727830723,19.78271438544769,19.168766826664495,27.1710414744469,24.199373003067606,32.08304052786186,21.997771544863713,19.932171332035036,25.56530686820533,28.66684485100926,16.91303906711212,24.252586619127115,16.716586612063143,14.658668709149717,32.85339807607374
6,20.114259525927416,16.406331528935638,12.500526295719856,11.609996751312,11.28528522660229,13.911763933476676,-0.0,23.257806919477606,14.480349244212208,16.419323228692328,18.453091121975387,27.667624950491746,25.093974614249284,17.45847242501443,17.07071599962321,14.9205348036302,24.55369283836155,13.655688606237328,15.04249067348928,7.720989567384262,13.453880962722735,14.388804595103316,13.307740995319316,15.577369938064571,20.62164851021488,21.359457646769187,14.618302866252025,16.24897782646739,20.32809661838616,17.185719079222192,13.986603298672216,11.488651768869945,20.300105327317727,16.680318051454165,23.669342898215998,10.718627835798774,18.36717593348769,22.07653656047209,14.339801865356502,22.920632726886325,10.62726868165177,18.893618134070223,14.994875951715212,25.655726357919093,23.04716997543815,28.36688518203977,15.452052447686944,29.494321298069245,17.952500007128137,27.99117681850647,26.303922629601452,21.18525270862978,13.70053014298644,27.994368153214374,28.478675102838427,18.349209454707317,24.409307813458135,20.94902313485165,22.601573289758708,14.0766426183791,18.624272477352687,11.829341540716037,28.335093085082047
7,14.01335655543561,10.411550528065138,15.868872557377921,17.882627300654057,19.0318349795495,14.007373210021328,23.257806919477606,-0.0,23.602630968340346,21.096485734224604,19.177178699895038,39.32092319786418,35.00117889866868,31.458443666160786,34.33496668193948,20.48909644817306,19.85713907277695,16.81805174435664,17.704020061590345,23.445845410851263,14.717292340693977,12.958337097215523,11.24139777041222,24.949515130590793,21.037914255089998,29.7800137690281,21.104712207330692,24.58933622246643,25.446888215500394,29.006795119072834,14.319602724195082,24.97232413468133,24.911026663979456,20.579197401291385,25.4626392379358,25.18882220627263,16.194903068211474,21.620788550425395,17.004784074363382,14.784389095554404,18.14653459875387,14.108789323446,24.18101144482386,14.064635863382525,18.962651273965022,24.86677265802666,29.685276034542714,35.29366191202025,22.118355175724876,21.642814442757594,30.830845706475937,27.621857994904566,33.34328882367975,31.36338079373599,17.32305494885129,15.093174141180853,26.012671275749625,24.828895165305724,13.369084284344932,19.466222734960727,18.097315823902402,19.380614400750186,18.9392614120661
8,22.73452031708512,26.501213873497317,18.494861163206572,15.652276000272193,18.94255432894039,17.58341329756279,14.480349244212208,23.602630968340346,-0.0,23.505420504995204,12.330032228465782,24.935031825526412,25.017935698412103,13.382683089751081,19.53531920260028,21.695378313050373,37.44927768987556,19.220216672699763,20.915277999011035,17.270787762784018,17.465961845513572,20.64807403960356,22.233292481111274,21.615795656676244,11.246279830682248,19.429339365729692,15.344077654195917,11.554595833567378,13.950975262123176,15.670181029719044,19.99717311255915,13.91101618027722,20.368802784116763,16.097824678131598,18.607859275841747,12.182589120689945,18.640977580614013,15.234270136619914,17.064482092283676,21.534550378003164,24.409890569451196,17.792370247329405,27.978393364162052,20.760541501621184,29.216883435456037,42.793556366967586,16.022668275608968,16.47476486890411,21.995173359680024,16.33849935458672,13.795724262336876,13.963596360579514,15.751962248659831,18.97656286889205,35.76888969967533,19.972839419538133,22.530061251598113,16.14226495153816,30.70162914551978,15.920660215559819,19.39234798898277,23.186430748207954,29.44660285684489
9,18.337706749375506,12.036795063939312,12.166229986478173,12.550507894551027,11.991047393675325,9.045408994176825,16.419323228692328,21.096485734224604,23.505420504995204,-0.0,21.10548944156183,27.505446114492354,24.69578804540205,15.985810534536975,16.643415701418895,12.811526988544998,19.363762317043836,15.025465278836666,11.201271927158428,11.640508815353604,14.140190751697292,13.392743842718268,15.602581781404606,16.811880776297453,10.861203680082426,20.23718197127543,23.231995553528034,22.279026633999006,29.24498225459889,23.319105168667654,17.527056098114087,11.278647915826163,23.587083922904725,16.805556891117448,20.83029687700301,28.189583554736327,9.723971132946984,25.10385122702331,11.192694316603735,21.275593510432593,12.425817374695342,20.255311540395308,11.292764916059614,23.912499773241247,18.63386804826262,16.623789293430995,22.283592057762597,38.07077054795554,11.311471623416836,17.54890909586432,27.67886345645504,25.913576370464288,28.557688309756895,28.376914937365044,21.29079469721458,8.413651881884407,21.69595034585319,23.59104069422798,15.710087811443843,19.241306307021226,17.1607422369597,13.6079274293561,29.85225046559588
10,11.08099177119156,29.506164090856835,12.631954634125735,19.58372225904042,18.76843026701519,13.639986304777757,18.453091121975387,19.177178699895038,12.330032228465782,21.10548944156183,-0.0,23.883542607986765,22.448190120270336,14.610499971013187,21.66392909591657,20.64845364262559,39.28297132755841,17.901276918044122,23.15217208360453,24.407545549946,11.33831044091126,20.289389496493364,13.173370530661456,15.764800971444219,20.099233617594425,17.339356709762566,7.828175122968137,10.251974049796667,10.31617300091701,16.312426427932273,21.64829144223026,16.65363104806327,11.381219476911143,12.40640719419765,11.380175133079835,11.424145946494535,17.8633555094233,10.605883021558823,14.959465830346502,28.458193570894725,28.28881261752149,20.444839875902908,20.390625898757246,27.195855061371475,30.090423648600677,39.52144712392883,13.67547166795956,15.849492464134514,18.37379215016373,10.234453984990294,12.443775792503937,12.258266258579999,11.337934948882998,14.90547464022484,34.385208274090864,18.73377810812036,19.308465360172182,17.71825345424395,26.075083392776275,13.314742103724598,17.881800424803302,18.544150739680106,27.678952493715688
11,25.258455559211104,33.801698669626425,27.869201048887703,20.409972114442,17.49132158524762,28.85809939119925,27.667624950491746,39.32092319786418,24.935031825526412,27.505446114492354,23.883542607986765,-0.0,17.67658854376848,21.617326879688516,17.074845512596582,34.9233071256698,28.81168997300889,15.504717980192456,25.407188362559197,21.936243575794624,14.074595982972594,23.7794795804722,30.149605911913657,21.924269860939688,26.969473581356553,17.78837309237437,19.792895748405588,22.449336495216418,20.063410466958327,12.608205188623641,19.986287443773698,19.0403529315174,21.081301070501603,9.246475172167635,14.615080340301963,21.10399284044363,17.470892442332026,28.401077767964118,24.517107808417634,39.89725100636358,23.051946078816123,36.90413757238731,29.693913652876162,37.94009900343311,29.756349432905413,26.308392232475555,17.39687453454106,18.636467014644932,18.344266332025924,23.650644671059887,24.212301814856534,22.469851961421742,27.450878011958444,20.936062245571733,40.9824008042972,24.76308360742805,21.45210502206751,21.488284512814317,28.178304831093126,33.32660073163998,24.669184438482045,25.831107359138404,38.05378012749935
12,22.293919954967343,32.307876555431676,29.72447078323428,23.614717448394305,20.63348817858614,31.008630222823758,25.093974614249284,35.00117889866868,25.017935698412103,24.69578804540205,22.448190120270336,17.67658854376848,-0.0,11.65379506601481,17.03940195400983,37.28193478484439,26.663187251952834,21.4722193248132,25.457562689066606,25.78091821128159,18.220515929074985,18.804532141568522,20.038315252355243,17.85407626152606,21.431606343535677,21.431673562114856,21.16911761651353,17.755280578109147,17.739501853250967,15.070775376266036,21.565052607495375,24.904411225507484,23.46675674798949,15.986933929724362,16.49507762810889,22.22155501889876,20.899623653628364,24.818245634930733,23.65631062046423,36.86959801983043,24.06085310593163,27.709630581355018,27.12722003018555,40.099386674069834,27.83002775760708,30.32009147484111,22.27644669721384,21.51546072537268,21.73322462353431,19.516337701583545,28.467565202746552,12.464476819688201,22.34547897438888,19.95874740180551,38.12058293066609,20.13980494429172,13.69918041917449,18.700408259547675,24.0197823089085,17.75629117640866,21.159230347886847,24.09422127282328,34.749372057577304
13,22.322799590219983,18.624164162638316,18.315905261516892,11.2139666486228,19.971483431047357,23.75893974097442,17.45847242501443,31.458443666160786,13.382683089751081,15.985810534536975,14.610499971013187,21.617326879688516,11.65379506601481,-0.0,7.996291915884805,21.671758843478273,25.679915197644203,18.08306819050684,15.703512669863848,20.669889115150134,16.991474887426875,17.059764124128883,18.366687615312106,16.28781098325805,9.87754119567897,19.590969108182914,15.495351502286494,8.863005846309836,17.804822430339655,7.147243086470756,23.926936463676505,21.5031645008889,24.21708791043424,22.22681788736603,17.7864991001005,19.30997379245412,18.561592906315674,22.80785436272453,18.378545797056294,27.21648579880421,16.518744931768445,23.05425664660985,15.82661312076096,33.46810272003815,25.359627688645105,28.25058219906717,17.54776929038423,20.179357259433285,17.633290966562694,19.29074984999336,26.08776615474511,12.037372006602764,17.053681976071385,21.130671630572582,27.19857210786525,9.717242473363683,21.033945550837892,9.940766050320626,23.28033574089628,11.965725765295874,19.81497392921114,20.456803291401066,33.61041132593494
14,29.422995389104635,13.270043655726772,19.93850961342184,8.689159961761991,17.898828759141274,23.395597910279694,17.07071599962321,34.33496668193948,19.53531920260028,16.643415701418895,21.66392909591657,17.074845512596582,17.03940195400983,7.996291915884805,-0.0,29.27233938282621,23.630990053912786,18.309589821061298,14.667297713543714,14.553822755514043,24.478473646091103,14.899971180741332,27.25815219422325,20.11525797759759,12.615577035619662,18.11181927295596,23.054556982012866,18.249342847531217,20.676320210745082,8.940348114315231,18.32204317519921,14.074379774699288,21.41576036387435,19.41975148434824,18.517128229371096,26.57324905230971,19.430219411886284,24.74071207289377,19.91317319339967,33.54123002332636,12.44125679380866,21.112189512423235,20.399614261297145,38.19417239593663,27.63661805332333,28.762515443471155,16.46851077053053,18.698448812260466,13.556152214182605,16.279892729332264,22.173251016938032,15.812360373068874,19.02998551957692,14.646795999427642,26.203154222945475,14.242523520814887,22.822240496588694,13.144785704501151,27.47133500907118,22.302871912018368,18.9317327567719,26.218948254588216,32.99260165714472
15,13.735192734389532,16.427237021361776,17.12159457218834,21.509603073654585,17.263886619138702,17.79553500699565,14.9205348036302,20.48909644817306,21.695378313050373,12.811526988544998,20.64845364262559,34.9233071256698,37.28193478484439,21.671758843478273,29.27233938282621,-0.0,14.016419678521213,20.706555706386,15.879193036474547,19.801599096087898,13.616588217349191,16.501352682238082,12.59773077589239,20.11959031366434,18.04474141389013,22.22303295247515,17.908205204510008,20.259754790527293,26.60004277386698,27.39300931003189,20.87204527984278,23.194659589684424,28.704826379770648,28.74983348093156,28.117182283400613,26.60858591113647,20.28112144889302,24.144925521195194,22.224012189956465,17.629219690456278,16.44325082866472,18.186287541063255,13.860094919530692,23.892299274114713,17.58294021236916,14.760805669455754,29.525244236842855,38.69558387237631,23.546453600271626,36.14819663209176,29.34956977271702,32.976578305739,30.253255826335266,38.7756834598876,17.96864507241383,19.667692773145458,29.676901290370303,25.087509491552947,16.710511999096113,17.57742861003412,27.329556995312405,8.467042608646151,23.64340065941422
16,28.802311735926647,21.756280827031354,22.54419344998942,21.18109281232466,14.367579572834774,26.01042119498197,24.55369283836155,19.85713907277695,37.44927768987556,19.363762317043836,39.28297132755841,28.81168997300889,26.663187251952834,25.679915197644203,23.630990053912786,14.016419678521213,-0.0,19.547517321161344,21.943152032816364,19.20618886112166,24.280512176866285,13.596432860118114,18.89011162782194,27.4887454104272,26.203233530622235,28.559751432934302,28.386557644422243,35.52113535145388,37.238571775152806,24.294308831469785,17.814810466029574,18.986247158747634,37.87101005485007,25.955576877616142,31.240070925849825,41.70145619716516,17.802499096926784,43.0920661571402,25.97342075897402,14.804140995768714,21.86161398682228,16.883089725147897,19.122975223666398,17.942338198785695,8.917081441544507,8.130640498463439,26.19073522413599,42.82110146336834,26.49664678153468,38.8136967900422,44.15206776565401,28.687908972768412,38.643037031489236,31.41151978420511,5.520041265428094,24.45091609720459,16.69010679804252,17.39106913968915,11.635174183949951,26.28054379730944,18.386713752052238,21.162945540295322,15.723693879706229
17,15.023269248233296,19.581524136768735,10.219175260492664,15.824307251307735,12.517157782532516,23.248827319428873,13.655688606237328,16.81805174435664,19.220216672699763,15.025465278836666,17.901276918044122,15.504717980192456,21.4722193248132,18.08306819050684,18.309589821061298,20.706555706386,19.547517321161344,-0.0,16.204889176824906,18.415983180514996,12.73359055025795,9.873297086437647,12.679475007803765,17.224249720242994,25.89026546666752,24.257804826455367,12.633592302619899,17.280936742069766,19.19488257116603,9.332211718414126,19.65444826260699,21.21314867895217,19.129828424732864,15.679909026292748,21.948535365809224,13.490892039680972,11.757819416619151,16.50532429494218,16.01158411093236,19.190464080374397,12.914824870582034,13.278136352732991,13.27533787649058,16.576129496909537,16.58228171717245,18.94492218719058,14.482584020141868,24.017875129411518,15.605776835548212,24.883126702001956,33.82886742731412,19.26603425775859,19.45189747299847,18.31975389241079,22.73901276290231,14.334139436211018,12.73336585286713,16.640533390981304,15.576690410223579,12.204468727299432,12.696020478289473,16.005615190870017,12.236324985206874
18,19.10980754377483,8.077781159570653,9.260353536290536,6.109722808376547,18.21387187383853,17.477399307800294,15.04249067348928,17.704020061590345,20.915277999011035,11.201271927158428,23.15217208360453,25.407188362559197,25.457562689066606,15.703512669863848,14.667297713543714,15.879193036474547,21.943152032816364,16.204889176824906,-0.0,18.781261805831427,13.424857886986452,15.72141735870665,12.779823015337143,20.22547045598148,16.37923813056851,24.96875056502843,20.079193938922497,17.210268915423125,22.990207027314465,19.03462277496764,19.0057373346973,19.454323676805643,27.04713956467225,20.882740826918443,24.04594562485647,26.839772118367133,10.392834088402156,21.237460720188583,16.87425914614691,19.562550915815237,15.169607577832672,15.327718575994334,19.488588308401628,21.013705220939144,22.7462275100954,21.144748023508903,23.88119437674336,35.206915596153614,15.443364456176257,23.000410982101453,33.54888552820653,23.507372833450415,29.159065082199078,21.838525982354426,26.93220281524783,9.112092813155918,20.786834679113305,19.313699805014174,22.161157769044966,15.703162728958652,19.87455000395725,22.337122339737416,25.761508718670928
19,30.587476643803104,13.148407555707617,14.686961947132945,12.169039382651222,14.780509013020922,12.818426287718529,7.720989567384262,23.445845410851263,17.270787762784018,11.640508815353604,24.407545549946,21.936243575794624,25.78091821128159,20.669889115150134,14.553822755514043,19.801599096087898,19.20618886112166,18.415983180514996,18.781261805831427,-0.0,15.160985577933333,15.5672765376287,19.083685243196193,22.18019941842925,19.81049826672158,21.054592986374537,20.914838085796767,21.390276165148663,25.195386111965554,19.238974803403025,11.20069763864184,5.596975749540808,24.084141649712095,14.229517120063631,26.1985033781112,18.089986719068875,18.60574547788386,26.669171892115777,16.858674136265755,28.89051202055203,11.882257222238396,22.751686671642926,19.414430783325912,21.739000017716524,23.13346393198042,22.37742034184323,15.689689778230912,31.378980839250467,19.033626450502595,26.688348654252565,26.413667845801417,20.354972737686065,23.25143128339481,32.60736458886466,26.90723167044369,21.8457393918224,24.33119572218956,24.37748612946612,19.41853930235295,23.909950221981042,18.495528071251517,16.43145483936384,32.15247832726864
20,11.553644360219995,20.438332859986286,8.358664163271465,15.282202216468065,13.011833311006095,12.157661329270708,13.453880962722735,14.717292340693977,17.465961845513572,14.140190751697292,11.33831044091126,14.074595982972594,18.220515929074985,16.991474887426875,24.478473646091103,13.616588217349191,24.280512176866285,12.73359055025795,13.424857886986452,15.160985577933333,-0.0,14.532740404806862,12.360535963886665,15.832246749270427,15.202593041459581,10.227107463890846,6.940565528250812,12.037307949156705,12.10606865987474,13.541077071319162,12.361168752231173,16.088872264457418,14.234220659767331,9.969032783068137,14.385073956108823,12.739554569719264,9.407803056410243,17.236745303384193,15.683274378051635,20.964565381834685,21.608233041470616,17.42241491973489,17.743449716594476,15.161975687459611,18.40964008783835,24.27365793278437,13.395072493580194,22.9386068124277,15.507149068509742,22.04559459341089,17.762805427549313,21.29970610442354,22.220429600050245,22.623963655284914,25.543274225399657,16.07395744600442,13.43541702212885,12.144532729520037,17.649303722837058,14.957174214496945,11.785348071099687,11.842109694592931,18.94710600852609
21,13.658609054472604,11.103666588875425,13.79079765361402,9.779294528875347,8.951716657338697,15.856002505002937,14.388804595103316,12.958337097215523,20.64807403960356,13.392743842718268,20.289389496493364,23.7794795804722,18.804532141568522,17.059764124128883,14.899971180741332,16.501352682238082,13.596432860118114,9.873297086437647,15.72141735870665,15.5672765376287,14.532740404806862,-0.0,11.003389261210136,16.431209157086904,18.61998084371735,19.52303769424058,15.30069391695753,21.682566794523282,22.152468802150327,14.286701496666751,11.400847245404478,15.424766298247475,20.881960929156378,14.284523116359992,20.85391022745827,21.806677460452278,11.298144009248832,18.211755154055897,11.099864233216232,17.107029849742055,9.667808852848086,10.80596485520411,11.607259199958335,18.279207734461,11.732769417803958,16.442085552399654,15.44788820221181,20.269741831929153,15.982345100604114,19.933556829740937,31.707635969224285,16.381168269536197,17.714264994892343,17.92929900443023,13.946519225716552,11.363831236628634,13.65501625062656,12.905262194982095,7.809721423529436,12.4731425824585,9.213901628444628,14.83946656596722,15.323676803550349
22,10.290895075650969,15.18077631720141,10.395758591101151,16.352079683450786,12.695715643307958,16.368386592656616,13.307740995319316,11.24139777041222,22.233292481111274,15.602581781404606,13.173370530661456,30.149605911913657,20.038315252355243,18.366687615312106,27.25815219422325,12.59773077589239,18.89011162782194,12.679475007803765,12.779823015337143,19.083685243196193,12.360535963886665,11.003389261210136,-0.0,14.580909192694529,15.499244832926983,15.90268275063872,9.873309124506067,15.90510234560154,18.600911257042227,16.06788094100239,17.610419613292862,23.168899412794968,19.92534141403528,21.183303207630058,23.41061188898206,17.404463079404294,16.67621314681431,20.962116614379834,15.847702127580922,16.103954840139906,14.823295130535733,12.245585575477838,11.425136023828912,18.072975194042993,17.074081405511905,21.208535513942863,16.981667035983122,26.323191228532693,19.71895400417473,24.834456521025587,25.560905077529643,26.520142159278354,22.885458100237162,27.802961934574242,17.917278702170556,14.650725705191695,18.561520280765574,14.19949080776619,15.3283211261464,10.676483643276642,17.432572193958197,14.461767197538583,13.7914178304208
23,19.97499211169943,25.873432417409735,14.637740555068465,16.480183711597846,16.629639580795818,16.148185158485944,15.577369938064571,24.949515130590793,21.615795656676244,16.811880776297453,15.764800971444219,21.924269860939688,17.85407626152606,16.28781098325805,20.11525797759759,20.11959031366434,27.4887454104272,17.224249720242994,20.22547045598148,22.18019941842925,15.832246749270427,16.431209157086904,14.580909192694529,-0.0,18.198439154682116,14.911591748987444,16.24006956279544,12.30862725563054,14.904289301491612,14.316894409091715,18.40039631678572,17.532342905543285,19.70875350438135,13.06194977828435,15.078947844744759,9.667031872459107,19.93481955266041,23.277652977682294,14.711615629204237,22.093474643283546,22.62164142205337,21.92149777502977,21.531470733446437,25.12128366025394,17.303220981833075,28.555538259189372,17.35547824009108,23.024546584952013,16.558580209430815,19.08428406426569,18.061182901848817,18.11623877993195,15.177843177666073,22.327686472333454,31.99857204546207,22.723917552673846,17.067168817985742,21.212655686572802,19.91435327747846,26.3065553173515,19.571950546412797,18.88430175132984,33.43298879632019
24,26.86889000147308,12.785400067727444,13.2759131324523,13.21089186891832,20.75063275059439,11.304101636858642,20.62164851021488,21.037914255089998,11.246279830682248,10.861203680082426,20.099233617594425,26.969473581356553,21.431606343535677,9.87754119567897,12.615577035619662,18.04474141389013,26.203233530622235,25.89026546666752,16.37923813056851,19.81049826672158,15.202593041459581,18.61998084371735,15.499244832926983,18.198439154682116,-0.0,13.577402316452526,16.20319538837303,14.586311276879007,22.447328474125968,17.649789359598444,15.83737990062448,12.440705807946333,27.969970107770603,23.943265118530483,20.20214631648785,23.97322600126046,17.893434661301065,28.63619278701006,18.66809844465315,24.687340296817226,25.252529941701162,13.661479714964385,17.996206080033538,21.4588765801093,19.325752767162466,26.515768901041927,19.225862070918375,24.690280495257298,21.219568212328603,23.017831467306422,21.632202055416382,13.424304064928,21.991787084355455,27.96053022566596,22.29331548025788,12.9899194289097,13.761447279492922,9.428594772004413,15.769285295169114,17.989932633089104,14.87799661467533,16.056881318218245,29.20002935635078
25,20.13117565774636,30.406702473065693,21.52651726045198,21.19416829146641,18.47871509482789,19.64513288953354,21.359457646769187,29.7800137690281,19.429339365729692,20.23718197127543,17.339356709762566,17.78837309237437,21.431673562114856,19.590969108182914,18.11181927295596,22.22303295247515,28.559751432934302,24.257804826455367,24.96875056502843,21.054592986374537,10.227107463890846,19.52303769424058,15.90268275063872,14.911591748987444,13.577402316452526,-0.0,10.56333967656034,18.513203623834496,14.472180091851904,13.434343062966377,16.71277557672273,14.391648581403219,16.58339324147057,14.588713360097223,14.929625849265339,17.91597974246054,19.774961952827102,23.794141159776302,23.938001954069602,40.83818120778196,27.914671614870223,27.79112019819914,18.343758605190533,33.393727359139405,26.201411969732423,30.682920251785855,8.435752359730934,24.464255032349616,21.471963637586082,25.953033234144034,16.69724646331603,17.52180213303686,19.791989209483162,26.99194462550789,27.730810044603693,24.777144786501456,20.027072019191067,20.228398901236602,19.725568170067973,24.27259238540633,19.056222706106535,16.174840820266688,31.734354489494418
26,8.29264178345851,25.10903502809318,15.513955673180348,15.121769150662068,11.834765348302806,18.01239117160595,14.618302866252025,21.104712207330692,15.344077654195917,23.231995553528034,7.828175122968137,19.792895748405588,21.16911761651353,15.495351502286494,23.054556982012866,17.908205204510008,28.386557644422243,12.633592302619899,20.079193938922497,20.914838085796767,6.940565528250812,15.30069391695753,9.873309124506067,16.24006956279544,16.20319538837303,10.56333967656034,-0.0,10.454215711841824,10.462540280652036,11.94672923611429,16.715456033731527,18.367222318800874,13.155585538345552,13.330323548951267,12.668901525839154,12.397486226756794,16.476469603050912,15.634568434286367,15.671693985403707,24.770535613582677,17.72487254901849,18.071292487234537,18.055765706614178,24.94697226722995,23.872516557414727,32.95525618548026,12.055767697772799,15.091712229537192,16.165114503627446,18.898718872411653,18.133319782593862,17.982643480956135,14.822574811478137,17.36993374593655,28.765953300475534,19.57886560220763,17.055165068520576,12.451984710573448,22.891571603870098,12.03581614657521,18.756510659180105,15.401381471769055,18.65275388273742
27,17.161873164077555,26.51421107526608,16.622996518958608,14.376667682199603,17.853464401088576,20.641478829963557,16.24897782646739,24.58933622246643,11.554595833567378,22.279026633999006,10.251974049796667,22.449336495216418,17.755280578109147,8.863005846309836,18.249342847531217,20.259754790527293,35.52113535145388,17.280936742069766,17.210268915423125,21.390276165148663,12.037307949156705,21.682566794523282,15.90510234560154,12.30862725563054,14.586311276879007,18.513203623834496,10.454215711841824,-0.0,10.073494523578644,9.237323885636261,21.897836832400777,20.468506258022657,20.216974941676156,18.273450450203907,15.434516594523119,12.12151048313339,18.799946072549606,14.52042541529827,15.016925077010569,23.805654683767873,24.300455042683087,21.715709793791817,23.584900510463,24.45243340336229,30.561628111102216,36.322097852562955,15.423138655365713,16.399063551077035,20.845631516663392,15.636922899510934,19.580341962525175,13.161550047259125,14.919303957120329,16.124434571522603,38.26435246490482,16.31088557193953,20.119530923227973,11.851400731031168,31.118040067236183,12.813257991244894,22.32066748834181,24.364752558215738,31.603283381874693
28,15.24885035800584,32.86625054418274,20.94126718534551,16.749947062794305,18.373510135946788,21.73786714817571,20.32809661838616,25.446888215500394,13.950975262123176,29.24498225459889,10.31617300091701,20.063410466958327,17.739501853250967,17.804822430339655,20.676320210745082,26.60004277386698,37.238571775152806,19.19488257116603,22.990207027314465,25.195386111965554,12.10606865987474,22.152468802150327,18.600911257042227,14.904289301491612,22.447328474125968,14.472180091851904,10.462540280652036,10.073494523578644,-0.0,13.333741451177943,17.812177076781854,16.931423445376723,16.372826050697793,13.304405473462577,11.82862876873031,12.358969735082598,17.975747103492257,13.149373751054464,16.745131309945787,26.334646194995983,25.608584825396893,18.90598610857835,31.47304559195409,26.853872846882375,28.5455091978286,44.48324459072903,15.631071966344566,11.215741014841461,19.16842620581303,15.368521872279725,16.003228134735323,14.802281701552111,13.200245503070015,9.562343066158023,42.21038398301986,24.03401541281574,19.986142990094848,17.160428188318324,32.18031466256375,15.804068372759357,21.940285242544128,25.191133278159807,26.374622634579545
29,18.015060483286067,21.490789779655433,25.08073407672289,13.758957814361475,14.942955260512132,25.543792471324696,17.185719079222192,29.006795119072834,15.670181029719044,23.319105168667654,16.312426427932273,12.608205188623641,15.070775376266036,7.147243086470756,8.940348114315231,27.39300931003189,24.294308831469785,9.332211718414126,19.03462277496764,19.238974803403025,13.541077071319162,14.286701496666751,16.06788094100239,14.316894409091715,17.649789359598444,13.434343062966377,11.94672923611429,9.237323885636261,13.333741451177943,-0.0,16.80663160318502,19.23035683986739,17.987668194140923,13.318140723556956,17.286089038873428,14.357856820822201,17.20606300063344,16.538286709440303,20.608925218433466,27.78703797140327,14.28804941981406,22.033000479058543,18.638633162985514,29.865930026247177,26.383971737394692,24.762061938032243,9.025915727644371,13.944009177340051,18.216781138422274,16.304256481537482,21.68182851023712,13.880465019321687,13.045361721318875,14.269033325579896,31.714337553367987,12.252318422003405,15.318778487940213,10.188161987268554,22.28630400995849,18.594919228683843,18.98210054373129,22.501182879366965,28.70144179355584
30,20.438874174552023,20.737165270866033,14.48710215875467,13.387191223246393,16.39224446292752,13.971434882054593,13.986603298672216,14.319602724195082,19.99717311255915,17.527056098114087,21.64829144223026,19.986287443773698,21.565052607495375,23.926936463676505,18.32204317519921,20.87204527984278,17.814810466029574,19.65444826260699,19.0057373346973,11.20069763864184,12.361168752231173,11.400847245404478,17.610419613292862,18.40039631678572,15.83737990062448,16.71277557672273,16.715456033731527,21.897836832400777,17.812177076781854,16.80663160318502,-0.0,10.873113709820927,20.069937809587408,9.308093477496428,21.80936962701549,20.586479264251874,14.017221305302716,20.35131120957816,20.63657388883966,30.49883527085985,22.84605807813509,20.361909735859946,30.321326892327143,15.685511796766155,17.601908452466407,27.925467911647562,17.79704770919074,26.164792006373744,18.396984647169766,22.404562444528256,24.849413126799277,20.133976845136786,26.20279707111124,22.442065365268874,26.050436875032993,23.507060276759002,21.567992960207857,22.908384464924836,17.02354775529353,23.991940697892062,13.786149240973975,21.477312659335556,20.422192844637703
31,22.438114385448124,18.430975657505282,16.73741553236211,11.697180702436098,9.769817885267212,11.543977132986216,11.488651768869945,24.97232413468133,13.91101618027722,11.278647915826163,16.65363104806327,19.0403529315174,24.904411225507484,21.5031645008889,14.074379774699288,23.194659589684424,18.986247158747634,21.21314867895217,19.454323676805643,5.596975749540808,16.088872264457418,15.424766298247475,23.168899412794968,17.532342905543285,12.440705807946333,14.391648581403219,18.367222318800874,20.468506258022657,16.931423445376723,19.23035683986739,10.873113709820927,-0.0,18.5807511280102,12.173658801805155,12.954765889870671,18.329925386672652,12.623541740936616,19.400923224771745,9.938978335329368,34.63632144600216,18.53697064333294,26.065922057864448,23.777013880969292,27.19033689208815,20.08239453592093,26.76324820747616,15.816122010507256,24.446388169476187,12.902862889445542,18.84834021865356,20.64258531235996,13.77577639650033,20.607338059101995,23.00838193357668,30.359930311753583,21.909775326132067,23.640732793919543,24.65039343141273,21.15305334400623,24.92955432681861,20.47491376738378,21.71362541520131,32.59085814267919
32,16.131223597483146,31.8496094250016,14.132148509562619,23.21154850668407,18.234684748563453,16.960760078207134,20.300105327317727,24.911026663979456,20.368802784116763,23.587083922904725,11.381219476911143,21.081301070501603,23.46675674798949,24.21708791043424,21.41576036387435,28.704826379770648,37.87101005485007,19.129828424732864,27.04713956467225,24.084141649712095,14.234220659767331,20.881960929156378,19.92534141403528,19.70875350438135,27.969970107770603,16.58339324147057,13.155585538345552,20.216974941676156,16.372826050697793,17.987668194140923,20.069937809587408,18.5807511280102,-0.0,12.878832122971179,18.16139953950627,15.93775539017646,20.416282582782667,9.734199765218552,18.27449228131461,38.7936930544436,24.686501619398552,21.494305215001752,24.77914585528535,30.1275527182488,35.262693044647534,40.664497198879864,10.611976863811943,19.481102798755483,17.47394018602868,11.039063196941848,17.368619238680694,25.549308044746297,11.912985956345684,19.25913159609685,35.167182298124764,25.317229478021105,24.511513402661183,26.657798473402213,29.63977882766126,21.91412280956195,21.118725483100217,25.73018047699745,24.58402950551231
33,17.149305492610313,25.04564917075925,15.948061748945614,18.36028993768571,12.251610407115871,16.13993310114008,16.680318051454165,20.579197401291385,16.097824678131598,16.805556891117448,12.40640719419765,9.246475172167635,15.986933929724362,22.22681788736603,19.41975148434824,28.74983348093156,25.955576877616142,15.679909026292748,20.882740826918443,14.229517120063631,9.969032783068137,14.284523116359992,21.183303207630058,13.06194977828435,23.943265118530483,14.588713360097223,13.330323548951267,18.273450450203907,13.304405473462577,13.318140723556956,9.308093477496428,12.173658801805155,12.878832122971179,-0.0,13.629711481198047,11.59116624246683,11.828859462258665,15.882663186577231,13.735833620646819,33.414602783670276,23.296525109165636,24.107371296271427,24.788556150875024,21.50986268715573,20.664851806438325,27.001959197967253,10.34432894902604,16.034908615638166,17.13684567089695,15.586290695276135,18.654199506279664,15.088469086841634,18.380381017858177,16.88501599895924,35.14849498653721,18.658123379875065,17.584174261949652,21.256375502540568,17.666406720365202,22.670518080208023,13.481400528345725,19.373317630473938,25.927821514036296
