,0,1,2,3,4,5,6,7,8,9,10,11,12,13,14,15,16,17,18,19,20,21,22,23,24,25,26,27,28,29,30,31,32,33,34,35,36,37,38,39,40,41,42,43,44,45,46,47,48,49,50,51,52,53,54,55,56,57,58,59,60,61,62,63,64,65,66,67,68,69,70,71,72,73,74,75,76,77,78,79,80
0,-0.0,1.9378028435824282,0.7473302778191577,1.5703057413671015,3.0010527605148867,4.755400398395304,2.260349005487119,8.66013481309564,8.949893727330117,8.160687813784541,6.419714133087509,3.949686468681152,3.6508597494221715,4.443566785304785,4.475233370921361,5.34118034617329,3.377977708620759,3.197692641931171,5.949017516590676,3.2255894666917055,4.2690217365543,5.671582290542033,8.8717643153466,6.51811612968737,5.500553334371089,3.3029549301163845,2.8214460157453645,2.8864327202749136,3.7583375798057417,7.548991554792363,8.490751405152233,8.196837471417705,12.08252799903282,11.608107037419565,8.04598208150039,9.727159362787969,6.4999548307957875,6.667327985354813,7.038898200222154,5.91189063654302,9.269951300626333,9.272061044621124,10.565611044297022,8.583318972052584,2.570294906968113,6.920225288728384,9.383522625090613,13.358426165126351,5.13781014518312,7.443262979597411,8.892763910046872,6.058722280434443,9.59887422999548,8.791871266752134,13.369758824164645,15.760737644315476,13.444789244855835,7.274702448290036,9.927764468136498,11.86125591379717,22.12817240163878,14.166693735028904,15.939966384549578,19.308084390897985,17.72049611239116,11.931837222460612,14.976693505828527,4.484081485458572,14.959540651705023,15.774037280565649,18.24362008832489,11.977744618134917,8.043510758921823,8.342117869210126,6.432279605905332,9.594380235511249,8.244888645398749,8.496981926320853,6.891320783542243,9.971854742377547,11.65700229781977
1,1.9378028435824282,-0.0,1.8188627091451466,2.7649841960852233,4.43217710080934,6.411286778194021,4.404158673011934,10.885422572375711,9.20700839277042,11.230111387980351,9.602898837774134,6.071089116023114,5.7278067867687446,6.905780811909137,5.9602460653407485,5.4308147091752135,3.9161899825651916,4.362875058256027,8.933878291702145,4.578353693258603,5.9104217316967365,6.755687999018455,8.591145251101606,8.72343326910018,6.537635200658365,2.9306591151048567,3.452095972482583,3.475524639671618,5.073862463407868,9.526248107772156,11.470481317822255,12.39107132304342,13.20372858257694,15.684636345229864,10.467399427704096,11.738523787337998,7.372184231466076,7.8595730674690545,7.580969701539421,5.864293244571795,10.513409051628859,10.432581932170297,11.168482900210929,12.491318746842108,3.54722293358435,9.175900888416699,12.690360618197593,14.521453874747264,6.100473056600844,11.751072572153978,12.466601442638606,6.001581057617388,11.652369611327345,11.824689094214975,14.873175968953129,16.31068469820139,18.5002792468051,8.863181007390025,13.445605703844041,16.118528023357445,30.188352289126584,18.970082990977122,21.367228936618318,22.25356219378673,24.414046258503955,18.25722412641907,18.888463566177183,4.527050970275503,20.514222325231547,22.491744157997555,26.333501296615495,16.56606946161138,12.376747568363609,13.659265121093203,10.578922005016022,13.475607336254493,12.808121306319775,12.821567095787925,10.656055194888108,14.422997740389274,16.731075015760904
2,0.7473302778191577,1.8188627091451466,-0.0,1.5712479606865175,2.7904389334213024,4.229611025877269,2.342080349782196,8.810686196247778,9.321015841254342,8.339503460200975,6.519318984099915,3.9994361982512645,3.258116371120455,4.5258402461537,4.71308164960375,5.209955004201217,3.0923025252101155,3.124192071342276,5.952273739690847,3.0687814103574853,4.32053907748578,6.3349461146517365,8.836684333587094,7.112332544849194,5.6163919527712105,3.116669821596982,2.6342050238066923,2.8132114070680974,3.6851521567784373,7.731298923558247,8.943914974441048,8.843734556980404,12.839209927747085,12.06615136490487,8.354117877228173,11.18975515454174,6.880034713593229,6.507973143015446,7.233693433395264,5.555582969738018,9.613583022535462,9.94655363395014,11.202424904128003,9.1503077252237,2.530944028826371,6.866555664470759,9.8052391454075,14.672558655151919,4.975815698461716,8.557615451329939,8.355454483098423,5.3658342922335205,9.721714157977795,9.123809516394529,15.087468546628424,17.797309903465237,13.84016996080301,8.039965329014075,10.534942182282364,12.832567313575996,24.38463650836291,15.346904548213,17.177812625393866,22.346737678951616,18.210864451122415,12.8541278067575,16.508537337681222,4.0978702277774035,16.587679949686308,17.23644701828272,20.322556075075337,12.843207147842623,9.10429616221888,8.23780152875508,7.274103773982001,10.179251202737765,9.782843394799942,9.390662767156206,7.674027678051001,7.424348584650055,12.335162584726222
3,1.5703057413671015,2.7649841960852233,1.5712479606865175,-0.0,2.4813825766560664,3.856176292403969,2.085501069721285,9.276542458675621,8.11334239970057,7.850235994679823,5.527905668403398,3.54592604334382,3.3184212872221495,4.068318975792534,4.02814052180119,4.702245301100264,3.0268571697992606,3.078314801325365,4.868907223689135,3.0139047818584084,4.015545881544413,5.953533125876029,8.004576385673513,6.24333359291227,5.311433120496317,4.202889993478618,3.394362249024592,3.168738298589754,3.6439941801930793,7.494366345708021,7.988578241977725,7.644180147302888,12.059395387287795,11.541660186074386,7.638531102484079,11.537148624187454,6.129481976677384,6.673911877433279,6.754896582335299,5.651134133990807,8.552430022067805,9.389053471054357,10.648217658453797,8.00964228094127,2.83408188512158,6.4166919932753785,8.910336795846078,13.2092486723196,5.017107611535059,7.002279413896242,8.704702860862431,5.679225958337365,7.976210140098988,8.555291858607688,13.157268844784237,15.771468656579978,13.115517047766687,6.939467747251257,9.753846916944758,11.67633517291569,21.45527897343801,12.502712522660284,14.90024033003428,19.208464702097885,17.710751670092186,11.855769211234383,13.79158350327569,4.511330292010126,14.469388381236822,15.625808162390605,17.73651377068699,11.023481163259873,7.789185636057556,8.282834382728945,6.091828062608368,8.659593032799053,8.03955268489219,7.652311631440686,6.0053346958869245,9.820708452011234,10.361276108507932
4,3.0010527605148867,4.43217710080934,2.7904389334213024,2.4813825766560664,-0.0,3.0618745675455536,1.571463571561666,7.906860478759419,7.680610179934614,8.424059367345786,4.993926681363797,2.126207826709095,2.460559848946456,3.7358926718840553,1.858473718040679,2.7548772427011867,1.0189920143982918,1.9257099712182415,3.700385966144743,1.4261289533574106,2.675728674166857,4.542110653093481,6.348501260036744,5.6568253671756334,3.25041293377115,2.777462636083652,1.4167281987581817,1.9048151885266045,1.9070847009166403,6.696843341551528,8.281173631919337,8.761607956340008,9.361728528519771,12.845059916875606,6.963212102728839,10.746651276067771,3.6031040201059987,4.277327955172938,4.366510189560009,2.965255160697802,6.046202744301817,6.996775030571131,8.369353286234542,9.359257813023563,4.180671846328531,5.6465273580039845,8.79951100635709,10.20484531140732,3.998125126663752,6.132320629319508,9.35436976131494,3.9220556830402358,7.1237422990753485,9.042745591398955,10.91883356633059,12.069476563003409,14.595515767577915,5.415679494083983,10.720388217055886,13.304737909561872,21.26704429846033,11.06260822256129,14.236133701565313,17.237885360136364,20.502479610404926,15.515973957665194,11.924202369516884,2.4238233806259406,16.62457487268872,18.439717648561306,18.103424750032822,9.58007578531232,8.363674117254455,10.576940846337745,7.1341323262597065,9.381449911862086,9.397016810788,6.92176389815588,6.6388498921303984,11.555093213432356,9.930184646241221
5,4.755400398395304,6.411286778194021,4.229611025877269,3.856176292403969,3.0618745675455536,-0.0,2.7229309916617943,5.817863379245772,5.644926262039707,5.828906798899968,2.898821653547833,1.611634937702743,1.705531627276173,1.6748032050153598,2.511346914622919,1.8074622796080997,2.457186465801017,2.817907073944164,2.1768054046679097,2.000212649049236,2.3053999646375987,4.951892628543627,5.056494147993908,3.4580939042616694,2.2204217314783357,4.89750181593594,3.270656100070153,3.5247779174166682,2.875737258350866,5.076263014611989,5.089704580471606,5.320835942825729,9.266997525889135,8.918084634585469,4.215921298820101,11.787088062900425,2.816756072285514,3.0018456007599554,4.22926126116955,2.664835135318514,5.552608478863717,5.932077308558804,7.158877611080627,5.783328327636326,5.916865096888762,3.6476830210339335,5.780450553803748,10.919576108542604,6.8628108150671,4.330922421116817,5.515906367386387,3.7965273332140628,4.969079113341261,6.662934178206523,10.427089018113564,13.422062276332435,11.051951338262079,4.746188988780953,7.930653754973779,9.23896936730572,19.63261214264863,7.591163683844578,12.895502332494988,16.887245525092627,16.58109531731207,10.385711512473126,10.381367863836768,3.9885534235156586,13.316953460984992,15.251083120116698,15.380693523963902,7.733100384803142,5.315804042152121,5.4542738581033685,3.7126786741676674,5.088710263857306,5.8404306536927555,4.664118858793837,3.781400573808882,7.48502866452376,5.659915093050241
6,2.260349005487119,4.404158673011934,2.342080349782196,2.085501069721285,1.571463571561666,2.7229309916617943,-0.0,6.9790771322482295,7.505031567208418,7.345720340156115,4.544532935195262,1.8358859137602526,2.155367279299725,3.0723762664762733,2.439824579099272,3.015475270910107,1.6960518891447947,1.9118418239135113,3.669231278736722,1.331903731136936,2.3264498541751224,4.607768149384729,6.61606426890824,5.2158583719370455,3.405245649599171,3.4661853789182837,2.02913668476205,2.209651066683774,2.408229528007227,6.378720454875126,7.481422003465185,7.574212488507331,9.92945743563851,11.355213441711834,6.535070277350112,10.470499610755418,4.126526244005912,4.12089281114142,5.159641561859514,3.4788256571636134,6.949389948131991,7.354007186377096,8.613043420504603,8.152523638504286,3.893314869145557,5.555323415623557,7.960056985307477,10.998104893589709,4.5873553946219054,5.775718155139021,8.382699342930488,3.9481596227379874,6.525500922301617,8.027045089530908,11.369946276763867,12.952383354132307,12.909056909060618,5.570111107362279,9.347417422473665,11.686643573837657,18.20595398007342,10.554538029436909,12.496829845832266,17.32750789303891,17.549378146943674,13.155881583936614,11.13407787910403,3.6340136346035794,14.611719055999723,15.76378609366442,15.256338744799544,8.613938639877428,7.10269039756441,8.890893772331491,5.922313905584895,8.612480711126727,7.950224284392082,6.4571881388871395,6.04668165342567,10.098680808196299,9.419328144778273
7,8.66013481309564,10.885422572375711,8.810686196247778,9.276542458675621,7.906860478759419,5.817863379245772,6.9790771322482295,-0.0,3.5940025917830796,1.9826584016841524,3.8509259863003997,5.1516228584922175,4.972609472374663,3.992601834129759,4.899726046217706,4.708602968883015,7.475953352206359,6.5969183964226445,6.576315995311113,6.365235041004152,6.278255647823083,4.39129422623075,2.5709488258058983,2.1712837981335236,3.9430584882314896,7.612842775537192,5.358713260216523,6.425054799293873,5.548144360310531,1.2950582952650744,3.060225928023348,4.275771853034491,5.481437130704096,5.174870861997542,4.124787785958738,10.978495539846424,4.069626984523456,8.318841446646971,2.492633960300342,5.762413388041257,2.7732185564251544,3.2592842053202653,3.3742209933993554,6.175631125264957,12.930813020903367,1.9483620806797026,3.6689077339977056,8.115492145421063,12.357782170004016,9.172780099834709,2.6627174668002005,10.235942375988975,3.527969663347649,2.8735903838136756,7.68294815704025,10.232995758626597,7.152876464158427,1.7290728388270789,3.777469462649308,5.946864469357839,16.362911232042425,6.67862008733672,9.369666027801705,15.007569144834955,13.514906616795237,6.10857497855922,7.303202328250545,8.13903761408351,9.192277094992175,11.270766505548591,11.858814275232172,5.103017471748146,3.4560976990142804,3.947098266811786,4.668560424365564,3.9601313294783704,5.414447540190466,6.188179838519312,4.379006298833846,10.298635022430853,4.665926616898696
8,8.949893727330117,9.20700839277042,9.321015841254342,8.11334239970057,7.680610179934614,5.644926262039707,7.505031567208418,3.5940025917830796,-0.0,3.231882521723275,3.160672181184591,5.277924228523567,6.468593245988572,4.400864065254105,5.513237500274348,3.8898270977494667,6.363797674736031,5.8180846786722435,6.181034561486625,5.573048826488301,5.519537173444923,8.056646247137074,1.6496809955228593,2.3962849330483578,3.7565928462514337,9.461734134168799,8.207489752875352,6.925194478852992,6.019600769605846,3.02817651737471,2.0844069092164963,3.6512005162864773,3.740716108481115,4.4046704879411305,2.957729120495126,17.165846992161054,4.4360235565695945,8.93905074998961,4.6002684352890615,5.809661065523169,1.9437963519989163,2.8153037154181617,3.456324176815192,3.983198416841081,12.28575901404072,2.6172040561747534,2.309888058993297,3.46078854879989,11.327653231484447,5.5609085796919615,2.6509295381681834,8.434239653331982,2.211317275331993,2.604767984436818,4.690790654054252,5.8194400119041605,6.160540130388878,3.000716684163657,3.8228103810598295,5.0598544921611,14.9053745251523,4.371531774344779,7.630597793671146,9.863190540060362,10.810779268326524,5.5429340749044895,4.687327862328849,7.747730602866276,8.203325758928907,9.406648437405268,11.147331463057826,3.7797291021370576,2.699077415023883,3.5350117043936935,3.9354342653565184,3.317926464095871,3.3681087915232277,4.858638159424175,4.760828481917516,14.138657461196527,4.673571835953733
9,8.160687813784541,11.230111387980351,8.339503460200975,7.850235994679823,8.424059367345786,5.828906798899968,7.345720340156115,1.9826584016841524,3.231882521723275,-0.0,3.157815323165628,5.796501720291835,5.7009227210607145,4.0812575791606385,5.926061465006453,5.725454002086346,8.470884225109662,6.988354505088253,8.390744801066404,6.763103728685495,7.04221146839808,4.035512814236768,2.8520067861470917,2.1784410346669407,4.907159660469276,10.435899808478695,7.41488084385656,7.319959706927998,6.660162605561678,1.64116640589278,2.2195780558128804,3.016889950033401,3.6611820460148796,3.9662464972733598,3.783885735982016,8.751388643344434,4.37240576537975,11.655577648111795,3.515952001277263,6.393636497362378,2.9121661930350715,3.106142954650934,2.8130822335376116,5.932504136238044,10.293742641421474,2.3692832909941983,3.5663202995191736,4.445649908007365,14.716493955424617,8.00439791711469,2.7181942984174063,9.795452205726448,2.64814639413344,1.6508205901400699,4.508047585671475,6.314105842216378,4.879988942169221,2.0953181347931276,2.0346098808266344,3.881749300397842,11.704546993836658,5.271894420237742,6.910408696426327,10.5432292729363,8.58818171607063,4.205281964512927,5.808936121646214,8.511639814157487,6.149611236145211,7.004317620818516,8.932466460468364,4.060950906762499,3.5690509797100445,3.714451981305671,4.686783888133056,2.9830082131852405,4.278015701658006,7.176368842003478,4.701167272327892,13.034546342435473,3.8721531211271176
10,6.419714133087509,9.602898837774134,6.519318984099915,5.527905668403398,4.993926681363797,2.898821653547833,4.544532935195262,3.8509259863003997,3.160672181184591,3.157815323165628,-0.0,3.2057270619928597,3.3952843785742113,2.0379821319190845,3.1063991258160706,3.140940176685184,5.569301135216901,4.6136625208816255,4.854238711158992,4.390427848798078,4.162909369048698,5.335303984318933,2.7778401920544393,1.6309233562763006,2.6616848879450807,8.035348011674959,5.3957253307871405,5.490493165343646,4.600897556197978,3.131864887113357,3.1725481539276137,3.0083921986490436,6.24215171049204,6.404429034774188,3.13524346297608,13.518821192199708,2.407094012299375,7.699068417417861,2.846975054086895,4.305356579473164,3.014593024874106,3.8529745813148466,4.91928334078876,4.4140286166112,7.565281594714205,2.066707855533078,4.018657312469895,7.055478494416243,10.526054154664285,3.5360006547569376,3.9370736334372127,6.99683513845079,2.359715116484597,3.6426075597256626,7.695819699316062,9.860716083512555,7.346454964206572,2.2187893894722674,4.74451215349646,6.714216679622022,11.69557194933096,5.035257872003484,7.249074307791969,13.788060903254747,11.110537714592674,7.0858182564794365,6.619186987049415,6.2728279948524746,8.72435334440444,9.255704172606778,8.96975879401643,4.289558303139801,2.4363012650861036,4.419430995520914,2.7154666592129493,3.7857968891651903,3.60472560029066,3.999407392984264,3.11189644816568,10.289354763366655,4.134511781429451
11,3.949686468681152,6.071089116023114,3.9994361982512645,3.54592604334382,2.126207826709095,1.611634937702743,1.8358859137602526,5.1516228584922175,5.277924228523567,5.796501720291835,3.2057270619928597,-0.0,1.3779306041709367,1.4089547291646807,1.3568552774081144,1.5251757993551343,2.067849075094177,1.7045841477070949,1.62259163443815,1.4959968665806103,1.613828553671703,5.258285348789428,4.760342159490854,3.7183581015568197,1.8801029947664178,4.441330272351579,2.905573618347685,2.6582754828099873,2.121181100909602,4.8355821555321095,5.816570632509097,6.138100752071749,7.791688955877501,9.61226831293405,5.2062616777003505,13.603663717190999,3.274521376342721,3.9401487438747833,3.810140094666359,3.3293333846371262,5.29723096190546,5.6862424339097,6.5062396708628745,6.726085047739446,5.985043942853047,4.058790256143792,6.536952550438369,8.374830832305275,6.045933595451858,5.769221730238785,6.448663527646316,4.695990134393942,4.957305398621635,6.4599867486395,8.763217894908061,10.260477576826014,10.895113363083517,3.836353691602729,7.703860158509853,9.801059072964426,17.572133098695907,8.625358285652393,11.540330785140606,14.865122076301095,16.048559511959997,11.32866262189278,10.197849983911397,4.305293726133441,13.197905620611403,14.60568755489365,14.592994902335946,7.506897006132244,5.648532884294831,6.735417912033169,4.193229745873187,6.374686292491133,6.376680513160037,4.609450720561757,4.013635913748511,8.419484287048647,7.128226125616204
12,3.6508597494221715,5.7278067867687446,3.258116371120455,3.3184212872221495,2.460559848946456,1.705531627276173,2.155367279299725,4.972609472374663,6.468593245988572,5.7009227210607145,3.3952843785742113,1.3779306041709367,-0.0,2.004324932051538,1.412710444656593,1.918743998416181,1.749216915813887,1.506308215745778,2.337363065811269,1.1363625250658176,1.9591371894361456,4.205592580827763,5.643989786554329,4.628190199709097,2.12835369828061,4.359444807412326,2.6626458541613247,2.2774802913783745,1.4124857453358663,4.950713149304615,6.605922659698223,6.7555452483005345,9.044197346113384,9.718783648721752,5.540923019809159,10.94921426616721,3.5484268492406263,4.029936846555113,3.817191063709898,2.8606713951838336,5.847566240337316,6.19246573231615,7.56655188319096,7.5978699633627205,4.9556457759288906,3.927385808534949,7.135067205162361,11.16758326406346,6.471223328287392,6.399207964470572,5.16173445153738,4.514426995556543,6.658437765081637,6.335097024396784,12.307615974101008,14.766051669746734,11.119854643796792,5.136676385965842,8.032375497520226,11.039390372909882,21.948747260115592,12.26619542992294,14.221661041555844,20.637560271439778,15.658048897151188,11.142704691039334,13.6043605730006,4.013664377269082,14.753886601671883,15.252480183397648,17.874355443472087,9.370344659511249,6.256828951629597,5.9628570944665595,4.871945441433089,8.185868086998564,7.741954330802142,6.207317992563418,5.814055196572601,4.757735126844081,9.608432560669272
13,4.443566785304785,6.905780811909137,4.5258402461537,4.068318975792534,3.7358926718840553,1.6748032050153598,3.0723762664762733,3.992601834129759,4.400864065254105,4.0812575791606385,2.0379821319190845,1.4089547291646807,2.004324932051538,-0.0,1.7342651426199256,1.2289022726036662,3.216852858463806,2.6541946773126615,2.415749728664,2.266139076200442,2.049987733476623,4.9638458279449225,4.044996007548132,2.547524297649442,1.5633978872765912,5.23535289743834,3.395486962822079,3.345337624154153,2.617570068314184,3.749571612407726,4.312928071733654,4.21405091610479,7.942918899136826,7.079680167680266,4.204452947053714,12.558420256339998,2.9662374481381084,5.127090600502384,3.3880923708819233,3.6706372173686854,4.671158140037458,5.394430129870578,6.2563478126605085,5.076707915018603,6.361979569599136,2.919880134968034,5.063126712719528,9.382949702938404,8.401729056922006,5.005804545786681,4.602041070665013,5.889840738623738,4.08607670603467,4.652997303022455,9.498778691248193,11.764558688661266,8.550295461671976,3.4599830069729536,5.633471779236041,7.475632046512569,15.352899851800846,8.048139058637124,9.76270604837521,15.254458312464608,12.245179157934752,7.355187934517331,8.515518106138451,4.630680896574418,9.792607011372494,10.601494782193837,12.026913245725963,6.30362629627883,3.2976610448563237,4.446266749576712,2.4067159728604013,5.113076111734811,4.0593083515225326,3.5735342808816433,3.217019056259502,9.366501493229723,6.487053009235878
14,4.475233370921361,5.9602460653407485,4.71308164960375,4.02814052180119,1.858473718040679,2.511346914622919,2.439824579099272,4.899726046217706,5.513237500274348,5.926061465006453,3.1063991258160706,1.3568552774081144,1.412710444656593,1.7342651426199256,-0.0,1.6484130521614728,1.747420188413367,1.4319320209155801,2.0672418319334844,1.4981596486647888,1.426507603771313,4.1845009820187515,4.849587015018413,3.5831244457388736,1.8496243516433322,4.4585721477006075,3.0592149646869884,2.3430857875760194,1.3916369431935542,4.5380288583437,6.043964878111262,6.252339506284209,7.37393377638569,10.120529082795036,5.388268395165266,12.032611676789836,3.1030983850656835,4.531639607459284,2.993610934015934,3.586758621942143,4.782679860396598,5.30587040339665,6.3763408315750265,7.226383753804836,6.579194169007143,3.892881034440868,6.705538515963753,7.807952705527228,5.813562821186683,4.965989287803641,6.588381136698296,5.667481412156415,5.387129271179442,6.604479806945105,8.558104009582149,9.62369991955664,11.920312952288224,3.3563019415339808,8.071337912567524,10.447245149613831,18.788601966151234,8.784316051853937,11.9896470477868,14.752015340724737,17.721351503382692,12.039097261398801,10.373858743929063,3.834419086117684,13.938816702428227,15.556818970622144,15.590473638420686,7.774112857614272,5.429736544895983,7.419629944006557,4.176769995427696,6.918036588152002,6.3365003846324806,4.962018598098899,4.001583451581263,10.06640046466954,7.470843495690072
15,5.34118034617329,5.4308147091752135,5.209955004201217,4.702245301100264,2.7548772427011867,1.8074622796080997,3.015475270910107,4.708602968883015,3.8898270977494667,5.725454002086346,3.140940176685184,1.5251757993551343,1.918743998416181,1.2289022726036662,1.6484130521614728,-0.0,2.0205447321549164,2.587187129239147,1.6433018612446537,1.9325244324317252,1.8539572400408189,4.13676192723237,3.5442505272967124,2.7883670385742487,1.0048011755147308,4.898089867089956,3.778086993860368,3.5661565905368247,2.554922369589894,4.042509044481026,5.3547520627150345,6.148574011241345,6.715055933886647,9.588344107392002,4.8414861835175405,11.354663229257554,2.7969106564204433,3.5876592190744083,3.205024765634501,3.475297296318002,4.066035030005169,4.920962046644781,5.243691160031292,6.552605871553838,7.767389677315125,3.0614182238414953,6.2987894957862745,7.332659627423537,6.010566144703631,5.809022940836158,5.859795719345886,5.684892019002686,5.400095639268425,6.47994032386705,7.964407640458833,9.123330481947484,11.949454967053924,2.9831018619316603,8.003922961205037,10.161214917905433,22.231255411743472,10.099049076585239,13.81493327875373,14.299559587793473,17.982261102543678,11.745548980492881,10.340205511557151,4.584341451679186,14.322553718147448,16.341662680081352,18.353077229533394,8.846340218132733,5.253564851529455,6.786075360252564,3.6282589999011705,6.450222194819865,5.691974604749724,4.614672609668373,4.062291439915978,11.408658931301346,8.401798150064097
16,3.377977708620759,3.9161899825651916,3.0923025252101155,3.0268571697992606,1.0189920143982918,2.457186465801017,1.6960518891447947,7.475953352206359,6.363797674736031,8.470884225109662,5.569301135216901,2.067849075094177,1.749216915813887,3.216852858463806,1.747420188413367,2.0205447321549164,-0.0,1.3397882840087412,2.9580529766752197,0.9747655740360276,1.8901298266955524,3.9329862443981263,5.559858844036685,5.145991848232518,2.5417112741451984,2.9144568370086734,1.6786315442738304,1.7471676917423657,1.4402075915299344,6.294698029987454,7.868555233239241,8.843522443821541,9.157082682563766,12.63228625505821,6.916191242066998,10.140728852681532,3.9543195025739823,3.8274122075408834,4.014791542716543,3.5034011433323653,6.050486594395977,6.739124132791353,7.217520047598139,8.756712902200569,5.305525853378718,5.303214997669778,9.020992834882216,10.04973586612847,4.403980921886785,7.29324340325314,8.756094041617395,4.956675256792895,7.896329262301321,9.449008345602849,10.065886381286873,11.845743878781152,15.222399615221768,5.1191189389478495,11.118277509309527,12.936431017689424,26.27737485551881,11.705076277443684,17.519920258637118,17.033076712409134,22.588817853869994,15.190153571360637,14.198675866765209,3.079751717607911,18.152643359887385,20.718208015175357,22.07489785642809,12.032086355524383,8.73689318177013,9.405596086712606,6.495981700725165,8.02400376713835,8.984765893439869,6.775264805553217,5.2685211881283,11.376533031725689,9.417311449031367
17,3.197692641931171,4.362875058256027,3.124192071342276,3.078314801325365,1.9257099712182415,2.817907073944164,1.9118418239135113,6.5969183964226445,5.8180846786722435,6.988354505088253,4.6136625208816255,1.7045841477070949,1.506308215745778,2.6541946773126615,1.4319320209155801,2.587187129239147,1.3397882840087412,-0.0,2.8124922745140775,1.4722576987595828,1.8386074788462232,4.147689486319959,5.505887754778779,4.645236518066884,2.4796065306186854,3.1839230653720962,2.144051640460144,1.44932738938901,1.0280041088504233,5.349415308958548,6.871620813946892,7.291145368207779,8.081303832076813,10.870556309349213,6.391571921947942,10.916442878722652,3.9472132222167584,4.578189611805075,3.752921806797609,3.6658269787674858,5.604527858893615,6.357555054136741,6.663205308863543,7.729980833745786,5.156378441672593,4.667112891904231,7.709428286790063,8.696149940264542,5.614062928293991,7.16854385644413,7.157069635328141,5.2276763953094765,7.052619872811329,7.874672539641135,9.364027084948109,10.41053116791618,12.84337901475579,4.102706339653677,9.221841638164458,11.219562660591698,22.154096070240616,11.727584677949931,14.690671472393285,15.248410820186253,18.320618902305462,12.40602847425515,12.601856277765654,3.988945632527976,15.514432222616138,16.822792438369802,18.522146507140736,10.038057200972583,7.0505286599656145,7.4784329661046245,5.00845670895617,8.085057290029727,7.257180250303528,5.941743616210488,5.025325823659326,9.239181250989674,9.77095210520459
18,5.949017516590676,8.933878291702145,5.952273739690847,4.868907223689135,3.700385966144743,2.1768054046679097,3.669231278736722,6.576315995311113,6.181034561486625,8.390744801066404,4.854238711158992,1.62259163443815,2.337363065811269,2.415749728664,2.0672418319334844,1.6433018612446537,2.9580529766752197,2.8124922745140775,-0.0,2.620508652417565,2.094311586792263,4.470555335741093,5.2177224877929955,4.3245420306240385,2.0041910467115884,6.188653641072175,4.2490604741293225,3.928055885535517,2.505600751997898,5.967343157606334,7.242822343983387,8.359060484473483,9.413469034733541,12.569760435072348,5.810882766257882,10.849304646894174,3.5543751070374747,3.2565493490029356,4.157656329086545,3.680488412838927,5.726385799329739,6.181685952101697,6.4358876092225685,7.736660755667441,8.195357912847085,4.51903505419498,8.425826057064173,10.628079637354494,7.422102026052001,6.59168096328575,7.917991008688779,5.658957615571913,7.758959132859821,9.49276868734058,10.627208909800345,13.09902217395725,14.531586971604536,4.844626298362928,11.302140602422568,13.109256039540082,28.263737068938973,10.656527252885398,18.755160164946442,19.163590691611194,24.70593249646947,15.571119301419493,13.793473199600854,5.843297310377878,19.446708048694205,22.833764481999612,23.17313506882256,11.682775982195098,7.729399414929906,8.306258684686467,4.7873019828673895,6.6897738067167785,7.27540407241934,2.916396317361981,3.4757203446308296,11.421471383655199,7.797747291328654
19,3.2255894666917055,4.578353693258603,3.0687814103574853,3.0139047818584084,1.4261289533574106,2.000212649049236,1.331903731136936,6.365235041004152,5.573048826488301,6.763103728685495,4.390427848798078,1.4959968665806103,1.1363625250658176,2.266139076200442,1.4981596486647888,1.9325244324317252,0.9747655740360276,1.4722576987595828,2.620508652417565,-0.0,1.402573007296884,4.195886637496646,5.378837061332881,4.0601434936599325,1.9705914661984016,2.733597765807783,1.5763023501930629,1.7624221486172456,1.5632159189181523,5.119323338990686,6.4382922422211815,6.963407554207597,7.796838991036609,10.393968533018521,5.8360099958179905,11.315772212188778,3.3096920612344043,3.6015520715393445,3.645425059240573,2.8067379024092434,5.41662504992147,5.877106222542306,6.3558458039850025,6.942216254143323,4.947618588900042,4.320860993452007,7.321257447987997,8.37919027305059,4.666437863883827,6.26984093166082,7.130939946807957,4.304269539748522,7.4492056146281795,7.549368384996069,9.1507500195257,10.355024334197033,12.327679192040172,4.019151544454122,8.931626318889165,10.879019871074041,22.55870120091415,12.120357739393496,14.909657967466071,14.887288500455844,17.63729776218037,12.04387486457345,12.026927131378354,2.816449556917708,15.020680176607332,16.471754435822213,18.72445053911797,10.11830286741216,6.437268806289304,7.32096296273902,4.571683605741501,7.633218809553464,6.664799380156855,5.327903591914463,5.115521939536162,10.282255419851458,9.97698383579096
20,4.2690217365543,5.9104217316967365,4.32053907748578,4.015545881544413,2.675728674166857,2.3053999646375987,2.3264498541751224,6.278255647823083,5.519537173444923,7.04221146839808,4.162909369048698,1.613828553671703,1.9591371894361456,2.049987733476623,1.426507603771313,1.8539572400408189,1.8901298266955524,1.8386074788462232,2.094311586792263,1.402573007296884,-0.0,4.60175293083275,5.208227958630881,4.169752515233219,2.200663570568134,3.9627678931165096,2.8646923463073435,2.371418530347151,2.0459775065345305,5.814203344508174,6.8737873128862,7.464014031705439,8.613397214775844,11.179307560231317,6.39724053249589,11.915639148311053,3.9326265105125873,3.634998186517023,5.266769032367815,3.7544673171812293,6.0364522738608,6.9567390118442844,7.361294928586938,6.682568882008372,6.425736948334821,5.418881818705872,7.846318584542649,8.10984257121892,6.01509276950817,6.322121335302415,8.186604986410963,4.927738683506104,6.306916248709888,8.281157552783698,9.271518609947956,10.351145361873044,12.489797757787919,4.245392715634823,9.71914514271389,11.163945590134132,21.5871099837193,10.745827914301762,14.241789157788434,14.712564577298535,17.615194773144417,12.275922301527622,11.540097437368622,4.56180598687007,15.73833509664291,17.035776236835424,18.10654788213508,9.773055312185239,6.1828950617695355,6.904480250736127,4.228528832799416,7.193293631898336,6.315839257465935,4.389369519497244,4.344504712216094,10.438814759769773,8.683053802770237
21,5.671582290542033,6.755687999018455,6.3349461146517365,5.953533125876029,4.542110653093481,4.951892628543627,4.607768149384729,4.39129422623075,8.056646247137074,4.035512814236768,5.335303984318933,5.258285348789428,4.205592580827763,4.9638458279449225,4.1845009820187515,4.13676192723237,3.9329862443981263,4.147689486319959,4.470555335741093,4.195886637496646,4.60175293083275,-0.0,6.88622523331483,4.15764173225546,3.189982636427826,5.320848610414628,4.341320051693337,4.505022590660376,3.24682051685935,4.670721256419956,5.170703188677122,4.96529835770651,8.258717675996948,9.231557727426885,6.549214402870323,3.5125801872671465,2.7789886414309093,5.571556759769197,2.9797122824809925,3.820494278894123,5.922161931130824,6.065271937257929,5.384964469077987,7.946240706839889,8.693185269888815,4.88898804695679,7.256058230738576,8.086901822398277,7.732304003731694,7.088959192870854,6.662543941827579,6.165842683566097,5.998177948081145,5.92920933370778,7.9062250734932915,9.183011655560648,10.567133566838299,3.7125317279737082,6.944412665300433,9.2678661395064,20.05541049785503,11.16311004262491,14.79135182384644,14.679937833058395,17.27057179874795,9.815382019462808,11.583876812549867,4.322054276301458,12.575899641021964,14.779111667906031,16.020643047091955,8.254558279537218,5.702906059750116,5.530381646276374,4.846032211013246,5.430513801851053,6.159175945021592,6.651932218755271,3.8838747201329693,11.10836277562033,7.145630313147947
22,8.8717643153466,8.591145251101606,8.836684333587094,8.004576385673513,6.348501260036744,5.056494147993908,6.61606426890824,2.5709488258058983,1.6496809955228593,2.8520067861470917,2.7778401920544393,4.760342159490854,5.643989786554329,4.044996007548132,4.849587015018413,3.5442505272967124,5.559858844036685,5.505887754778779,5.2177224877929955,5.378837061332881,5.208227958630881,6.88622523331483,-0.0,1.8934650990725634,3.31808254307527,8.574341287350812,7.396053733719736,6.754885132250474,5.566480796448129,2.0398934396090747,2.333972969431279,4.001936306272674,3.472957733788768,4.967113864500654,2.5044980732280795,14.755984079920207,4.013527788933711,7.261125754659873,4.166944961498173,5.467530264572054,1.5813896142134711,2.197470441359694,2.706461200142186,5.658747753213881,12.243038446246281,1.851471225675944,2.8796698686215167,4.29581174695504,9.733865660084223,7.334035382455932,2.2662400242286402,8.029449095260471,2.7447891265310416,2.6165127369081156,5.013252832067789,6.075454779972326,7.438877911025684,2.823910465059493,3.998826119265656,5.7091815926017855,16.790003139810395,5.855756987308598,9.009075339664726,11.19658430702933,12.795701181760094,7.374780018117932,6.21653035542457,7.592645413916367,9.56286841418264,11.104784645836359,13.1278766901687,4.8039268759302365,3.155517234154385,4.798099189928278,4.319864447002098,4.418167517084431,4.434919137641482,5.267153771290613,4.96120613345203,13.746849891130072,5.760484410390363
23,6.51811612968737,8.72343326910018,7.112332544849194,6.24333359291227,5.6568253671756334,3.4580939042616694,5.2158583719370455,2.1712837981335236,2.3962849330483578,2.1784410346669407,1.6309233562763006,3.7183581015568197,4.628190199709097,2.547524297649442,3.5831244457388736,2.7883670385742487,5.145991848232518,4.645236518066884,4.3245420306240385,4.0601434936599325,4.169752515233219,4.15764173225546,1.8934650990725634,-0.0,2.2590174761138355,7.196143151378414,5.347710911522311,5.174665400850186,4.425836613594806,2.0302698066635516,1.9802266492523808,2.4583065300743847,4.723829111558964,4.852605646646001,2.272883417636523,10.748731885683789,2.019794718479436,6.45908258881358,2.3030786397795158,3.761373378195143,2.230883503420627,2.498710791993942,3.226014108576964,4.534179023072638,9.063943036758824,1.5568818006078509,2.6736654744030806,5.5057250999625245,9.869306076814057,5.120978142413099,2.688069952279376,7.1834394784983004,2.8164280379970874,2.6486523912152733,5.78234062928516,7.649953241316238,6.37140635379553,1.8256421829203766,3.574288224150418,5.127383563955809,14.233480298030752,5.89058632314028,8.43393175262021,11.192540249457688,10.298149851742197,5.607360979673522,6.411543577183901,5.632672191331117,7.869155644978714,8.779647493958988,10.748087116835999,4.499942175932847,1.7494248613278858,3.388454297234933,2.779579117836201,3.2452130342386303,3.052450999925993,4.009007368263432,3.401479627006544,13.694903696612137,4.588363433409411
24,5.500553334371089,6.537635200658365,5.6163919527712105,5.311433120496317,3.25041293377115,2.2204217314783357,3.405245649599171,3.9430584882314896,3.7565928462514337,4.907159660469276,2.6616848879450807,1.8801029947664178,2.12835369828061,1.5633978872765912,1.8496243516433322,1.0048011755147308,2.5417112741451984,2.4796065306186854,2.0041910467115884,1.9705914661984016,2.200663570568134,3.189982636427826,3.31808254307527,2.2590174761138355,-0.0,4.616781485185663,3.6505577539079903,3.142337569067934,2.297241499156646,3.443129201361431,4.613982269673806,5.224466159655636,6.037189162191389,8.409055935287805,3.817803172407366,9.77173158991871,2.1331489904893868,3.8938759878693325,2.465327514546386,2.5564184423743463,3.6956156207987814,4.0364485587076615,4.491395828968206,5.802989843634748,7.80736890443993,2.6115369779862836,5.4723656023192,6.400639940411914,6.168287943495584,6.37641861821831,5.021477095488481,4.924776247695365,5.383614828573827,5.676642276918815,7.324151656106516,8.308289562425312,10.427453371674796,2.5591946626331272,7.14532437616466,9.038316101647421,20.89051171645484,9.870222766364662,13.138531993921143,12.96878591290442,16.00791968004119,10.18308044679967,9.987683460420502,3.933385765549815,13.230761314089204,14.761688996727687,16.988432890744214,8.082517402296835,4.307962935786029,5.53685220199583,3.024631666237348,5.949687481779698,4.927464370728241,3.912578764194022,3.8212991379387438,10.464993748758799,7.97442145487407
25,3.3029549301163845,2.9306591151048567,3.116669821596982,4.202889993478618,2.777462636083652,4.89750181593594,3.4661853789182837,7.612842775537192,9.461734134168799,10.435899808478695,8.035348011674959,4.441330272351579,4.359444807412326,5.23535289743834,4.4585721477006075,4.898089867089956,2.9144568370086734,3.1839230653720962,6.188653641072175,2.733597765807783,3.9627678931165096,5.320848610414628,8.574341287350812,7.196143151378414,4.616781485185663,-0.0,1.3326613153221438,2.369234063659568,3.1439022635865483,8.063436621289192,10.10587446504007,10.14408793254329,11.751237955290524,14.267093766072323,8.290812900067056,9.124894085011114,5.857883577286,5.3285265287729775,5.994077570405022,4.058588767273865,8.396735508919386,8.428764888122394,9.412590761949522,10.633303056215626,6.345066060291271,7.070216257236676,10.711602737247283,14.343263389709916,3.9756588512865685,9.905722168787468,10.55339365031638,5.055079215076812,11.966089581713016,11.20231723001902,14.26777242780611,16.00369950322032,17.289350579428525,7.5170557787442975,12.885724465715723,15.393984617508282,30.319010035632466,17.079254872972644,20.782100534102103,21.76305683309863,25.30071868535749,16.984247803963097,17.845812804044424,2.3692278944442875,20.464632526589863,23.335518346391773,25.10173915002186,14.78008946703845,11.216663952647146,10.91177126107538,9.14146124009734,12.04007730205611,11.649195772885664,9.749356535342601,8.785341292671006,13.060448562357145,14.265089702264904
26,2.8214460157453645,3.452095972482583,2.6342050238066923,3.394362249024592,1.4167281987581817,3.270656100070153,2.02913668476205,5.358713260216523,8.207489752875352,7.41488084385656,5.3957253307871405,2.905573618347685,2.6626458541613247,3.395486962822079,3.0592149646869884,3.778086993860368,1.6786315442738304,2.144051640460144,4.2490604741293225,1.5763023501930629,2.8646923463073435,4.341320051693337,7.396053733719736,5.347710911522311,3.6505577539079903,1.3326613153221438,-0.0,1.6661007322810337,2.216900689739627,6.30910005833883,7.530414116530669,6.919016165955964,10.708560093030183,10.715662602947353,6.31807444156414,8.831934356850427,4.526863969170029,4.232641015196876,5.2210002788734196,3.1474256391628663,7.510987115362437,7.456930814071525,8.569808851674795,8.309252237725515,5.444572982364642,5.456317886619426,7.779078584280597,13.103648217629763,4.652335487736143,7.347068350554397,8.074521804839518,4.3896697810074485,8.94621025406232,8.1652718332649,12.745169816799653,14.97147571632308,13.087600429804981,6.175558656519053,9.277881402680771,11.598431715970621,23.312809085518666,13.167605461736061,15.914166679688263,19.602309377641546,19.499651383804057,12.409729993682367,14.253444326697366,2.453524963911874,15.272349417179354,17.437501894574957,18.599468060766956,10.967857715062774,7.778609469826869,7.973860701692108,6.385442755011979,9.1211215724501,8.465630847727304,7.498678148599052,6.366639902445817,10.588593311727603,10.574626067522557
