,0,1,2,3,4,5,6,7,8,9,10,11,12,13,14,15,16,17,18,19,20,21,22,23,24,25,26,27,28,29,30,31,32,33,34,35,36,37,38,39,40,41,42,43,44,45,46,47,48,49,50,51,52
0,-0.0,5.6711393879583305,16.337808127799356,15.012474710362437,5.885589448746432,2.476989170506126,14.290170161723163,4.988314380526881,5.222060406129514,12.455031477882805,4.247813963437099,10.050567026610452,3.712133245528404,7.348683844920268,5.725329862872962,12.00740147225974,15.483114919754152,9.058788926119414,2.7634915249344134,7.856658969284662,5.191109957206545,6.654821748134051,10.881943220048663,3.9260106981134903,9.289916738874727,6.246292510896803,3.9021425146022497,6.391118106631539,8.072726303963359,6.8785779012792405,6.022681931214234,13.625593480283495,39.59424747945648,7.2872780633007785,11.373240790687616,13.674780299267674,12.59779835990575,7.996249266241992,4.77883084401684,5.351084501000172,8.94918713821394,4.819023439036313,4.0620535966658995,5.903221007390389,7.374413133878444,6.776164312006746,10.601649170244116,5.835926984380922,3.3755834453489197,3.9612304948057417,3.074852133907723,3.4997154759735283,5.472229199777421
1,5.6711393879583305,-0.0,7.7914298588964614,9.091447308980687,8.017207656479409,3.5367713651445363,17.682606050154643,3.578970583205735,1.6020112429799438,19.812851989396393,5.844249741582273,12.619051438717731,2.8597146658539936,6.557701300471518,1.8200440161854423,6.040696285265788,9.38341181701082,8.043839244085932,5.088864414398972,11.228018439433143,5.989109182650062,8.749777736930684,18.300989794172608,5.121127949313899,11.45715051528455,10.164238509420025,5.576252828343384,3.705279599920723,6.643779139115472,7.96959915782689,6.272764990362009,10.8729444867619,41.677010602449116,9.030622856545095,9.55725462891552,14.950045416877696,13.063259511824453,7.095937663896635,4.852229425550385,6.000111146702478,5.7759150135029,7.939347310990474,5.906869802819513,8.143947249961935,6.0526527426847245,6.423535065652432,10.7370841952531,8.59235738471346,7.07584007236332,4.346467014092434,4.123726016302344,6.473187988517527,8.105394140863972
2,16.337808127799356,7.7914298588964614,-0.0,3.3785841263831076,11.132951165914934,11.167777486314058,21.778213075734058,7.568507745360594,8.097355497714366,37.539010611918,14.69949303279796,19.758850686436332,10.548116116815141,12.93235671715871,7.421363401109814,2.7872502617616175,4.057907896061374,7.0664685594301435,14.785993488192556,24.768856459612497,15.127186894605973,20.360628771781098,28.982627304962303,10.170207977616851,13.385954637068442,15.82519968899066,9.470229885326512,8.008287108562312,11.723784758586092,11.400076278225603,9.660764832119284,8.26818130750843,37.648369418535,12.427452227816886,9.735271735324359,14.506856017723587,13.137504762903756,8.438520179992224,9.823941460475915,8.396118027518169,6.660940120178428,16.011703828714083,11.037207031996038,13.522767777477371,10.69505013498378,9.72496730293661,11.038064322360494,15.2342738912302,14.70278504178317,12.227006880751658,12.456892922823744,16.13943374104223,13.850674502438842
3,15.012474710362437,9.091447308980687,3.3785841263831076,-0.0,10.392883632979595,11.744197759994284,18.94479884220368,11.137799174523613,9.761316716859065,29.112022054523703,15.647635738103213,15.975929061564802,10.821509755985137,15.722167110684207,10.478608291866474,2.981787129163429,3.184791579856171,4.794196859998994,13.880338651038945,24.239138945159315,15.279306098975297,19.860951058795212,29.042364793607103,12.371146445897711,18.225441941176722,19.032786480249115,11.75483827771631,10.648727334121844,13.284780768974688,13.245357073709743,8.806199417730637,5.018260384497005,31.438923407194856,10.08487036210933,8.130835700902319,10.19527066925643,8.973629665679038,8.153184726605158,8.607990676320377,8.041674800687067,5.305795448442477,14.43901401916276,11.090376468300978,11.06289223517033,8.87789577808154,7.448116430067654,7.1155564056418905,14.919384865367418,13.261504931848966,12.463406431307122,11.6195057875115,14.789006551479504,13.121885153801822
4,5.885589448746432,8.017207656479409,11.132951165914934,10.392883632979595,-0.0,6.762448061643343,8.129698322269125,6.403706308583264,6.821607284204174,15.551405384163981,6.892615810887433,9.006629825587831,6.531602382987092,13.337542794358079,8.994670831584354,7.948801220979812,13.45618710562301,6.855748649167659,6.435837899733815,13.000349526254688,10.7636905085043,11.596470899462663,13.940376416700587,9.034974564449145,12.751794720889462,12.87079252737816,8.136212097142634,5.943550664408972,6.659555225891744,5.2684890258592905,5.377243396004176,14.082301253254982,38.04484189734872,7.825254505848385,12.741282588658317,14.817683911938435,10.101510057113135,6.356097700569135,4.2628905733167635,3.50615982626802,7.383043270876312,6.078493826759784,6.464812942677139,7.048184644144206,7.499356271455738,6.025954810631619,8.125744359935839,3.5703203124829384,6.902986149437895,9.034373251617222,5.052652135411699,4.925589154974894,5.7089867427928125
5,2.476989170506126,3.5367713651445363,11.167777486314058,11.744197759994284,6.762448061643343,-0.0,12.163928560117963,2.489582399691302,3.3169077598706975,15.588473470963105,3.1621262070041323,8.338185384197283,2.7169912632247204,6.579889930467625,3.195986109908463,8.548295811609405,12.168384670566427,9.71759633742109,3.6624958010858415,7.668647204478368,4.308985986425174,5.853894655319114,10.58969929690674,2.5787724501387106,6.994941110013195,4.700667461043078,2.0146575640165403,4.444661500873393,6.1761037421394755,6.253925506217521,5.52510481449297,12.012026643254023,40.47870274668533,9.741300223429164,11.595453210240784,16.864161475590443,13.812887235785084,6.850961187479603,4.378918278616053,4.946271607037733,6.593995089736814,4.566929458986451,3.6118670001462228,6.619653340699799,6.801621107240397,6.523974401791126,10.8110437211004,7.1825679901938235,3.811656060094951,3.993045872100796,2.9346777600803993,3.517357815866382,5.97028537169138
6,14.290170161723163,17.682606050154643,21.778213075734058,18.94479884220368,8.129698322269125,12.163928560117963,-0.0,9.43665625525576,13.892533792944336,21.430320156108795,10.133433495931516,8.72834235118175,16.32020300882784,15.214998220201906,14.736572970798678,18.66358140952084,25.185943692996208,17.487296915469013,12.223324646295136,12.409553351587459,11.880819674563917,10.833422567497518,12.126554922711067,7.652193489832746,10.328168053397745,10.340028614338392,8.851842368414706,14.061369067220074,9.795992280037193,12.585797616283156,9.320505887147368,28.984248852697156,68.17831305824815,24.79567367498446,29.178947727759585,30.60098734711989,22.568640435545188,14.598127039012379,13.878712986020433,12.96366275725446,18.30779845480037,9.562945204792404,11.437608080780299,10.306812773665719,22.999351256443937,14.018382416025775,19.715961881592207,13.656023602000777,15.367487464907109,19.661690028874037,15.603871071772256,14.478825165568164,12.182549674984003
7,4.988314380526881,3.578970583205735,7.568507745360594,11.137799174523613,6.403706308583264,2.489582399691302,9.43665625525576,-0.0,3.5301072433618725,20.730503405577643,5.064495529921286,8.288672009878855,3.802409665207457,5.997238697489523,2.61205458574007,6.926907871057524,11.499346295828884,9.761560530140185,4.093104715589712,12.559342877552618,6.133688190452827,9.553511763775797,14.318861620734024,3.091080275748431,7.646920444589716,6.824620839397941,2.952201756488483,3.2961381546659667,4.452236410369358,5.157871140526977,4.325880343978015,14.83908884870099,44.14650718116919,11.974371055916212,12.344762300204914,17.931581583362572,13.852445353081169,6.050550680653057,4.0670315140538325,4.576420547544548,6.766482986396837,6.298240778061832,4.308631632769944,5.45103189601208,7.545656277429776,7.725470081545454,12.392077932136937,6.676298098909789,5.172032090176614,4.110771356984709,3.339152655267776,5.503381287694588,6.186800493964592
8,5.222060406129514,1.6020112429799438,8.097355497714366,9.761316716859065,6.821607284204174,3.3169077598706975,13.892533792944336,3.5301072433618725,-0.0,22.851339342475125,6.0358103130065945,7.557849254542357,2.4105276368818727,7.163318114179555,2.455486414538918,5.618957080297696,8.245007418781169,6.88481575363341,5.243267868288017,12.093544743844353,7.1986283425145485,9.393086543646831,18.74749721697595,4.260166077890166,11.444565770222791,9.21868520990227,5.273790624367395,3.4321412946153855,6.661364682032637,5.932033926938007,5.091293847824936,10.483052863194812,41.29027051240292,8.301497520267457,8.878124505076507,13.585245126434396,11.974577577302867,6.43753257612025,4.089271495321668,4.990324567558313,5.506620893676487,8.281209705669157,6.041012038658087,7.521093098365047,5.977855187000819,5.1417580403381296,9.742985976981583,7.401335350485238,7.201779612166492,4.486939963717956,3.7910792366524095,6.5763311265960045,8.045885719753564
9,12.455031477882805,19.812851989396393,37.539010611918,29.112022054523703,15.551405384163981,15.588473470963105,21.430320156108795,20.730503405577643,22.851339342475125,-0.0,13.354402989625374,17.81591096886516,17.740878547868196,20.51998711057527,21.51690489558363,29.372417470882347,40.25021755300813,22.913193240333268,13.466209796960282,13.015516101097038,13.821781139192575,12.613971042707046,16.330425141163975,19.67892820489878,15.614399560223891,18.63965332511941,17.43779643788483,23.208056156279625,25.73127247383624,25.23849692954633,19.208169407775696,24.72650433169752,42.12137302149395,17.210879344341336,19.131859575622023,20.492326527476944,20.487729826095425,19.87673752418732,16.511509412415492,17.212813598740244,20.671460131291884,16.382364574651017,14.252020438021043,14.962348750916199,14.64019932693116,17.874835064975187,20.838370073722004,12.19337915163968,12.914672954162702,16.46526421808912,15.313669320491078,12.036757424049103,14.419093678128178
10,4.247813963437099,5.844249741582273,14.69949303279796,15.647635738103213,6.892615810887433,3.1621262070041323,10.133433495931516,5.064495529921286,6.0358103130065945,13.354402989625374,-0.0,6.455912276296324,5.790943345904801,6.681169081765713,5.867166282161686,11.189789235007176,14.176125394188547,10.78720733088345,2.0970295614970187,5.082618865678958,4.853779372388762,3.833787045785451,7.797467983144231,5.712055417984495,4.108637182538384,4.355126886533189,2.8308223068915868,6.0579298536479635,6.8800788545605,6.5259759889794475,6.205000100223375,12.92360186095736,43.77561804228296,12.306797053686038,14.715105519264899,19.001468451300273,14.759116937641544,8.195622024005075,5.081593927899066,5.444336104761227,8.91125663336396,2.587006839126874,2.60709948676288,5.763326824270273,6.916833454796791,8.978601918188097,11.901358045849967,6.404859233152864,2.9743409995865564,5.222229928729781,3.6024640805019446,2.821826957433737,3.918003498698474
11,10.050567026610452,12.619051438717731,19.758850686436332,15.975929061564802,9.006629825587831,8.338185384197283,8.72834235118175,8.288672009878855,7.557849254542357,17.81591096886516,6.455912276296324,-0.0,10.080433518166721,10.910885114190663,11.03361977967996,15.74922515099173,19.982938734912505,11.453772390702918,8.047924565636443,8.206304572136274,7.831053638765817,5.892185397036588,15.148140865202016,5.618208852710038,8.321799689074295,8.275852581597482,5.746588674000183,10.755121256371622,9.571909653111861,10.611023780279211,6.907258601229775,22.15860300017206,64.97440662525564,17.277779143001773,24.703961950275865,24.811330639891885,14.406492768103996,12.656224020971957,11.007398551360128,10.656191609927948,15.05732201849193,7.391702404672645,8.835323097543288,8.191845227489685,15.840915429321047,9.126068856482396,13.312577476360005,11.918018956942639,12.676820343908092,16.178485167637565,11.417532828412961,11.156657392281387,8.769400440595748
12,3.712133245528404,2.8597146658539936,10.548116116815141,10.821509755985137,6.531602382987092,2.7169912632247204,16.32020300882784,3.802409665207457,2.4105276368818727,17.740878547868196,5.790943345904801,10.080433518166721,-0.0,8.215553381681106,3.118625568750989,7.445482312702683,10.386187911872671,7.428643985862757,4.703307049569824,10.600216961640463,7.549369377369921,8.634849938957194,16.083916364684278,4.914230647790561,11.958644566750083,9.235754299789695,5.2441642066242995,3.635128925060698,6.312677498231178,5.463596406006397,4.424746328150737,11.47660057913389,34.11235331939544,6.627499382083429,7.221646485371529,15.127157889470164,11.250435733275618,5.291747709367797,3.1231544993942344,3.866010775521613,5.1280619674296615,6.252957025276075,5.163105219417605,6.126902782460031,4.6950682143696625,5.430575421495189,8.845459091391376,6.430796551820118,5.837395853656214,4.542125802911799,3.172231986437643,5.008895854782566,6.558176799938181
13,7.348683844920268,6.557701300471518,12.93235671715871,15.722167110684207,13.337542794358079,6.579889930467625,15.214998220201906,5.997238697489523,7.163318114179555,20.51998711057527,6.681169081765713,10.910885114190663,8.215553381681106,-0.0,6.131823845464913,11.461256187068026,14.89731992299695,12.58563079163832,6.132195278267096,12.77163060698784,8.279273657751844,10.343920201530608,15.174116970056959,7.50824726151056,8.726787240569276,8.753282861131142,6.041448815461495,6.7905752525798615,7.588063739221083,7.766642809057023,7.52978182873747,15.497140584988491,51.64141937297898,11.544426765763047,13.711197604050206,19.731185592275427,14.53453965040369,9.1959227471144,7.290825294163771,7.265722516617519,9.151915228875101,6.689782077400174,5.395566631976198,3.7872821495605415,6.794185046695845,8.191963070019431,12.858308593858427,6.837532840978611,5.1106305283813125,2.2020066068733803,4.693863377394909,7.031018471083284,6.483275257251584
14,5.725329862872962,1.8200440161854423,7.421363401109814,10.478608291866474,8.994670831584354,3.195986109908463,14.736572970798678,2.61205458574007,2.455486414538918,21.51690489558363,5.867166282161686,11.03361977967996,3.118625568750989,6.131823845464913,-0.0,6.537395081413427,9.171259217102646,9.124528835170663,5.493772433498635,12.036956854774271,6.439635720912185,9.351145203244021,16.838905430949662,3.607566402438076,9.257994982101213,8.29257591480973,4.047464683582297,3.36703244070503,5.447696614472103,6.359188553412894,5.593880448655158,13.149859500184244,40.20789369626228,10.985323087558394,10.035479555138304,15.607260152319745,11.76169687167038,7.791011747547942,5.691486299855551,6.827007042909819,6.552680889785337,8.083132945525932,5.830394104758728,6.236169862834697,6.031668974207885,8.323581044985014,12.52454843695297,9.037074083647829,6.75499208133723,4.623892213676045,4.744697648891232,6.875874317268571,7.357616913676383
15,12.00740147225974,6.040696285265788,2.7872502617616175,2.981787129163429,7.948801220979812,8.548295811609405,18.66358140952084,6.926907871057524,5.618957080297696,29.372417470882347,11.189789235007176,15.74922515099173,7.445482312702683,11.461256187068026,6.537395081413427,-0.0,3.199778334253497,2.9089866438261565,10.693023846682255,20.29908359805228,12.52521789423522,16.31410871926008,24.481118893319557,8.98163542621084,12.15335271499898,13.714905653174702,8.074862334502363,5.474084203633225,8.685458916402284,7.751535295007815,6.942665725888323,6.159343861366614,33.37111341923547,7.544329221128397,5.600778293380779,10.01480485278267,8.064840651081486,6.138536693855337,6.05581399725609,5.413189511096792,2.8170234665626888,11.65411045907766,8.191309404762118,9.423963702125958,6.061804324607266,5.424712169439481,5.8347156203169135,10.241316929693141,10.883466278347104,9.180622240362878,8.275394505124801,11.61217934237432,9.815279313178426
16,15.483114919754152,9.38341181701082,4.057907896061374,3.184791579856171,13.45618710562301,12.168384670566427,25.185943692996208,11.499346295828884,8.245007418781169,40.25021755300813,14.176125394188547,19.982938734912505,10.386187911872671,14.89731992299695,9.171259217102646,3.199778334253497,-0.0,5.198558373599598,14.022485641985888,20.482370122894334,17.192084923594653,19.829059525879778,26.14010729843417,13.276890970398737,18.138624220118558,16.190286960475664,12.49274763590765,7.4243830673356275,10.479708541197013,9.55361173879487,10.70332661549481,5.550069594348408,30.771894354204377,10.433618775585986,5.992334152143196,11.726449250067938,9.64424489253105,9.80742666145905,10.09037963725971,10.398121128865633,6.0882501679283685,13.521148041593001,13.284592424723394,13.952850517862913,9.612696062019184,8.940845963531604,7.658127264751794,13.669978344171083,16.043786675858144,13.038498131536933,11.546476782160749,15.22421079217399,13.852916164507144
17,9.058788926119414,8.043839244085932,7.0664685594301435,4.794196859998994,6.855748649167659,9.71759633742109,17.487296915469013,9.761560530140185,6.88481575363341,22.913193240333268,10.78720733088345,11.453772390702918,7.428643985862757,12.58563079163832,9.124528835170663,2.9089866438261565,5.198558373599598,-0.0,9.10775708477427,16.055157334323127,13.966507642456545,14.529049500615773,24.392471757422403,11.101593288948033,17.088074232459338,16.862590177768848,10.718864624050378,6.4620360482232,9.873511569294285,8.172282426277265,6.497349526419507,5.357896087698057,28.99003373852651,4.685326486367276,4.516612726645123,6.595657647176676,4.76091455270205,6.381547009661498,5.189027725319563,5.9599195007863095,2.9822458845241937,10.712093153475635,9.052981032174454,7.892433952384327,4.076080028409723,3.2590102129807317,2.446225455782857,7.91310173786288,9.987013141096462,8.689295429932459,6.521651382446265,8.919283450607304,8.159824783142662
18,2.7634915249344134,5.088864414398972,14.785993488192556,13.880338651038945,6.435837899733815,3.6624958010858415,12.223324646295136,4.093104715589712,5.243267868288017,13.466209796960282,2.0970295614970187,8.047924565636443,4.703307049569824,6.132195278267096,5.493772433498635,10.693023846682255,14.022485641985888,9.10775708477427,-0.0,6.019119832710569,5.131738743035251,4.97496806979249,10.461845998091977,4.794327628045027,6.305110941459456,5.610459467875243,2.9605511987203035,5.686125816192352,6.0831780653096095,6.209270418441669,4.8113338466695375,11.23447332364309,42.34580226071962,10.270380377540965,12.88613432097025,16.65227239638929,13.126926701246978,7.0279250342600195,3.9408129629111404,4.731741663231961,7.316102460088797,3.1342980207091817,2.4359421992842263,5.229396007913954,5.777567854798821,6.9457787171404775,10.293637220855652,5.635958141208052,2.6052683554799905,3.68108606895346,2.563704321058154,2.4732718564534,4.305547386506812
19,7.856658969284662,11.228018439433143,24.768856459612497,24.239138945159315,13.000349526254688,7.668647204478368,12.409553351587459,12.559342877552618,12.093544743844353,13.015516101097038,5.082618865678958,8.206304572136274,10.600216961640463,12.77163060698784,12.036956854774271,20.29908359805228,20.482370122894334,16.055157334323127,6.019119832710569,-0.0,6.237038738735651,1.773455565309566,3.529548743379355,10.577955125093542,4.698680801760198,5.884439307441456,7.921364411390816,13.64506834589772,12.639489948823298,14.218540541725714,12.614809678496623,17.829598238607247,42.041054696260446,17.71453443917588,19.361756819208775,22.71159075602733,19.118989506745102,15.836618533419287,10.436434318351171,12.42994214568181,15.274177367377481,7.324630434851953,7.862425441124688,10.53228373558469,11.1892624242614,14.787566132301839,16.475664264606046,10.684914768172877,7.3230359826405005,9.073466357142271,8.246532775893497,7.618261036756226,7.980616981491276
20,5.191109957206545,5.989109182650062,15.127186894605973,15.279306098975297,10.7636905085043,4.308985986425174,11.880819674563917,6.133688190452827,7.1986283425145485,13.821781139192575,4.853779372388762,7.831053638765817,7.549369377369921,8.279273657751844,6.439635720912185,12.52521789423522,17.192084923594653,13.966507642456545,5.131738743035251,6.237038738735651,-0.0,4.344892683208248,8.092819439920364,4.503545665640402,7.328676265385157,3.3645082471795598,3.944306328253977,8.377313353957863,9.978135431615264,10.3300034696642,9.345252305541901,15.950863089883994,51.145623313747485,13.803091206409679,17.48917137376219,21.833812247816333,18.393438314124857,10.736165993087711,8.357783274732663,9.073982160566398,10.098639149890852,7.0970898450696325,6.970615899501379,11.221597584853763,10.483929529852098,10.845878628381543,15.640676153327705,11.103265639484555,6.883645732603863,7.37352204196379,6.474583356395628,6.930352353736881,9.995742859667601
21,6.654821748134051,8.749777736930684,20.360628771781098,19.860951058795212,11.596470899462663,5.853894655319114,10.833422567497518,9.553511763775797,9.393086543646831,12.613971042707046,3.833787045785451,5.892185397036588,8.634849938957194,10.343920201530608,9.351145203244021,16.31410871926008,19.829059525879778,14.529049500615773,4.97496806979249,1.773455565309566,4.344892683208248,-0.0,3.945564851709977,8.14153024130695,3.947974567170057,4.327814136506175,5.779382162130349,10.732992122048254,11.907475266229683,11.682216652256308,10.40851239493996,16.427271883267345,49.702285022184896,15.189049055892534,19.272526244080908,22.445187804953616,18.329082087992543,12.873120154969978,9.043964877160594,10.059340194071632,12.784369177791092,6.760274083914608,6.779202539566382,10.379970020370713,10.492966182325121,12.29724879106006,15.32937239625578,11.005538781239276,7.115071221882623,9.076783506333435,7.073103552944254,6.546426313340379,8.437560497452797
22,10.881943220048663,18.300989794172608,28.982627304962303,29.042364793607103,13.940376416700587,10.58969929690674,12.126554922711067,14.318861620734024,18.74749721697595,16.330425141163975,7.797467983144231,15.148140865202016,16.083916364684278,15.174116970056959,16.838905430949662,24.481118893319557,26.14010729843417,24.392471757422403,10.461845998091977,3.529548743379355,8.092819439920364,3.945564851709977,-0.0,11.671086578332924,6.340202857260701,5.141852619260611,9.089322367452416,18.2427078902681,12.815439640466943,15.54054973941885,14.662800491023358,28.84201954309533,50.49367732508743,22.094415560869965,22.886428794698293,28.70821031181445,28.29340616905431,17.813418848378674,14.35996539449913,14.899837657518717,19.444846837227427,7.734643368987276,10.086925631277744,14.132210449758631,21.131590747119585,19.16609070071041,24.754270681296408,14.391459440475213,8.67491521964947,12.359882512552906,13.153487146542835,9.279867205275112,12.12982358244185
23,3.9260106981134903,5.121127949313899,10.170207977616851,12.371146445897711,9.034974564449145,2.5787724501387106,7.652193489832746,3.091080275748431,4.260166077890166,19.67892820489878,5.712055417984495,5.618208852710038,4.914230647790561,7.50824726151056,3.607566402438076,8.98163542621084,13.276890970398737,11.101593288948033,4.794327628045027,10.577955125093542,4.503545665640402,8.14153024130695,11.671086578332924,-0.0,9.100420971225674,5.426165164897928,3.121646890082961,5.5901013245212425,7.156963364974366,6.8520811128869346,6.916925766681938,17.133380776213144,45.01436944031927,11.276023350640163,13.212389393349646,16.304025182873904,12.901929118092553,9.39572844658837,7.1175552953514085,7.823954992206976,8.761870156960494,7.366615644330362,6.60153715925103,7.5888651873263,9.490379029426359,8.85355555426295,13.96228473421337,9.035902412673131,6.642693595816246,6.335377357551358,5.40822137324096,6.728148772921857,8.34863094678984
24,9.289916738874727,11.45715051528455,13.385954637068442,18.225441941176722,12.751794720889462,6.994941110013195,10.328168053397745,7.646920444589716,11.444565770222791,15.614399560223891,4.108637182538384,8.321799689074295,11.958644566750083,8.726787240569276,9.257994982101213,12.15335271499898,18.138624220118558,17.088074232459338,6.305110941459456,4.698680801760198,7.328676265385157,3.947974567170057,6.340202857260701,9.100420971225674,-0.0,4.16703693611801,4.880909541301036,9.575899029742923,9.92247153504335,8.876032213412481,10.01616073539311,21.36299461611221,49.97361750122396,18.361942017951442,21.209114005520302,26.104198099530063,20.214795182044544,10.495495558890623,9.47879835284166,8.510249070200258,13.096453916842046,4.936582899183587,5.263402378511162,8.571827652890638,13.403831543573506,13.960734293879844,18.412648996578863,10.5720038748685,6.528986495482467,10.28950640157511,8.824195873373915,6.998727235508053,5.6349014157250155
25,6.246292510896803,10.164238509420025,15.82519968899066,19.032786480249115,12.87079252737816,4.700667461043078,10.340028614338392,6.824620839397941,9.21868520990227,18.63965332511941,4.355126886533189,8.275852581597482,9.235754299789695,8.753282861131142,8.29257591480973,13.714905653174702,16.190286960475664,16.862590177768848,5.610459467875243,5.884439307441456,3.3645082471795598,4.327814136506175,5.141852619260611,5.426165164897928,4.16703693611801,-0.0,3.021353610061537,9.628374492243536,8.931071863239598,8.227422203729796,9.179600429394783,20.630056041580904,45.38689396462611,16.3361410750343,16.767172088983877,21.66136314412966,18.703829093828666,12.46779478103602,9.763686484739397,10.147423191314626,12.197061886516115,6.801483211394759,6.809198782779706,9.192292462316177,12.91116015258103,13.03553661965279,18.57591016426218,11.330127002152837,6.825984131373057,8.441021156194044,7.949354305401072,7.122237499292403,7.982917849943578
26,3.9021425146022497,5.576252828343384,9.470229885326512,11.75483827771631,8.136212097142634,2.0146575640165403,8.851842368414706,2.952201756488483,5.273790624367395,17.43779643788483,2.8308223068915868,5.746588674000183,5.2441642066242995,6.041448815461495,4.047464683582297,8.074862334502363,12.49274763590765,10.718864624050378,2.9605511987203035,7.921364411390816,3.944306328253977,5.779382162130349,9.089322367452416,3.121646890082961,4.880909541301036,3.021353610061537,-0.0,4.794003009657773,5.297828907048532,5.51971069100729,5.204246870988811,15.18664931028979,45.399426701962206,11.696044281125497,14.16403436260836,18.238036987079123,14.027755741508948,6.960811721552981,5.272531441384305,5.5664700615559255,7.838550341421797,4.093587898397454,3.4153040095637057,5.977732164541895,8.484625376071055,7.9951402839985395,12.597458684090233,7.360489092358645,3.9803105780943957,5.502776911906625,4.322574072284637,4.139262225418161,5.560941833488733
27,6.391118106631539,3.705279599920723,8.008287108562312,10.648727334121844,5.943550664408972,4.444661500873393,14.061369067220074,3.2961381546659667,3.4321412946153855,23.208056156279625,6.0579298536479635,10.755121256371622,3.635128925060698,6.7905752525798615,3.36703244070503,5.474084203633225,7.4243830673356275,6.4620360482232,5.686125816192352,13.64506834589772,8.377313353957863,10.732992122048254,18.2427078902681,5.5901013245212425,9.575899029742923,9.628374492243536,4.794003009657773,-0.0,2.78590102052091,4.458159374332499,3.0310541254625902,11.00152867644742,39.164238691941776,8.140852954974621,8.994637120292982,14.247289373756914,11.199120628822419,4.189408421032546,3.4374005680355886,3.1836278898999177,6.032099644407137,7.130146770253376,4.48893414883904,5.038627726295072,4.535383365513253,6.00793149695154,8.683742197025328,6.3124866303521685,6.070071944900979,4.388159483637504,3.6804526742776904,5.964033085174877,5.658755339413468
28,8.072726303963359,6.643779139115472,11.723784758586092,13.284780768974688,6.659555225891744,6.1761037421394755,9.795992280037193,4.452236410369358,6.661364682032637,25.73127247383624,6.8800788545605,9.571909653111861,6.312677498231178,7.588063739221083,5.447696614472103,8.685458916402284,10.479708541197013,9.873511569294285,6.0831780653096095,12.639489948823298,9.978135431615264,11.907475266229683,12.815439640466943,7.156963364974366,9.92247153504335,8.931071863239598,5.297828907048532,2.78590102052091,-0.0,3.8016256047598573,2.6208603279021974,13.417818113613391,42.977797710669805,12.262687040207975,11.88785637059246,18.147612212989504,13.93134395399372,3.744873586885205,4.175892451904474,3.746547073382016,6.513261324255841,4.021158977819407,4.604133702143631,5.262729362711753,7.328241765033549,8.241303556883622,10.66977220734323,6.54094001554316,6.3824889459061875,6.069889435157091,4.5395792452715185,6.093952797029421,5.612908230049863
29,6.8785779012792405,7.96959915782689,11.400076278225603,13.245357073709743,5.2684890258592905,6.253925506217521,12.585797616283156,5.157871140526977,5.932033926938007,25.23849692954633,6.5259759889794475,10.611023780279211,5.463596406006397,7.766642809057023,6.359188553412894,7.751535295007815,9.55361173879487,8.172282426277265,6.209270418441669,14.218540541725714,10.3300034696642,11.682216652256308,15.54054973941885,6.8520811128869346,8.876032213412481,8.227422203729796,5.51971069100729,4.458159374332499,3.8016256047598573,-0.0,2.427712023840933,12.275913597081548,32.50071568583981,7.620975485219243,7.8631200664956635,13.371052588259573,9.977312983278889,6.472759963846547,4.534155571296168,3.789060157168369,5.981266332175938,6.457961596706315,4.853775343008518,4.7896192235372945,6.316805439790672,5.337551808302331,8.253750995098406,4.8204494925634656,6.390483165833684,6.404884711282948,4.549564190291311,5.913787954205787,5.5904476269164425
30,6.022681931214234,6.272764990362009,9.660764832119284,8.806199417730637,5.377243396004176,5.52510481449297,9.320505887147368,4.325880343978015,5.091293847824936,19.208169407775696,6.205000100223375,6.907258601229775,4.424746328150737,7.52978182873747,5.593880448655158,6.942665725888323,10.70332661549481,6.497349526419507,4.8113338466695375,12.614809678496623,9.345252305541901,10.40851239493996,14.662800491023358,6.916925766681938,10.01616073539311,9.179600429394783,5.204246870988811,3.0310541254625902,2.6208603279021974,2.427712023840933,-0.0,13.153989514897614,36.6603784290475,6.817886561469299,9.384496621549896,15.285727500173603,8.83027286650287,3.729764417253248,2.996191979597328,2.515087654332053,5.256815681604208,4.806433305239407,3.9680546247694726,3.9155277327065763,6.116831732854393,5.210638432770121,7.231322895853221,5.224828801049084,5.327617326931381,5.848040296491233,3.7417329536163244,4.366313030393275,4.767578497779831
31,13.625593480283495,10.8729444867619,8.26818130750843,5.018260384497005,14.082301253254982,12.012026643254023,28.984248852697156,14.83908884870099,10.483052863194812,24.72650433169752,12.92360186095736,22.15860300017206,11.47660057913389,15.497140584988491,13.149859500184244,6.159343861366614,5.550069594348408,5.357896087698057,11.23447332364309,17.829598238607247,15.950863089883994,16.427271883267345,28.84201954309533,17.133380776213144,21.36299461611221,20.630056041580904,15.18664931028979,11.00152867644742,13.417818113613391,12.275913597081548,13.153989514897614,-0.0,22.046281862144102,7.45554863739416,5.744429759399068,4.226593648422441,5.0113598321313475,9.266771411271476,8.015440138276693,10.186773982789292,5.978262770525332,13.656568724037593,11.918942741090888,12.080657585381095,6.896136504121153,7.103354513273147,4.221324488582367,11.015065284096877,13.68381441824355,11.326344008237868,9.142546692075653,12.29134386473238,12.463627651095576
32,39.59424747945648,41.677010602449116,37.648369418535,31.438923407194856,38.04484189734872,40.47870274668533,68.17831305824815,44.14650718116919,41.29027051240292,42.12137302149395,43.77561804228296,64.97440662525564,34.11235331939544,51.64141937297898,40.20789369626228,33.37111341923547,30.771894354204377,28.99003373852651,42.34580226071962,42.041054696260446,51.145623313747485,49.702285022184896,50.49367732508743,45.01436944031927,49.97361750122396,45.38689396462611,45.399426701962206,39.164238691941776,42.977797710669805,32.50071568583981,36.6603784290475,22.046281862144102,-0.0,29.311379684380704,22.92390917056791,17.32341630669686,26.432959235330628,36.80045979939343,34.492963663098884,34.46240125359588,31.681824590378557,39.2820595915698,37.995092850455045,41.0715328743482,31.1516384506464,33.60434458625901,26.21527549600313,34.00031652052831,36.30018876332,38.210333156785566,35.50585566306657,32.53392534550331,36.69205081446299
33,7.2872780633007785,9.030622856545095,12.427452227816886,10.08487036210933,7.825254505848385,9.741300223429164,24.79567367498446,11.974371055916212,8.301497520267457,17.210879344341336,12.306797053686038,17.277779143001773,6.627499382083429,11.544426765763047,10.985323087558394,7.544329221128397,10.433618775585986,4.685326486367276,10.270380377540965,17.71453443917588,13.803091206409679,15.189049055892534,22.094415560869965,11.276023350640163,18.361942017951442,16.3361410750343,11.696044281125497,8.140852954974621,12.262687040207975,7.620975485219243,6.817886561469299,7.45554863739416,29.311379684380704,-0.0,5.780877054318923,6.535397072377554,4.301946611710389,6.220526965801888,7.173733923086486,6.526970344918116,5.023863429608108,10.979961660719429,10.078409434930656,6.988979953117264,4.026111635097369,3.0005111274236103,3.04961166320535,6.877253319019643,9.03504153720268,9.148939650035802,6.6017255253540705,7.822350344448023,8.780492189578158
34,11.373240790687616,9.55725462891552,9.735271735324359,8.130835700902319,12.741282588658317,11.595453210240784,29.178947727759585,12.344762300204914,8.878124505076507,19.131859575622023,14.715105519264899,24.703961950275865,7.221646485371529,13.711197604050206,10.035479555138304,5.600778293380779,5.992334152143196,4.516612726645123,12.88613432097025,19.361756819208775,17.48917137376219,19.272526244080908,22.886428794698293,13.212389393349646,21.209114005520302,16.767172088983877,14.16403436260836,8.994637120292982,11.88785637059246,7.8631200664956635,9.384496621549896,5.744429759399068,22.92390917056791,5.780877054318923,-0.0,7.431259006964908,4.740468691673566,7.985609664715855,8.139420813644074,8.503714431275492,4.762662681469529,13.301605416665765,12.267046204214155,10.862692091881017,6.492510590796959,5.42488311371645,2.953857617522179,7.915500636067474,12.951500872496375,10.268148986871841,9.331950065690712,11.33865050889609,13.157804366240788
35,13.674780299267674,14.950045416877696,14.506856017723587,10.19527066925643,14.817683911938435,16.864161475590443,30.60098734711989,17.931581583362572,13.585245126434396,20.492326527476944,19.001468451300273,24.811330639891885,15.127157889470164,19.731185592275427,15.607260152319745,10.01480485278267,11.726449250067938,6.595657647176676,16.65227239638929,22.71159075602733,21.833812247816333,22.445187804953616,28.70821031181445,16.304025182873904,26.104198099530063,21.66136314412966,18.238036987079123,14.247289373756914,18.147612212989504,13.371052588259573,15.285727500173603,4.226593648422441,17.32341630669686,6.535397072377554,7.431259006964908,-0.0,4.1432892118203215,12.887991943316283,12.371523075745687,12.767173962576749,8.89289490522231,17.45630614551133,16.3029380454939,13.422208516267107,8.625034748666836,7.706461380627473,4.889156061522851,12.35756527431097,14.876705994665489,14.574813220192764,12.563619437688619,14.538447126071441,15.069395713989627
36,12.59779835990575,13.063259511824453,13.137504762903756,8.973629665679038,10.101510057113135,13.812887235785084,22.568640435545188,13.852445353081169,11.974577577302867,20.487729826095425,14.759116937641544,14.406492768103996,11.250435733275618,14.53453965040369,11.76169687167038,8.064840651081486,9.64424489253105,4.76091455270205,13.126926701246978,19.118989506745102,18.393438314124857,18.329082087992543,28.29340616905431,12.901929118092553,20.214795182044544,18.703829093828666,14.027755741508948,11.199120628822419,13.93134395399372,9.977312983278889,8.83027286650287,5.0113598321313475,26.432959235330628,4.301946611710389,4.740468691673566,4.1432892118203215,-0.0,9.226855225243087,9.13517568517724,9.040467866744146,5.826286926597172,12.959137046509728,12.671493983881662,8.890506271571846,5.893100156601533,5.159837542272854,2.739898281759425,9.01344671613373,12.901014865893623,11.946384253274482,9.683198500598971,12.384828875385384,10.774307420231638
37,7.996249266241992,7.095937663896635,8.438520179992224,8.153184726605158,6.356097700569135,6.850961187479603,14.598127039012379,6.050550680653057,6.43753257612025,19.87673752418732,8.195622024005075,12.656224020971957,5.291747709367797,9.1959227471144,7.791011747547942,6.138536693855337,9.80742666145905,6.381547009661498,7.0279250342600195,15.836618533419287,10.736165993087711,12.873120154969978,17.813418848378674,9.39572844658837,10.495495558890623,12.46779478103602,6.960811721552981,4.189408421032546,3.744873586885205,6.472759963846547,3.729764417253248,9.266771411271476,36.80045979939343,6.220526965801888,7.985609664715855,12.887991943316283,9.226855225243087,-0.0,3.6000996904188196,2.5666546170494846,3.1575578804836932,6.069702833173068,4.450182104320407,4.715994383507309,3.9333345136285667,3.8414288580721183,5.928144810136336,5.960672092052585,5.804977738635828,5.908522174030986,4.615953137691021,6.579324272456993,5.7133781954548155
38,4.77883084401684,4.852229425550385,9.823941460475915,8.607990676320377,4.2628905733167635,4.378918278616053,13.878712986020433,4.0670315140538325,4.089271495321668,16.511509412415492,5.081593927899066,11.007398551360128,3.1231544993942344,7.290825294163771,5.691486299855551,6.05581399725609,10.09037963725971,5.189027725319563,3.9408129629111404,10.436434318351171,8.357783274732663,9.043964877160594,14.35996539449913,7.1175552953514085,9.47879835284166,9.763686484739397,5.272531441384305,3.4374005680355886,4.175892451904474,4.534155571296168,2.996191979597328,8.015440138276693,34.492963663098884,7.173733923086486,8.139420813644074,12.371523075745687,9.13517568517724,3.6000996904188196,-0.0,1.6917084606284467,3.494361453610291,4.211529322482504,3.053137514792043,3.588722141281062,2.7984311334073855,3.696074350147599,5.700227020461703,3.337916838293188,3.9926043583373976,3.8958555738796097,1.934096244453189,3.9006789907228563,4.423668672810794
39,5.351084501000172,6.000111146702478,8.396118027518169,8.041674800687067,3.50615982626802,4.946271607037733,12.96366275725446,4.576420547544548,4.990324567558313,17.212813598740244,5.444336104761227,10.656191609927948,3.866010775521613,7.265722516617519,6.827007042909819,5.413189511096792,10.398121128865633,5.9599195007863095,4.731741663231961,12.42994214568181,9.073982160566398,10.059340194071632,14.899837657518717,7.823954992206976,8.510249070200258,10.147423191314626,5.5664700615559255,3.1836278898999177,3.746547073382016,3.789060157168369,2.515087654332053,10.186773982789292,34.46240125359588,6.526970344918116,8.503714431275492,12.767173962576749,9.040467866744146,2.5666546170494846,1.6917084606284467,-0.0,3.9803025336439903,4.153572464101292,3.0069195589736135,3.035864420404991,4.033319717119777,3.9201817638696346,6.450302507131451,3.1853022645909705,3.9188838958809478,4.352514216969856,2.483724803354658,4.031117800095343,3.6127482233926886
40,8.94918713821394,5.7759150135029,6.660940120178428,5.305795448442477,7.383043270876312,6.593995089736814,18.30779845480037,6.766482986396837,5.506620893676487,20.671460131291884,8.91125663336396,15.05732201849193,5.1280619674296615,9.151915228875101,6.552680889785337,2.8170234665626888,6.0882501679283685,2.9822458845241937,7.316102460088797,15.274177367377481,10.098639149890852,12.784369177791092,19.444846837227427,8.761870156960494,13.096453916842046,12.197061886516115,7.838550341421797,6.032099644407137,6.513261324255841,5.981266332175938,5.256815681604208,5.978262770525332,31.681824590378557,5.023863429608108,4.762662681469529,8.89289490522231,5.826286926597172,3.1575578804836932,3.494361453610291,3.9803025336439903,-0.0,7.645834584328814,6.12910868811399,5.736977839574269,3.0424227393063625,2.2380475908473563,3.607821825307197,7.1209276924927085,7.516218235775639,6.525800352425509,5.155821002391038,7.844898412934416,8.55894158693128
