,0,1,2,3,4,5,6,7,8,9,10,11,12,13,14,15,16,17,18,19,20,21,22,23,24,25,26,27,28,29,30,31,32,33,34,35,36,37,38,39,40,41,42,43,44,45,46,47,48,49,50,51,52,53,54,55,56,57,58,59,60,61,62,63,64,65,66,67,68,69,70,71,72,73,74,75,76,77,78,79
0,-0.0,2.9799838949492643,5.269857062560339,4.626865103315064,25.52577067269894,14.633679015683084,10.2666888326029,9.676573648438586,7.8252972391947075,21.502748935424364,11.31974804235281,7.280601920416843,6.841713520891448,4.928231836539593,11.254113670333563,6.349568912477562,7.035559631561359,8.478609089808286,12.657337021316607,36.45062147673399,12.614908691743215,8.447645263968539,5.595276535053058,6.586769962890204,19.82211346123028,5.155905268996565,8.887067964117817,14.146848377438046,19.205755750096795,48.6901498286187,26.94853868485619,29.12893170357296,20.226111763577297,20.644892183581323,35.386561843271004,24.65095824248712,25.540702939457365,21.222195229942216,24.176401119042538,36.79588744593605,30.24808659751719,16.961674678700437,19.1728446721305,26.726380910276692,41.84818569880887,17.912393536927137,22.908341882310385,18.14670726170277,17.554301585057168,24.294580054999315,19.744535244020653,16.374634668149454,20.910129335842228,15.087955744609332,28.602165172361342,17.872372322111357,19.459886691547226,25.37571451583736,29.719176097197387,47.27660743730682,36.43519622154507,33.086948601286046,27.98997774763298,33.58563511607115,41.467304111481496,36.790791389810536,33.99042946940893,31.69851275425845,29.126330427899298,36.467692770173244,33.674629500884365,24.99877331386144,13.82631556595556,11.810141690415628,35.01508644089222,18.38458611122539,17.955566349878477,11.936098899172773,7.3184274911587375,34.70250636895708
1,2.9799838949492643,-0.0,2.574221324174339,3.0837452481779795,18.081099128983457,14.63581510065846,7.966801606261009,7.347089431657677,5.433905631047959,20.897490364262516,9.12824061848423,4.284716791112081,4.209186944223222,4.827861940647386,8.965375879647477,4.503866483226242,6.565744282602985,5.010324843827419,8.1279026659571,33.075237310269586,9.920484137587124,5.666722043715757,3.4605048964037253,4.105294565531123,17.87970272934718,4.358975627571932,5.73069690044501,13.434951544649183,17.221128325648873,38.16989546521793,21.985473072323597,31.79323858674452,23.322855474545676,8.898369009513395,33.08372622172009,23.756572747964626,20.71850426291026,17.191044930986788,17.472263842626948,29.290658132696215,27.775910651180528,14.815118835163515,19.52765899352737,25.914596896547586,42.377076955171795,18.393097809321212,21.25787246992519,17.180780866088956,16.671598998588113,21.50405442328964,14.860071537202403,14.381329582883598,16.710919914722794,15.86732859604311,26.383951746244495,14.616322530285407,18.108136404157797,23.144946654637387,25.75723919413084,49.417782332590235,34.947584528846654,35.39877568529184,25.411479484451185,28.7037056556098,40.93778388883609,30.49202453828106,33.550141348015195,28.965015004178035,29.213298818182714,35.609589373664264,35.276999573524016,26.841505543077922,11.466485880906925,10.467071553505464,34.95635888047357,14.569739363409292,15.08497000671218,11.46702880677944,7.521896182726816,33.75003739336809
2,5.269857062560339,2.574221324174339,-0.0,2.5218696682838115,23.719202510426367,18.17052257136353,7.805775664710116,6.853361950731518,5.282807066444098,15.85516417371978,6.520511567242362,4.05918662214644,3.1488628837318426,5.105309807466984,10.206945093118557,4.199115228385393,5.37891079017175,3.9760726178113255,7.312079433900526,25.739431227892346,10.032006060141539,8.059671388276906,4.360858834094527,3.7130092600516496,18.677418795931864,6.157606911649865,7.875795233169636,13.914577534773258,18.053843834617467,44.35227027996152,22.30478563375209,32.79406596178333,18.364370084997628,17.043502062540178,34.495161763167374,18.05805604183937,22.672854462260567,17.601900143206027,20.45176723247548,34.91083300929801,21.21013367957964,16.66872692801548,20.993937499948235,17.760252239451606,35.88141943375646,20.608964588263213,21.875453533504214,20.112437015974642,11.577776212383597,20.87784705111658,13.582897543454761,12.632100310805818,15.03674815762892,13.243506414459326,24.539661272024354,13.85438427810392,15.31531542493855,23.718080300984344,24.87369819328905,43.919110537965786,34.90539511424094,31.891423806327275,26.157580254695333,27.06619868330728,32.27232986421139,28.97144599783007,29.64613414514542,29.083545405275938,28.02214934296688,33.39957573058827,33.18360042600818,25.166905718769538,9.888949711993432,7.419021478694917,32.09115373377114,12.48272017308268,12.89410677380191,9.722468978347601,5.5023881280697,26.76073525745564
3,4.626865103315064,3.0837452481779795,2.5218696682838115,-0.0,20.151172993030958,15.790846641571038,7.476881509315168,6.730780416876226,5.033205298785123,15.546984750875819,6.371079903952294,4.176233535018983,3.28042635720531,4.2218461754934955,9.51565035871574,4.904515688059947,3.563375439362135,5.71900959995995,6.975697588987984,30.095830869829232,11.048041312564157,7.0501483467277355,4.639651291236814,3.656596982342957,16.734718429061754,4.367921070964229,8.076712753584083,13.828602589065564,16.484250717874485,44.1133530207369,27.330762579309592,26.9423430284621,15.984960598293128,14.684941250818584,34.98511504896046,19.857062946307888,21.830531818933014,18.366769208466636,19.53352044438773,31.443096458726036,24.923479260318746,15.96422921492097,19.471494506751576,18.03408978187572,36.747270190302835,20.80941843036108,25.782349450871095,20.69176350859273,15.24983879217738,24.497508981218107,14.298031712039421,14.356399223274176,14.917155287900913,15.420763178849542,23.725452370888647,15.36576820405226,16.467155276578957,21.965181954326248,23.917125698535127,43.2334464298591,32.126671000115,33.115841175016236,26.146219627150586,26.459826095718697,33.82481679546253,28.9513917095044,30.469071536705645,28.724344663950117,25.607575395525163,35.65607692945937,30.52039086232123,23.018679392128874,9.569357023264791,8.289649889148539,28.531771101024095,12.876830031142555,13.677248774832217,9.334090147010109,5.352019198700429,28.487665753409498
4,25.52577067269894,18.081099128983457,23.719202510426367,20.151172993030958,-0.0,10.25314812691147,13.640167848722658,18.070367876337613,19.996148601043053,15.952060852369605,20.827315635039394,20.139631959044067,22.59883072636916,16.85774270865843,18.546836910127816,20.947535805055622,17.345363902219514,17.662842332128616,13.906788437432272,21.88040920519,15.994932150277313,14.664270039955124,19.44538206828773,20.38504952508269,10.669932809294222,14.865957059179381,14.683425746200232,12.762350209817564,8.577536812978353,21.648555049332735,23.840692709997956,33.10672923140531,26.053685407180758,13.306087880899728,19.890802362851094,13.312007738655774,9.619706943082608,12.890457711774774,6.883495521678244,14.099954346844521,19.283536634577196,16.791794830013995,16.20475312839831,19.34626722439462,26.355147404914426,12.728555013462953,14.181353219455628,14.816108889699807,12.72327402595409,13.504562960078092,11.857556370541909,15.368189509984994,10.680089136934525,14.341432996328836,12.585035899594523,12.901250824910191,13.75666239590876,9.023412926015803,10.485885542982869,31.60952549535006,16.59507498666733,20.08423772383168,13.543907486310365,12.773047855077978,27.460771236586737,13.9964160123532,19.00477926653669,14.373473419140167,12.928182944568936,23.29581471074609,19.15713467681066,17.401836955623356,15.711752501063529,24.112693588774274,17.51618932311229,13.338426099968101,14.422422912827967,16.85502928108139,29.881710085839842,24.306622980483603
5,14.633679015683084,14.63581510065846,18.17052257136353,15.790846641571038,10.25314812691147,-0.0,8.404897787007906,11.981314996480295,12.1011510495805,6.860223071985227,9.459499506966257,11.361923837275144,13.360308151329644,12.549634955458506,5.397709969135142,12.319502083239732,14.938752132075875,14.563783466703255,9.511036759220602,18.397980120366856,8.390559316685986,6.122042478594892,9.956917533205257,10.344656815776641,7.509970592927089,8.199059115407664,8.251709952794092,8.49649673039871,7.326044544763595,30.143932209627575,28.78582487003685,44.58783507526643,24.457020049997787,20.43817598120699,22.90846033015552,13.792929290169319,13.061064671912249,12.804468043136804,11.192771071790625,25.665155364379125,14.622577122868552,8.203991480373052,6.911657809182349,11.690050948822602,22.959128505063934,11.034232585265332,14.316170310176343,10.354248196099547,10.618861877038524,15.189271476920002,16.66815722378944,18.466741824046753,12.306944966910228,13.610794412824452,18.308428308072422,17.741245607242686,18.19339105299342,15.551233665740721,18.724167356718855,34.82563254265217,23.97243348305262,25.461132199104387,18.343816439778454,21.88311542891726,30.467915199107402,22.367646525234175,24.528568178976865,18.81363388745155,19.263342259196463,26.033237510572697,23.236311840986854,18.222082410465568,10.139429627257929,19.85181293864239,21.958045654386776,14.122373944156097,18.159911466905772,9.510688993189662,22.553405914854416,23.9684203400029
6,10.2666888326029,7.966801606261009,7.805775664710116,7.476881509315168,13.640167848722658,8.404897787007906,-0.0,4.597311937703539,6.410646039174148,7.496464486746768,5.126259941027637,6.31823600532444,6.219323384472011,5.495831110014167,7.3626396848554245,4.809656469446571,6.300219193491507,5.23498326906788,5.076280575166353,20.019853862916097,9.311498747687972,2.7623207372009384,5.276569267082006,6.43373345174526,9.664968280919952,3.9080060548465783,2.5707906123954323,6.141491138330389,8.76486055593001,37.13279939560853,23.585047011066393,28.16860419048094,15.122128072752032,19.137630976450794,25.14796484655348,16.535751655750136,16.49839009996486,16.499133471563095,14.87251556872696,28.291097911632534,15.641766586703156,12.492767135118655,12.69328794572313,10.647059607261694,24.677759774119476,15.823174940455171,20.31577235329577,14.374749760622985,12.7056295398159,19.479198614977914,11.068216201154758,10.069598224387631,11.408963355395242,11.854830514333937,20.574879197118364,11.074375161956908,12.935259942072205,14.320444160013196,20.735831035887898,37.80483662308059,25.597307309036097,26.85884252066245,21.59855336849869,21.25809781893621,33.919490641827366,24.71917329010552,26.68410186576057,24.126926332739448,20.716605880388933,32.89145280696959,27.721638902234414,20.507241987423747,9.17616727576372,8.414798136033689,26.271638983778978,9.840149792124025,10.510709144906935,8.638701541658564,11.095057862111373,28.932803240662103
7,9.676573648438586,7.347089431657677,6.853361950731518,6.730780416876226,18.070367876337613,11.981314996480295,4.597311937703539,-0.0,6.625585437525746,15.469589352114266,7.1449996349245914,6.319750271953002,6.695680025487487,7.415202406070123,5.632248825994645,4.827909023591387,8.17783121438079,5.43814280127376,3.678532964366626,29.212799749582416,6.197405631890069,2.9339683313200005,4.966300516626311,5.917862073347922,7.66368794078468,4.644884812437104,3.14364939274019,4.489157715029572,6.583922114502864,29.803786685524212,19.53561569749129,22.9691770774863,19.457124479201678,15.014869486028575,16.076482846208666,13.850396072120141,13.507590557192795,14.654705557830082,16.326809859074604,25.27629510171882,24.241989622113856,11.818059339240953,15.743465139669452,19.68666952380696,28.68308203169304,12.999217565397188,15.913683948051592,12.68817026380779,11.820244745631642,11.033332204572421,11.112161476297384,9.262392102736964,12.367930565652058,10.815831393308047,21.43371278574542,10.266048443719379,11.481557477069748,15.64653805240642,20.432039956390835,35.60260692930053,25.95716080594329,25.020226537267117,22.046190105186824,21.75726425214675,30.51429950081528,24.29389423857759,23.9439391833437,24.17668858612401,20.867393158024985,27.194481673361167,25.825446891269124,19.712112907427436,8.951270460921991,8.158030190697463,25.562534976791564,10.48457990008779,10.18998851577253,8.216202035292287,10.250905076547008,25.264038406131167
8,7.8252972391947075,5.433905631047959,5.282807066444098,5.033205298785123,19.996148601043053,12.1011510495805,6.410646039174148,6.625585437525746,-0.0,12.246591108027848,3.405500401535119,3.050709056833041,4.4425379990530205,4.907172709994422,6.705265219035089,3.790158315999408,8.204198783187916,2.915808744248125,9.358708152939501,29.002852121662507,10.944103927385546,4.11220558970187,2.6198482646479095,2.962212553634438,13.822087378390512,4.156237513954808,5.735113423108491,11.278145590370935,13.719020128549397,38.38909997221253,24.851322567679528,29.583758625807448,13.832245990298938,15.922284510950506,29.289503566797826,20.432138466835813,18.155552273536035,20.30251569593697,19.57774702134641,38.138596176309264,22.13801651561391,15.60886651138996,18.910974490073805,16.38087677719581,32.78940810146284,20.312734885703186,20.901696429471155,14.606013604287515,13.18856029351587,20.707677983548,12.72197592157326,12.296885322188894,12.464792331901435,14.853545259165235,23.5534323298555,13.601795089352557,15.347380755080849,20.188032632394567,23.91074053058822,37.642339667028644,28.787180574630305,29.760995044895797,24.651620751441676,24.501225312503795,35.699210738819474,29.40699601802794,26.716961562626203,26.474673352475566,25.570162189331494,31.750605514294545,29.40306436320915,21.251185436910017,7.781209939097365,8.015280420536765,26.92458351208188,11.872341782863572,11.518822234129345,7.1819009862872205,6.19668122922365,27.005533410397582
9,21.502748935424364,20.897490364262516,15.85516417371978,15.546984750875819,15.952060852369605,6.860223071985227,7.496464486746768,15.469589352114266,12.246591108027848,-0.0,6.637593195507072,14.42981494695345,14.592336603781629,12.314314240381737,7.484055665483592,11.546203114959306,12.538349295384096,12.80673346222143,17.48847395842733,15.062456118722997,6.6982882691330925,11.863197796461986,15.850092415188477,15.964548602801344,4.750136419996753,15.6110943034865,13.996623223277119,11.077576572949162,8.694110256188607,30.760858759696756,24.233862398906112,31.24177988919887,17.63332666618807,31.845160795520247,18.526838885860357,8.445407043471313,10.095795256433194,8.854823703449322,11.454212524325635,26.22254951476702,9.086964065284093,11.380338379595816,7.268789639294026,6.237390757069014,17.349939514239164,9.35117016493542,11.868982401672433,8.464700893460678,5.832884937076663,9.335047312324898,12.46721322257569,13.752846162289188,9.400595379622006,11.49638638893513,13.167770689880346,13.132120498403971,11.753569716235832,13.788021194228618,14.505693503975266,23.135537181328427,19.668583506811526,18.79861930986105,13.804238886006859,12.475379346705292,21.126235953117458,18.816975785061853,17.9019804837525,15.240629089155293,15.364262183992574,18.78675106584735,18.230547459788795,15.965361170577411,14.706640585261516,15.37102996506117,15.080174333378267,11.473894784723658,12.737414442821489,15.87900494670121,18.364987966002317,15.874045399785738
10,11.31974804235281,9.12824061848423,6.520511567242362,6.371079903952294,20.827315635039394,9.459499506966257,5.126259941027637,7.1449996349245914,3.405500401535119,6.637593195507072,-0.0,3.764454731390589,4.767213562084676,4.591915775684231,5.364348296953296,3.8878991442709196,6.8273482884938606,4.851620586609421,9.654723886355441,22.67316146413085,9.367977290957844,3.657201907035025,4.97127555765051,5.267872220390718,10.049923703107837,4.861171111076349,5.712711258684088,9.16291500810644,10.862714201589945,40.42805725775211,26.146531981214967,30.843025598840395,13.90494954820888,23.308793716572392,29.483503817918653,17.882126516134274,19.75488582273426,18.038105548186603,21.18965606043566,37.199387868444134,17.786066192646828,13.86552679802623,13.001568802751422,11.467563789316543,24.63054124624505,17.497427919239147,23.092257821818453,15.248970028324056,13.482437166915828,20.866998792632764,14.366779810248746,12.566567221666645,13.803409776295114,14.57062802953378,24.686610708095557,14.146429432812468,15.121540899557328,19.12292828441752,24.783453087745496,38.15915132727902,29.13730287961813,30.579498012074502,24.237340134934396,23.375558256123554,35.00119290090734,29.37592818548748,28.285296354091944,27.33492835193415,25.680626839615538,33.663738203592644,29.166927652368194,21.131048911204456,8.465608463233824,8.973884745824838,27.798468864299206,12.056719977989882,12.989672116181326,8.82690345974687,9.478742214233504,27.340380496563718
11,7.280601920416843,4.284716791112081,4.05918662214644,4.176233535018983,20.139631959044067,11.361923837275144,6.31823600532444,6.319750271953002,3.050709056833041,14.42981494695345,3.764454731390589,-0.0,2.9452406669950215,3.90371584183145,6.6071314073519245,2.496056188904808,5.678361932331228,4.0823536828937295,9.143903729625032,24.866647221859104,8.396981277233294,4.423910505896381,2.7146095616475256,2.8695300344053023,14.149868013470211,3.656691659875023,5.368297189398731,12.38437879236607,14.562600121785664,37.64891519012698,24.580848337100008,31.066294194133135,16.980876432591078,14.367611081259696,33.52107717823846,16.862202316461477,19.91447304530577,15.37994506509291,18.37237083916811,35.72449683164933,22.125505244800422,13.344745791201943,15.429579006437912,19.726951667847022,33.973585158415695,15.141338529022342,19.503673209982974,14.505120952548946,11.859535371980046,19.443873388983143,14.976402213782547,12.520498255279916,16.16054907734085,14.674160026749552,25.233511511165354,13.991538925187713,16.584103501090258,20.87110356937275,24.894203286048153,46.923385059796004,32.042473791792276,34.325996649343736,25.262575237968832,26.50988275309054,38.32897250410425,29.586240147042574,30.991960068587552,28.557747584142707,28.8235315996357,34.03035158099587,34.055751153220115,25.08426065553655,10.135525050650065,9.020371743899124,33.78682609437443,14.04518147820145,14.21364754820852,10.09126789695155,8.072866880910563,30.7733688290639
12,6.841713520891448,4.209186944223222,3.1488628837318426,3.28042635720531,22.59883072636916,13.360308151329644,6.219323384472011,6.695680025487487,4.4425379990530205,14.592336603781629,4.767213562084676,2.9452406669950215,-0.0,3.735541820189819,8.76740062068866,2.4264524661592812,3.2885714118305898,3.957823456101384,8.31604935655561,23.614625235664906,11.269388190339683,5.675604257998448,3.181166032604718,3.223497733732533,16.18751795213317,3.4095501582740657,6.6649937144804445,13.099999416174306,14.818870504023348,43.969630413171146,26.626783855342143,30.139439185947726,16.09506692645326,20.781640191431055,34.35550545795611,18.380831830332546,23.538924270287207,19.754259533532924,19.712842671790924,39.06285045072624,22.528665350095327,13.829636571175824,17.935626833410453,18.092406503447943,30.635342584242835,16.780947138526756,21.189057384918012,18.054531886423653,12.206661931596246,22.332642621971818,15.765280766189406,13.206953053509908,18.39337763286908,14.64090423616205,26.20328494906153,16.027648568499707,18.650091667957863,21.183484617791194,25.85895304314041,47.86419166270299,32.18250966629374,32.671840182456734,28.725500882305326,31.946164047056442,38.385436431123054,30.368445008040435,30.60879884833389,29.847357314317428,27.10681453631971,37.38468733157616,33.40095469030629,24.779563073408717,11.105594376096205,8.888451203861926,33.97764743721293,15.509520076382454,15.227074984497243,10.206704601134367,8.297009818623705,32.26552899739756
13,4.928231836539593,4.827861940647386,5.105309807466984,4.2218461754934955,16.85774270865843,12.549634955458506,5.495831110014167,7.415202406070123,4.907172709994422,12.314314240381737,4.591915775684231,3.90371584183145,3.735541820189819,-0.0,11.359142873231479,3.8911821537132503,3.1796613063435943,3.7023409073641242,9.11614986974683,23.704180774239383,14.219250181101884,5.598723034059889,2.9209558987043227,3.411913982715157,13.643309220475711,3.007754250255417,5.335845520951244,10.8404493303452,12.72560587134084,41.66498026437929,28.286840748824602,22.496194800547787,12.893042220166754,19.28327952632949,32.994104860044196,20.866504174650252,21.8958596967263,23.528914424198444,21.607623244420186,35.568746119140215,21.40376308505709,17.05640246747911,17.236479691493074,16.922320835799614,28.288079878294127,20.07244780569404,26.35883368712994,20.251021016366423,16.173100271598837,25.619118360758744,14.198666759821386,13.39016669034944,14.972603711506776,13.776097936040367,22.160758424766186,14.3695228507001,17.994094152036503,16.65240126081623,23.604802213519918,45.2992742470266,28.405921133961517,30.587034301352414,24.01781825531856,26.283254179531596,37.98277572060846,27.779907686459094,31.247173007597752,26.800891232546682,24.633669552235336,36.245703982930934,29.034375834985504,20.42060959769531,8.471137721618156,7.855639877520333,29.363521659442444,13.603214574174423,12.238107521724258,7.426490665130393,7.006764765247737,31.11258346246311
14,11.254113670333563,8.965375879647477,10.206945093118557,9.51565035871574,18.546836910127816,5.397709969135142,7.3626396848554245,5.632248825994645,6.705265219035089,7.484055665483592,5.364348296953296,6.6071314073519245,8.76740062068866,11.359142873231479,-0.0,6.134910886034303,11.397400810813492,8.198627437127351,8.005462057000601,24.27781807673226,5.251898908038733,4.228836934744216,6.497262410806119,6.713600144565064,7.907558765180678,6.8521057288863005,6.620146471623836,8.767398524546724,9.355514314803333,34.017941829912495,16.314153598006797,33.69375657307131,21.974775455733038,13.96232777717647,25.30610532575301,13.857539070546876,13.406912336939659,11.892846639494577,16.127432058332225,32.748669316643735,17.897355686580585,10.725259727523676,10.879995463674602,11.717728189512364,28.656755404138774,13.483043383516017,14.747170840798006,7.83164817557642,8.455924081027776,14.026310092366232,11.85675287669983,12.2586217120698,9.830420562427653,12.318389081275999,20.170455895956277,12.595686305344836,12.087060060379414,18.12590676421243,19.29664084376391,32.46314885143179,27.129837522831302,26.46975951348064,20.190505394389227,19.8288850878104,31.145108010940895,26.193779162721775,22.012089175225274,22.81785471874418,22.828053396623627,27.096923913459452,24.629140342549476,17.528842856363916,7.752919935361764,11.658932826329716,22.90032545533064,10.48749374869524,11.959415690333625,8.242024289382746,12.974091099717077,22.234354758786488
15,6.349568912477562,4.503866483226242,4.199115228385393,4.904515688059947,20.947535805055622,12.319502083239732,4.809656469446571,4.827909023591387,3.790158315999408,11.546203114959306,3.8878991442709196,2.496056188904808,2.4264524661592812,3.8911821537132503,6.134910886034303,-0.0,4.441517321277954,2.538599117199273,6.910461769770161,25.527806260907564,8.54475316416184,3.9759919973606124,2.4798095975047363,2.5640008776407344,14.851836478948112,2.6788897940923797,5.18876082245508,10.139099482214354,13.298312157834307,40.691366505491374,24.727232553757165,29.160289860887318,14.659928479547299,17.605565143463846,28.016126855457895,17.010378981328312,19.694168862832562,17.524880330041043,19.108854715631924,36.51131575066148,19.04459955458013,14.465870771533355,17.25885159502295,15.831793650124188,28.797599046837366,16.763258860805497,17.385644926173462,13.799971373295886,9.444001056937365,17.768550491210938,13.546716024656355,12.395007705168581,15.856690274702952,13.342954060741551,24.854585497653787,14.221473425522271,15.908313505548048,20.992986654274496,24.752986868829208,40.71187977756548,32.00706461768194,27.700745495030237,25.885022727324124,25.316172157671563,35.730263661753845,30.02583938716872,29.409733486854957,27.88395081519328,25.53533418791483,34.59070520448563,32.71706728382397,23.731545250207553,10.322274525164259,8.283717684515116,29.539733074554928,13.398917038218894,12.56950421957413,9.891686661915205,7.574158944126045,29.223504348953746
16,7.035559631561359,6.565744282602985,5.37891079017175,3.563375439362135,17.345363902219514,14.938752132075875,6.300219193491507,8.17783121438079,8.204198783187916,12.538349295384096,6.8273482884938606,5.678361932331228,3.2885714118305898,3.1796613063435943,11.397400810813492,4.441517321277954,-0.0,5.961513077637225,9.420640450281912,27.444421279435286,13.807024052773627,7.138563459758162,5.810416035195024,6.066411229969033,16.896522835248007,4.268809654546303,7.195635101326455,13.467752328879524,16.995823167215182,49.301921293081456,24.124728997872428,24.285020952399027,17.131454410430827,21.229980018744147,36.38057412053315,20.061489298193695,22.163151163390932,22.653776576275128,20.3187898409052,35.85764835277685,22.276232161841598,18.48928082983196,19.82644308728635,15.620552800893387,34.06056606476511,23.581903494954304,26.228436337446816,20.940552273501808,15.592119313381872,26.79843098696313,14.806021204167916,14.29808148939446,16.71243777628553,15.458621182741087,24.04359341328104,16.119220129482727,18.248799848560967,23.18132269626772,24.871177963345858,47.0828546486977,33.151429717816136,34.679561245836645,26.32417247472626,28.537255900715255,39.223862630281765,31.75846291738331,32.55590848214826,28.81896113628251,25.355729704356342,38.70764351179768,31.829569439360966,22.8596850122872,10.580202922105741,8.54625378375562,29.794287202396983,14.5977873309793,12.997705751629926,10.381926574780646,9.961600671837344,33.465681693260834
17,8.478609089808286,5.010324843827419,3.9760726178113255,5.71900959995995,17.662842332128616,14.563783466703255,5.23498326906788,5.43814280127376,2.915808744248125,12.80673346222143,4.851620586609421,4.0823536828937295,3.957823456101384,3.7023409073641242,8.198627437127351,2.538599117199273,5.961513077637225,-0.0,7.957198603389689,27.36852665354376,10.146784559512755,4.5597770620680995,3.0903046619267105,3.1600933172200962,15.05974887312632,3.9123259035108147,4.140532606822896,10.22267607226235,14.381053475897243,38.732034664146084,20.78008102117662,28.464698948442397,16.842332474080845,12.608937492095599,30.022874356321918,19.34462355829111,18.158375694135167,20.194419306027594,19.075385916962475,34.23465729154019,19.40240195114422,16.092342914913836,19.405201499272355,18.00533192231797,34.092864938849196,20.29706337228015,20.39843288190779,17.098003037098152,10.820700203075537,19.284503512683337,10.334080508140396,9.96927560094598,12.530576902873555,12.291465789392303,22.40499157546428,11.847131252915776,14.356011403516984,18.750050303679956,21.28898674945727,40.56161405890418,30.419611368569004,30.01514317647389,22.8675685295054,22.18817449325912,35.948405301562865,26.226490046027205,27.926753928892854,24.96055940872566,24.193229431009385,33.013424185267525,31.41322502326611,22.821343298698153,9.52471256573976,7.589865101987927,28.926703751616227,10.932237409101907,10.841907420060277,8.812208812338028,5.946384148131182,27.740549327037858
18,12.657337021316607,8.1279026659571,7.312079433900526,6.975697588987984,13.906788437432272,9.511036759220602,5.076280575166353,3.678532964366626,9.358708152939501,17.48847395842733,9.654723886355441,9.143903729625032,8.31604935655561,9.11614986974683,8.005462057000601,6.910461769770161,9.420640450281912,7.957198603389689,-0.0,30.34222565263289,7.50601132274375,5.017021262987842,7.352173847061529,8.626707635528911,12.71228786710303,5.487918702944609,2.9330422016170496,7.58753917281415,9.428909323305598,34.010580846244224,19.888206516576084,27.448345734754632,21.687567844981558,12.187598326500842,26.74866814120514,19.165545319508773,15.39433858048898,13.229125534435974,12.20846520697639,24.974216242807135,25.68948309519717,10.433586658249862,14.861760293951104,21.167971797228475,36.25502903886254,12.324054473791344,17.333860440210678,11.222693448025186,14.47722103864328,17.856662033786844,11.007532443441635,10.131073575706116,12.43555513545213,11.83633089929134,22.104194635611236,11.048269115219586,12.721479140821037,14.089178539106726,21.00233077022793,39.12707776079431,27.585403263197033,28.993192937000437,21.40550629084192,21.926796198612436,36.08136916867466,25.502302585716443,27.003368794015756,23.834569604527253,22.25826277246041,32.13286136027762,28.041920015187124,22.340449699614823,10.575827840632769,9.63022021944374,27.159786760195118,10.304320032027473,11.01901243702097,10.24675235280896,13.806152838028876,30.77928722717436
19,36.45062147673399,33.075237310269586,25.739431227892346,30.095830869829232,21.88040920519,18.397980120366856,20.019853862916097,29.212799749582416,29.002852121662507,15.062456118722997,22.67316146413085,24.866647221859104,23.614625235664906,23.704180774239383,24.27781807673226,25.527806260907564,27.444421279435286,27.36852665354376,30.34222565263289,-0.0,17.39181877441606,26.905574687016824,32.64512673458481,33.9061310102316,17.189336381465363,31.26108458055091,28.692384678074188,26.067113142711552,21.446817414217996,13.693063162879302,28.931689316144404,44.701852790511,30.900633610472386,44.791556732686715,13.117600668338103,12.886957765400854,18.458130347336656,11.444420056633005,11.701967671913028,8.892567344506645,8.797536689747773,17.185753524767836,14.307297464426396,11.70298790449486,6.716193360389248,12.215822706420523,11.884380244312299,15.562455557122606,16.031637414663948,12.02097492608235,24.152730404447517,26.911947561442595,19.49565705397076,22.282627417609604,14.356576506647434,23.35057534227533,23.342968205197415,17.30894162219696,16.36669416616578,17.183438348609982,12.393628047147354,13.341790018076335,15.745815811456106,15.282093116534709,11.75201900677991,14.059279397873484,14.78539440056359,13.357497981098843,15.40628079535052,11.124218516574224,20.053964701376593,27.573105715490527,29.520483822175077,31.773686988478783,12.538248960495348,21.58073036803694,26.09516422645076,29.755935721467253,36.996473622348724,23.219622965496704
20,12.614908691743215,9.920484137587124,10.032006060141539,11.048041312564157,15.994932150277313,8.390559316685986,9.311498747687972,6.197405631890069,10.944103927385546,6.6982882691330925,9.367977290957844,8.396981277233294,11.269388190339683,14.219250181101884,5.251898908038733,8.54475316416184,13.807024052773627,10.146784559512755,7.50601132274375,17.39181877441606,-0.0,6.432926178782808,9.816199259350508,10.572297280524651,6.546578073504769,9.348532025792885,7.276281031663212,6.768418103682847,7.752379880267779,28.907483545303247,21.196209730210697,36.15295064572038,19.610864274716278,11.705115953190813,21.504842289413503,9.695023582714539,9.842968102034982,6.118176205992375,10.088851481980523,21.129823951808483,12.569345235352284,8.849722494813262,7.751525359067266,9.561181872992455,25.83577452901741,8.94850589717368,11.987837102829575,7.831601974810133,5.862547675950005,9.41541186398212,12.2215310227531,13.001839337775902,11.037165199300645,11.30683047911057,18.151113244061158,12.096270628743625,12.640402600526851,15.995185041757866,17.843611009123315,34.68083326159169,26.161354546377236,24.83958374150339,19.080918422884984,17.026091125662266,27.67136307625981,21.312536812960467,23.50680130312597,21.7022519547633,20.830334062401953,26.0353891422819,26.36528152783463,20.79019279744456,10.633719639470671,13.971209480209076,24.339330888248462,11.562706922725205,12.473494875782269,10.889761062208688,17.00642058334633,23.679974115442906
21,8.447645263968539,5.666722043715757,8.059671388276906,7.0501483467277355,14.664270039955124,6.122042478594892,2.7623207372009384,2.9339683313200005,4.11220558970187,11.863197796461986,3.657201907035025,4.423910505896381,5.675604257998448,5.598723034059889,4.228836934744216,3.9759919973606124,7.138563459758162,4.5597770620680995,5.017021262987842,26.905574687016824,6.432926178782808,-0.0,2.704135011215596,3.5684069881301843,7.891045752381655,2.6364951594479,2.347012599688277,5.939872806907654,7.90437689362831,32.47234114417162,21.76192268004934,30.714185029404057,18.659748641998082,11.41455982077387,23.213875269878088,14.804531664791465,13.615104938451477,12.502776478953672,12.958774541492597,26.452782393990883,20.835963560421774,9.461025609970793,10.894128795744347,16.629663942000573,30.54087691956245,12.076278107335856,16.89787719450227,11.298619898491063,10.811803138130236,15.448734167041872,14.811712122439904,13.814122579436512,15.87388413611226,15.120929238828952,23.914405913311498,14.680339002110376,16.011100837542173,17.431957662977144,23.522176641670853,40.37747159876455,28.070845651650725,30.879250670236665,26.177551146835203,23.710489536627904,37.120911911992216,28.531938519072394,30.262914298505006,28.165765053387535,24.832911360787406,33.594945083160134,32.27280023690555,25.697275210283014,11.44094775098152,11.942647530917613,29.23288983149487,14.844056377432539,14.30156650011278,11.482687433669158,12.288921774021277,30.84864621301505
22,5.595276535053058,3.4605048964037253,4.360858834094527,4.639651291236814,19.44538206828773,9.956917533205257,5.276569267082006,4.966300516626311,2.6198482646479095,15.850092415188477,4.97127555765051,2.7146095616475256,3.181166032604718,2.9209558987043227,6.497262410806119,2.4798095975047363,5.810416035195024,3.0903046619267105,7.352173847061529,32.64512673458481,9.816199259350508,2.704135011215596,-0.0,0.9358510852954646,11.60379335286738,1.6335001026320486,3.275973225736397,7.81766039051258,10.74117232355028,34.168524897026344,22.366359875501747,31.136305678662186,19.13886824942407,13.375866221552782,24.692528327795575,19.990293364471132,15.638132679672076,16.67457416917565,17.26173608949053,33.16619262106853,25.291477685937203,12.559605654063603,15.21498209040031,20.279558935025538,34.5344697699289,16.334256519782848,20.07622227748078,12.498403986002378,14.969206529333368,18.649602335786145,15.657989862694562,14.830037655566548,16.861461314420964,16.585849859491166,27.35881078294649,15.807121840811702,18.27873546991473,20.08392946669611,27.06373197961734,42.38306998100523,31.458715691696423,32.30710930890717,27.06882538906041,25.270093382538263,40.49756840856926,31.94178659059583,32.011833381161075,29.835198834706436,27.641709713586334,35.55155579174382,33.87397004204917,26.449298827055788,11.536469078311045,10.3459430203928,31.12582875022114,15.45396543205466,14.400120007546867,11.337486970913403,9.194995557164116,32.612529220314904
23,6.586769962890204,4.105294565531123,3.7130092600516496,3.656596982342957,20.38504952508269,10.344656815776641,6.43373345174526,5.917862073347922,2.962212553634438,15.964548602801344,5.267872220390718,2.8695300344053023,3.223497733732533,3.411913982715157,6.713600144565064,2.5640008776407344,6.066411229969033,3.1600933172200962,8.626707635528911,33.9061310102316,10.572297280524651,3.5684069881301843,0.9358510852954646,-0.0,12.646532169290403,2.419518351327723,4.58797819890967,9.034217122994898,11.694154215939815,36.622108503528395,23.002598952366323,31.31493928586859,18.469948153700948,13.373106741905103,27.303810555065784,20.26009947321688,15.963450038860952,16.91890940490119,17.988008426184063,36.04444446438686,26.140209378507233,14.263186190341784,15.906203672848633,20.287712476721875,36.22996091427593,17.876035180178683,21.01343204754122,13.565945768207516,15.375210727394066,19.80778604000768,15.226858980806185,14.648348995209602,16.83024558243267,16.45974933794242,27.471200598035185,16.179769203647037,18.518680851486977,20.984175315327196,27.18613955534764,43.67801840873596,32.65774400104127,32.951462264351505,26.500735052272066,25.352661841578765,40.74281454886443,32.509825722778565,32.22628316391035,29.3577282218555,27.932389191655197,35.1410461636666,33.40272487018757,25.49370721959293,10.840901215343905,9.292503361854461,30.647891810961777,15.108108843004985,13.6124584008234,10.636743751248869,8.966194576871565,31.788703626172993
24,19.82211346123028,17.87970272934718,18.677418795931864,16.734718429061754,10.669932809294222,7.509970592927089,9.664968280919952,7.66368794078468,13.822087378390512,4.750136419996753,10.049923703107837,14.149868013470211,16.18751795213317,13.643309220475711,7.907558765180678,14.851836478948112,16.896522835248007,15.05974887312632,12.71228786710303,17.189336381465363,6.546578073504769,7.891045752381655,11.60379335286738,12.646532169290403,-0.0,11.935629681144205,10.087934132604103,4.799870954449354,3.5725524470288614,23.27188405393499,21.976646576867353,32.27558675184929,20.71357348998559,19.746088830882513,15.441001151334923,7.994075760001067,8.79348659140551,8.862109034325785,9.329762141621156,20.963216762452504,12.892639846750724,7.891282579508895,5.831424620832151,8.418271356366875,18.370507553620442,8.360023307020088,13.533336771568242,8.35137466740413,8.334783647467624,10.68667939894572,16.622581933351942,17.21820260760619,16.883651540037896,18.502951885083625,19.62846973786577,16.399945468852945,16.713127491279025,17.634169326410642,19.17601278168357,34.51003828621117,22.450500537264904,25.99903044150341,21.583241720630202,18.925092462208838,30.19595179143258,22.682569389087277,25.25274321979338,22.932824111456807,20.615155415872387,27.543833434543252,25.976202611522297,22.358397349403486,15.559264952809094,18.25850738982045,23.31957631494424,20.237674120170624,16.20885684229928,16.061997772330823,20.401025892906908,25.12029235972281
25,5.155905268996565,4.358975627571932,6.157606911649865,4.367921070964229,14.865957059179381,8.199059115407664,3.9080060548465783,4.644884812437104,4.156237513954808,15.6110943034865,4.861171111076349,3.656691659875023,3.4095501582740657,3.007754250255417,6.8521057288863005,2.6788897940923797,4.268809654546303,3.9123259035108147,5.487918702944609,31.26108458055091,9.348532025792885,2.6364951594479,1.6335001026320486,2.419518351327723,11.935629681144205,-0.0,2.9891597056608683,8.031259155433533,11.680440763604562,37.50378034373227,22.579433695312872,28.64401671584618,18.949580764769177,13.031096928953072,27.641765286576117,18.139362509840236,15.769888266443084,15.416544284766625,13.991485827181501,25.874092083277105,25.25206255432149,10.733723592887984,14.458558495526582,19.99566309187531,35.61851133358474,15.456851211106821,19.205842086209742,13.273789655372196,14.196854102532292,20.023325671692763,15.52015669585664,14.585166135923345,17.054200583432593,15.76815428389118,24.852479690518738,15.66349337300575,17.73190529042422,20.644097813313035,24.618330014692667,43.9273390134392,31.011408753156932,33.27196200139252,27.162520378179064,26.92043870043339,40.13472138015364,30.944159033320645,32.44272967108982,28.829440932500194,25.141323207867522,36.7245296939464,32.80162250412457,25.832855428536643,11.562329949704983,10.649929574654813,30.611168779244057,15.491402579218256,14.612224336153695,11.374647736166919,10.722686158711074,33.90513947216646
26,8.887067964117817,5.73069690044501,7.875795233169636,8.076712753584083,14.683425746200232,8.251709952794092,2.5707906123954323,3.14364939274019,5.735113423108491,13.996623223277119,5.712711258684088,5.368297189398731,6.6649937144804445,5.335845520951244,6.620146471623836,5.18876082245508,7.195635101326455,4.140532606822896,2.9330422016170496,28.692384678074188,7.276281031663212,2.347012599688277,3.275973225736397,4.58797819890967,10.087934132604103,2.9891597056608683,-0.0,5.682511844132623,8.457821719568873,32.44993104046766,20.189183148333417,28.24963483923713,18.417024549620596,11.289604708574867,23.920232664428163,16.718764746445352,13.139661402366485,12.793048831660775,12.354079209705498,26.17308301017567,22.748379623710917,9.87811667066966,12.660819605498373,17.818027978138073,32.65395095129651,12.791871117010277,17.679947786166327,10.767948501875773,12.636672129945518,16.841967227229308,13.673314244273607,12.668305569053206,14.834202909070644,14.10008594969161,24.105509905054774,13.593623223125478,15.321701634301863,16.208627165865604,23.676712128139787,40.44696371156608,28.25383237011888,30.346276887616305,24.909822027474867,22.65141749333167,37.60959540775002,28.228360417288382,29.652553790825902,27.39489529747275,24.37782391287272,34.0697956188832,31.693318488246913,25.49039803994627,11.511488689020204,10.423970252111177,29.23748046937155,13.416881805526645,12.942380429732589,11.219980820715511,11.190892327472477,31.72806178391343
