,0,1,2,3,4,5,6,7,8,9,10,11,12,13,14,15,16,17,18,19,20,21,22,23,24,25,26,27,28,29,30,31,32,33,34,35,36,37,38,39,40,41,42,43,44,45,46,47,48,49,50,51,52,53,54,55,56,57,58,59,60,61,62,63,64,65,66,67,68,69,70,71,72,73,74,75,76,77,78,79
0,-0.0,5.685762386943364,8.744081778832143,7.1645840919250485,18.895232471159513,10.594217873248512,7.128932763477379,4.458269593146284,6.65401943122759,14.838350322581828,9.240338830300894,5.259141888865795,6.006601022227102,7.295367887973022,12.407077610840625,4.243485688294445,4.89246595229672,5.211209819520879,8.50165562045764,33.843535638701525,7.190284034193337,6.746497274912293,15.04370215573891,11.12862981937255,31.254870400638154,8.12739007337188,6.94708345645413,7.406215318688505,8.274356436489947,41.26607165968036,9.989561125539028,15.227279371430873,9.484822361821154,7.852775331861962,38.34268295804171,9.197965682266888,13.547193034919003,10.312831029871624,15.322720237193007,32.692056265114836,15.699219267640082,8.78228561329116,9.0381124789375,11.638816515598576,31.239100184905045,17.612854677996648,15.603209933102589,14.792452080548216,13.223316116971745,25.241979045448623,29.086071136426526,26.211711753763876,24.804109095332457,21.840522771675587,35.08705318417393,26.61861443018459,24.76668367785449,26.490674099326334,34.812877078134484,42.47334839001871,31.280870338749008,26.915921338232216,26.668377467606845,34.706189212666544,34.83253359251959,26.903410323292132,29.83093288693962,29.312932295958458,28.240739010201835,34.75657304939594,29.861490847974434,22.51242693844836,18.310885999679122,19.563736508438538,38.31268910140705,45.865224363374,46.82096479421484,34.859431925928696,24.513132053396554,27.269985744502648
1,5.685762386943364,-0.0,4.244589151991678,5.021700215529557,16.686359842385986,10.073504175350696,4.079351020016354,4.881921198734601,4.763070855345776,15.447172427164173,6.144759888234725,5.773351725493678,5.009503923777433,6.9188564112890285,12.843110285797048,6.431319171290547,5.7423518237244355,5.143654572567372,8.895849057121117,20.80818182342237,9.208953012757336,7.639074212182617,18.667927077276804,12.968789607996067,21.474918388694437,7.269496019315713,6.839146490842498,8.6777115779175,10.416465745089331,40.16208029984179,11.316385711633687,13.682219628810822,12.376191656977143,8.924327169128704,29.481952011562786,9.448115706744078,11.614703052049716,9.927440537531716,14.244638961658561,32.05298907896903,17.747461766902916,9.983450203407685,6.641273081457967,12.418866524994092,32.81160805541582,18.81052851212736,15.681985648450459,13.642913950976935,13.279229050191486,25.771955671119212,18.226860232950386,13.401015694070917,17.32974215576005,12.949120986274337,25.344555336743245,16.477959183338122,14.216728687202172,21.4288127537677,23.261552192116152,32.018991049442576,21.418217279206846,19.44014317334311,17.926558298419213,23.135295810677558,25.190510393388678,21.1157286155175,19.646659540216607,21.647776755496974,17.911858072307073,27.88776716144994,20.93730581737045,15.217565334100268,16.325942300531214,13.736642346839918,32.16778411545855,39.843438520641854,36.115053895815805,26.20485007948895,26.984594196399794,17.139925580446008
2,8.744081778832143,4.244589151991678,-0.0,4.357936837489351,12.687306546276188,8.0638985054841,4.9794045990902545,5.770259735050601,5.825705233025235,13.337136400079665,5.840034210414141,6.571380873974255,5.5821125227928325,6.276994474366564,11.293360884950552,7.974715469451842,8.142615107142376,6.26758234366761,12.006320304191519,17.099443528634286,8.072667982021095,9.874400025035582,19.34136625421334,14.067546181811306,19.003961358484354,10.140634033123773,9.803382105637185,10.379877337890138,12.341724701988472,35.29981062695759,7.916059638562733,13.196964847915588,10.605611572164488,8.9351186585046,27.968293888687338,10.642789530017064,10.356612602041828,8.325013320336112,9.895346192298133,27.643847867828224,15.350807947021755,8.849117277529194,5.815453685399421,8.685321917056317,30.339801895744376,15.912388217736535,12.557351620470213,11.623886906437932,10.6236596610274,22.131573972584924,15.015370380717913,11.134765256057166,14.567479716722403,10.375568333997432,22.119948707821184,14.144894812508703,12.360614240513563,18.451544416106053,20.187301591563408,28.993033834845463,19.409223034803947,17.12642908410183,14.942834358892522,20.515764817038082,22.064856679321146,18.55142113886937,15.961638125363232,17.44729807453736,14.054846843351548,24.13117777731394,16.784530443595003,12.757413268635275,13.791765946810232,10.933706127360447,30.57096986954358,34.82012990732453,32.186130276899476,22.601743791786426,22.44976717338493,15.070545380038443
3,7.1645840919250485,5.021700215529557,4.357936837489351,-0.0,14.091748847736982,6.88902911119318,3.714419758150253,3.4041859638477536,4.5470328743672095,12.845414626936078,5.693537397393328,4.92359482391829,5.320357529487322,3.34277688544763,6.707339211873043,3.9490677543180746,4.516873722360048,4.136428696114771,6.040593726038025,25.34566326112759,4.777143364822265,7.372123988856287,14.500769823175522,11.414322255667525,22.489174151181942,7.609512965308347,6.608281987918553,7.160671906026822,8.218038322256943,36.75107585498483,5.278281584368185,13.70579128633839,6.790703160276034,6.918429369016545,29.514678701731615,9.684990889307029,9.933953364230376,8.822017138549956,10.712220382113843,28.723198501478127,12.118626744410918,8.71292666449251,7.176755628949217,10.471266615355018,29.72718367331245,14.12533697546038,11.394537273030954,11.593786474158046,9.048073120886446,19.781089987993568,17.28861606916779,15.957606356334402,15.924243999805363,14.249677783081248,22.246230151246827,16.56067669234576,15.354606445754174,21.599968373962902,25.033881721420222,27.254578678066366,24.26548350340187,18.35623874312731,17.89023650581911,23.494185346562272,21.33904833899845,21.008049549553895,20.793523522412922,21.17053106121418,20.04135738734631,21.42813222374732,20.818245585665338,14.845162912112034,16.786583402545745,15.383575690307605,33.414084490129056,38.81558364159961,36.016549021975116,25.483827610804752,23.82575322621591,17.314142926518386
4,18.895232471159513,16.686359842385986,12.687306546276188,14.091748847736982,-0.0,10.34128907131532,15.283065679930353,17.733430364013056,16.677741057089417,8.022190171436614,18.408658896706086,18.14721553635977,14.614914712769457,17.406554285554325,15.254357961099194,14.513752917264599,17.758657527654364,19.669422684867488,24.55945768608018,14.167309003609413,16.009164224212753,23.248732875192392,36.72673319927756,30.54059797996657,16.565593523227367,17.41808335980419,26.5499006356675,20.711766475697534,12.350881783530273,18.237341312167345,21.92744858309017,20.562682109150476,26.904647892763833,18.27324161545176,13.755325093468105,20.353139529500925,17.870958449502176,16.881497310952962,14.363496688185375,13.829443528714172,17.434012746876498,17.044804624060152,20.248769585872804,20.532517619392653,14.892447481650704,14.96390092775072,11.67752244704766,18.13306922263987,9.390002817806764,16.91867857849964,17.286853972651333,11.936744590543347,14.953519393047952,15.17379818336845,19.504867365177425,17.987467782186613,15.228097189477046,15.536306073342109,17.456301049567088,21.95411315854835,15.012028702110628,14.301876467017605,13.54565965462669,20.60624679022819,36.37600707547255,16.983515150158826,15.070955677879384,14.231078495703963,18.93781837371301,23.49070558716789,15.055781288899459,14.043541063213109,9.527343468986693,13.229546641963259,30.12187031344496,29.679555647262788,31.438842086493473,17.191837909350394,18.277570123939135,21.99481170843253
5,10.594217873248512,10.073504175350696,8.0638985054841,6.88902911119318,10.34128907131532,-0.0,7.243538744767136,7.485209644788137,9.270171021424785,6.309371031635095,5.284095526810895,8.916742016280965,7.313201824095738,9.495722422613461,5.691399514567934,9.83041704223953,8.189756490353878,9.75679022552518,10.899230627769107,20.12661531516027,6.535247063053667,9.262181801258066,16.975880014538944,16.199356589057007,17.26313467819782,9.453597527449455,13.709685040945432,9.365576013503505,8.630203532170842,22.54879861851897,16.900669124802754,20.557115858230482,16.746514351697698,9.295680097792667,22.835458143761574,7.802451919054286,7.37109042498927,4.5084138960922875,5.63097831190675,17.38739938024204,5.965333274129931,8.897018895632197,6.916018184462389,6.039062668844896,17.497974328609782,6.522452206161741,6.559085253833201,5.529950980015873,5.27335400420025,11.832752953572017,22.60339064527514,18.213642514746734,19.18933058252977,14.951560075963432,28.983069598049553,20.70582725314474,18.11439644763705,20.149475048981873,26.48442187017235,32.92000337663768,24.24111080315944,19.766981935268007,18.581427960915946,24.61188294616287,31.16160960222782,21.454632050998207,21.804661132907217,21.55000909431646,20.789099830678797,30.008260041249446,22.196185632254718,16.5839946921487,12.184576306137963,11.53746475134378,33.06208360104667,37.76098997718973,35.655233226502,25.10670042266827,17.923637091398888,22.290948704694124
6,7.128932763477379,4.079351020016354,4.9794045990902545,3.714419758150253,15.283065679930353,7.243538744767136,-0.0,3.876140581468535,4.698159071229054,12.420688571340913,2.2549016833636073,3.361318559881342,4.222793507114506,4.784688134034648,9.450392800518506,4.218545391821214,4.96259143285304,3.2247567658115606,9.998964869565523,18.084275235025572,6.395759661275629,9.208223821547504,18.8203453745638,11.458933598723947,17.356335151997015,6.814189995748762,7.9201663694557265,7.202239960651033,8.09104036470317,32.38915599715871,10.60117190969525,13.956632400320311,11.203362994153867,10.41811921171915,24.031101226356515,7.5359415406930825,6.990979650514936,7.005787458815301,10.106452888997477,25.079465521755758,13.058535601474386,7.15390380897875,5.267148992913489,9.152117923141047,27.82628619296759,15.018289198773076,11.139406629119025,9.872093851119043,8.961714639949644,19.598436851150186,12.36351322261472,12.21771755027715,12.046260709298817,10.243946667758042,16.978011730776238,12.049593449762968,12.781196795421772,18.742954827297847,21.46151502294141,21.41985868432783,20.382000702987916,16.57719831537815,16.36545279918988,24.896202620240622,19.374547859037648,19.344067243810226,16.11625802361439,20.54521437213714,18.594463529990453,19.046060775924282,18.373554201922655,14.321958064412042,15.194085611594545,13.479156546043532,32.839031957582925,39.77146580847021,38.416063680735526,21.828076891124777,26.500867376719324,14.419220404829337
7,4.458269593146284,4.881921198734601,5.770259735050601,3.4041859638477536,17.733430364013056,7.485209644788137,3.876140581468535,-0.0,3.495758937559421,12.365982313667221,5.43888274267203,5.43006692208427,4.249689288612842,3.596047988165308,7.906223038056995,3.480433958826497,3.3795227360116336,3.1395564882629894,6.461324334171689,31.87509573657725,4.2854703995893715,4.673301693164284,13.758151004054422,9.109318494860908,26.747638994240752,5.0547428036196695,4.194816858396906,4.501151875934106,5.094434989681898,36.41580391004727,8.271639131009117,15.28412341516637,8.526513153096769,6.420553531834262,30.990671692413933,6.935186135184178,7.662345915716266,7.624506336283476,10.671805593447676,26.898169406616322,10.558366406603518,5.782496307973377,6.731401443505726,9.76789305036241,27.971603678833233,11.15348695096294,10.329950275202188,13.315601035332742,7.363613723324203,18.348175849446164,27.075160427876543,24.36337437875675,21.44717084504915,20.59658448856127,31.962629898229384,24.244074064938445,22.67701411865541,25.856425339315308,33.55366989677595,38.3672911103224,32.03138885620693,26.22917866972532,24.526045489808247,28.93077494074035,31.728792888343158,25.894216222643394,27.12679013253913,27.34716599283996,27.134449578905212,29.96471366852145,27.956404865108,20.561775054476428,18.668370731590862,18.028983604412513,39.22227377932158,44.75692231916193,42.26480143878435,32.87962178149645,22.04287409174192,24.834859574268183
8,6.65401943122759,4.763070855345776,5.825705233025235,4.5470328743672095,16.677741057089417,9.270171021424785,4.698159071229054,3.495758937559421,-0.0,14.767021489195212,5.918072607885181,3.7631190112060566,4.054422406856312,4.435417058824363,10.717831375836013,3.6939966602760177,5.248992631952553,4.236216064995144,9.255253666859035,33.304160340886945,6.321114191072983,7.257160022385701,15.151520904652033,10.318043460058117,30.592596944416535,5.234604354672446,6.469587484299018,7.206527677391461,7.979558063039811,43.95243794101385,10.74945828547825,12.853151378663808,9.782542103291869,7.961589258147112,37.4646517978345,8.621502887110452,8.901323719087898,8.328862276160944,11.727669820188583,33.20528687149054,15.194883679241975,8.323222117774431,7.757125344685609,11.304970152204108,34.32594044521687,17.517464977845076,12.867691606196564,12.338547618641297,10.751926172443252,23.43872872395626,26.242419390690877,22.90852778443872,23.026458936011455,20.48579882688833,31.643366322384644,23.4982067201078,20.636501899189632,27.18913288898466,34.342564643863476,38.68501640772213,32.0916995755846,26.90060476774293,24.973579095460785,33.30538164338601,31.611253821086063,27.625086359824888,28.070071457099644,27.594333238348923,27.00145655124337,29.28259991236998,28.784480486757214,21.653613440424138,18.33542486115821,18.924520192950958,39.36157592067427,45.20876056480301,43.78787941002744,31.48966285421187,26.440184945856085,25.432745010628558
9,14.838350322581828,15.447172427164173,13.337136400079665,12.845414626936078,8.022190171436614,6.309371031635095,12.420688571340913,12.365982313667221,14.767021489195212,-0.0,9.0935610805418,14.874788834519846,14.108657710703099,11.347260963666626,9.564421402301571,14.671484943582108,17.72038009262604,14.74803851556832,25.066334104758653,10.311177555105106,7.632535300842558,15.834447474761197,27.183979326051738,23.95908056379202,10.940517548529066,15.232194064583599,18.9591999136028,15.812240540715145,11.442170704902816,19.19836606460846,19.376662330088816,21.255781689444458,22.092786534695325,16.92377555551693,16.481082657380885,9.12075411115728,11.47349093154481,7.794046702369092,8.797412078316581,11.109648936380582,6.827546974658594,11.530436443660488,9.015979584401123,9.70312515518304,10.743764986665399,8.052723498066264,10.226724184164238,10.015725107088304,8.806893294508889,7.116681399166335,16.670033409007466,14.314243854229677,11.971325660861664,11.94297516694578,15.625004352826597,17.426808697353295,13.732590608053446,15.53733641628905,18.476280745499697,21.896505772259648,17.169815418106136,13.812846412398647,12.759323294607674,22.563885325416653,21.068537348943426,16.77674628244617,14.679493244225677,15.21609026299805,15.044529405024146,15.881704437523174,16.507377648615783,11.850813917272738,9.302589372003954,8.149086852276483,29.23577533531758,32.94668904954635,32.49692355416703,16.508528680996793,15.305708001104529,17.616189218694892
10,9.240338830300894,6.144759888234725,5.840034210414141,5.693537397393328,18.408658896706086,5.284095526810895,2.2549016833636073,5.43888274267203,5.918072607885181,9.0935610805418,-0.0,5.762086246790626,6.268884462444034,6.407200168566454,8.81207848671291,6.403137733080122,8.048650002187054,5.5376593187006895,12.168506853398211,21.192900313615056,6.855236815423446,9.103131404588945,16.394929664394592,13.140920377650303,18.849129421106685,8.630674948917994,9.070057531546023,9.815461448895437,9.234436902748476,24.887932638335915,13.851292682867589,17.867780530725476,14.828704700283344,10.658711284897713,23.358504784599422,7.209260152712034,4.592302798256238,4.68289449660821,6.767589799093738,19.08933598881306,8.210611182384385,5.788810297460996,4.5343685906549585,6.92653866950577,20.896568539974655,11.044596453786646,8.083928267842229,8.507640208796975,5.9259010044392175,13.499942452471261,21.650179070793957,18.923969330857993,18.356474348075235,14.433731910872536,28.37658562432266,19.387920606525785,18.14434996699235,23.533584966395168,27.338193624642013,33.14194155662252,26.521256667515495,21.03543823767077,20.447565659794822,29.939950979617066,29.272024563809005,23.451299691733666,22.01125702595454,24.598053703101503,22.223663504979285,29.582486359296002,24.250344601543635,18.317970099917545,16.966862602068105,13.645089361221473,37.533607410514435,45.43139204531873,43.8493617854875,26.09906759648809,23.300132311094718,20.76386227453887
11,5.259141888865795,5.773351725493678,6.571380873974255,4.92359482391829,18.14721553635977,8.916742016280965,3.361318559881342,5.43006692208427,3.7631190112060566,14.874788834519846,5.762086246790626,-0.0,2.8390430784940937,7.078979027933369,10.120601059367763,4.788526288908248,5.7157573828160615,3.8616728937818383,11.593625327900417,18.272438368308865,6.675873666261352,9.834279746437353,18.08953747937469,9.809834877544839,19.56986309613908,7.916537182098273,8.091359982908939,7.874682137569677,8.732509446683023,36.67189419013759,9.987232985639523,14.824645252740556,12.995157120493804,12.457914152879153,27.99605901428111,9.160156601965513,10.729267501380626,9.86944319855275,13.785355642179793,29.17620481058366,16.665688780836703,10.960580894843888,6.62948038844792,11.84849325639194,33.07534927455693,17.665533638738346,15.00615461704038,12.197151404255749,12.77861893697892,23.97005387547429,17.789945297430528,16.832470706324116,18.62163280716192,14.141949386663597,25.446131502071495,17.233828584207597,18.052438213389678,24.07561746155414,27.197523380009763,29.950853182427064,24.645271303091086,22.728847489065682,21.0765839961078,28.515305132107496,26.49864844837341,23.729959776321635,20.19417169289477,24.936062581568493,22.583582245936327,29.066210887777807,22.864989267668943,18.784921185080368,18.31442052840504,15.551738125270502,37.064534790758486,45.2937939350786,44.96446611200274,29.13044215552744,29.320798636691098,17.780208911101763
12,6.006601022227102,5.009503923777433,5.5821125227928325,5.320357529487322,14.614914712769457,7.313201824095738,4.222793507114506,4.249689288612842,4.054422406856312,14.108657710703099,6.268884462444034,2.8390430784940937,-0.0,5.335772778282044,8.523286563016033,3.8840161933389776,4.370062835295554,3.851169292140997,8.479733194517216,17.48526310627329,6.208059677850146,8.6467931902767,17.985673259947955,9.892190064813509,19.135102458363,6.760586699545698,8.39212612449442,6.651004532786852,7.574983644334359,36.47852715326195,13.10920668261476,14.915277212079395,12.827116814231703,9.483051769508918,28.55853848575073,9.35548097012498,10.813171204288059,9.706529147646165,13.483937340255538,29.033088777816502,16.41472842455171,10.327614399633248,7.1589189492285445,11.35766702443924,33.04849166531107,17.074490842354724,14.840753885861405,11.701902663360089,12.43298781748573,24.390301286253013,17.811795354660322,16.124828846595868,19.36310403855827,14.301931607261775,25.539971689925284,17.012780445098212,17.95951219168539,22.88443253682691,27.408161073420825,30.560281287318222,24.16812524486034,22.608169746657794,21.019676302454556,28.196479589272826,26.64667085674066,23.8368934414072,20.42662705991319,24.767975903458986,21.999417960695933,29.659228056527976,22.5525611381697,18.21670010638833,16.846039910744,14.47733542389609,36.934022687567555,43.77183083853035,44.228317563448,26.982969265683696,29.28308311507627,18.825493368671665
13,7.295367887973022,6.9188564112890285,6.276994474366564,3.34277688544763,17.406554285554325,9.495722422613461,4.784688134034648,3.596047988165308,4.435417058824363,11.347260963666626,6.407200168566454,7.078979027933369,5.335772778282044,-0.0,11.041521011795503,5.159855712008746,5.547192612766002,4.829606078584976,9.593544257236415,21.871477654634585,6.008933181631997,8.145299844890499,16.776174643317937,11.63938816612386,19.752278111489563,7.365304794546484,7.126417321866053,6.5616711843477455,6.941935253459887,31.93606026720702,7.945029068747692,14.789752895180944,6.95671459356955,7.2418170250122085,29.17075859492036,10.620663915869946,7.902541677046843,9.021267883661215,11.967664231029767,24.190777797284827,12.39167558388725,6.075986981838994,9.870501317646736,10.567169704253855,24.033249178164105,12.357356899726724,11.509267649688072,12.708256879276636,8.718919714671094,16.300620827814157,18.393038169968897,17.208202957637123,14.071856243917084,14.868122555173072,21.77686488114991,16.72834601282953,17.489327490121386,19.90368820224559,24.00958506454711,25.445082058809312,22.223213723495757,18.02231657441181,17.648599141020917,25.27415977152446,20.723154866103755,19.135011234975995,18.59338069362028,20.481041980276878,18.729826081389998,21.661498902392957,18.35182561792434,14.699803352383663,14.55237528847511,13.285630123370359,34.98112043225065,35.44593454111194,35.46923381543552,22.381046207465573,21.206491418209215,16.67151873801667
14,12.407077610840625,12.843110285797048,11.293360884950552,6.707339211873043,15.254357961099194,5.691399514567934,9.450392800518506,7.906223038056995,10.717831375836013,9.564421402301571,8.81207848671291,10.120601059367763,8.523286563016033,11.041521011795503,-0.0,9.382542277885936,8.954237898045795,9.810756689294779,11.524456318472106,17.37316965259609,4.980421617361903,7.399793198113805,14.243134111899064,13.191459550446302,11.967795719414847,7.774091928244,12.901972353420499,7.438646056525661,6.399728890738802,22.061373846097702,15.393310560959202,22.847545896038937,16.068578565297855,9.097065793100251,20.569447690980482,9.131148235185544,11.751017109881454,10.28993986465627,12.297666538803544,17.541448680426743,8.652043970212706,12.588028079754881,9.841870211910273,12.096084096602747,20.257635682500037,13.720617566359078,10.999263090873724,11.522899353253655,9.511773916028336,13.541516967884075,19.788409102023877,19.054301957078692,19.10571529073192,14.448625994927694,21.78574259921051,20.49866924486785,17.76867658808901,23.199807712184246,27.531330436009707,27.766845160416647,26.443563619190854,19.717041228091517,20.46525620754723,32.2190330495559,21.885395404484445,25.529838629000487,22.947445081257527,25.459706568234186,24.088810238223445,23.31750961620316,25.00907157489882,18.006978374435107,18.61359887238406,18.12419704604602,36.94684448252752,47.7912252000858,45.3010017083356,25.551030945439074,28.11286329378812,22.09266496715722
15,4.243485688294445,6.431319171290547,7.974715469451842,3.9490677543180746,14.513752917264599,9.83041704223953,4.218545391821214,3.480433958826497,3.6939966602760177,14.671484943582108,6.403137733080122,4.788526288908248,3.8840161933389776,5.159855712008746,9.382542277885936,-0.0,2.217330158075979,3.4809071510157708,6.86637915847444,23.77617893021749,5.674934542352227,5.296256055382922,14.607554731379558,9.41767423977266,20.90443879335634,4.665117497399896,5.936845259461084,6.049577008179041,6.7631054451309325,34.91899497383229,7.498365592637353,11.93451997350358,7.426327554283988,5.1217592359406785,30.05666670112378,9.940506253937595,11.221705511428057,10.969340554761972,14.343255370257873,27.635200513220042,15.821514816176002,10.078076904483549,9.767404508367362,12.592081757152464,29.842884230851084,18.407585021759292,14.667902141194014,15.136252821882803,12.02565360839372,22.28012792713288,18.52937953658524,18.59785028581522,16.79783690157631,14.58480858472693,22.50514945117468,18.762161423993366,18.988205099329058,21.418080903169756,27.950348621527198,29.559492505747603,25.997762703910837,21.487020834199328,22.732578011941097,33.346607239211174,22.74038793928418,24.621055884881027,21.856020160884217,26.525456951112762,24.939198867783773,25.124624145308854,24.601408616576084,19.796812167708463,18.772932208547342,19.28170472311252,40.494237293916974,46.77834009039557,47.822004152320815,27.54828362779116,32.05367791296927,20.27848865165061
16,4.89246595229672,5.7423518237244355,8.142615107142376,4.516873722360048,17.758657527654364,8.189756490353878,4.96259143285304,3.3795227360116336,5.248992631952553,17.72038009262604,8.048650002187054,5.7157573828160615,4.370062835295554,5.547192612766002,8.954237898045795,2.217330158075979,-0.0,4.190272514636693,4.508557095096522,35.013317034761585,6.91004340776592,6.616901999835344,15.67817781097583,8.988785198717677,29.980056643018635,6.1076823806959215,5.927618258920684,5.8548579383742565,6.740993149654607,44.76108861446001,9.520520259470667,20.217016808329117,7.355499837743385,8.099709558851423,37.78298854226786,10.780111022699282,12.300464166267163,11.698539528320625,15.360481467409807,35.80671001758886,15.934512602016248,10.29297218856068,11.146908820489497,13.034195743700666,37.65167233128014,17.65807868325508,14.61106283012303,14.49301442111088,11.965202377955487,26.346804052927748,24.094385197029244,23.415382326279293,22.352882112715793,19.29753394898594,29.635513425277864,22.465839357345704,22.81825427603114,26.225390869798577,33.5553191745479,36.4094907153325,31.920652124469893,26.77753130510615,26.953322827666174,33.87841944288719,29.716717578773828,27.525398334422132,27.523511555905614,30.248259492092973,29.193634605945867,29.31111049641882,28.294199195890638,22.89148478034668,21.516765991149157,22.80369927585005,40.287375275003804,48.252810662408756,49.86167434841742,32.68676603160542,32.131831048090156,24.987470302225507
17,5.211209819520879,5.143654572567372,6.26758234366761,4.136428696114771,19.669422684867488,9.75679022552518,3.2247567658115606,3.1395564882629894,4.236216064995144,14.74803851556832,5.5376593187006895,3.8616728937818383,3.851169292140997,4.829606078584976,9.810756689294779,3.4809071510157708,4.190272514636693,-0.0,8.64146696823683,19.160475762535462,5.896119673588984,6.1021061907656735,15.314882353305947,8.328617031958366,18.41654942804153,5.3966390197471785,6.001091068429351,6.064337891311674,6.759068779975937,37.088632715652494,10.502974455504884,16.641890144711265,11.169856331545716,7.810633849060002,28.22818353405592,7.493292285814541,10.18805101604968,9.782533783806459,13.677712446370634,29.11966036873502,16.324175662241586,9.117389727627184,6.8065220473834325,10.935154063363942,32.54168783609834,17.62734793058032,14.252777648517826,14.321411439764274,11.47525602817156,22.73994425489344,18.201853030399775,16.78789321937056,17.3225499832716,14.07072335819406,25.46433413446566,17.23044651370524,19.326142939202988,23.705071046897228,24.89896867619129,30.964720706501037,24.905334457176767,21.65114999823886,21.226702345334004,26.12780674218016,24.70457728963267,22.12686477247572,18.997038296152667,22.61645778334711,19.599467825757344,28.895012842393058,21.137699347648017,18.650361962298046,18.872121063761558,16.906052892608095,37.97890951267355,40.91453220101993,43.64677189786798,28.089054476501186,27.845636498401163,18.31667832155678
18,8.50165562045764,8.895849057121117,12.006320304191519,6.040593726038025,24.55945768608018,10.899230627769107,9.998964869565523,6.461324334171689,9.255253666859035,25.066334104758653,12.168506853398211,11.593625327900417,8.479733194517216,9.593544257236415,11.524456318472106,6.86637915847444,4.508557095096522,8.64146696823683,-0.0,41.92241446571481,11.931826600151298,5.790703915754152,12.56000733145998,9.103254312113767,32.767888103504376,6.192725161006239,4.647967483624456,7.180279925641344,8.241515178417414,48.170988473841255,13.869022056869065,30.23159458511113,9.290385339427456,6.935065254645034,43.26077642579737,14.208970954781245,14.973242786881482,14.581036038511687,17.005088274973765,40.814498529227244,18.2503769163214,13.571072308960261,18.02119678194328,16.819324055546385,43.06520256214836,17.96418107844474,16.765097428200992,16.714447219986585,13.83721475396441,29.493250644848004,28.55173863561145,26.58911533389465,25.948946764188623,21.385421636084047,33.732983117255635,25.85447010423709,25.745304164993527,31.447238563934196,34.189506034305445,41.497071265400436,35.671492338849006,30.80898250125637,29.366052651344628,32.47385660652718,31.196808224442403,29.71757277166207,30.74372536837463,33.38679548799576,30.88721219953574,31.784177550958937,30.27709501757832,25.053145324144047,26.660973143252317,26.75838045004869,40.171043278186225,49.21605972023357,47.4168391976871,37.320222564266416,31.27755993955996,26.194545410137437
19,33.843535638701525,20.80818182342237,17.099443528634286,25.34566326112759,14.167309003609413,20.12661531516027,18.084275235025572,31.87509573657725,33.304160340886945,10.311177555105106,21.192900313615056,18.272438368308865,17.48526310627329,21.871477654634585,17.37316965259609,23.77617893021749,35.013317034761585,19.160475762535462,41.92241446571481,-0.0,18.74554344847245,22.981931535405835,29.240096079112305,25.019079116153623,12.26875138502282,28.51462973078064,28.40710618108982,27.09015323198767,25.232923630590562,14.499912645846182,30.03856474834179,30.32161566457772,33.95797325908222,23.03946252838065,15.501466239248405,19.77959553638729,23.321777515238814,20.056392516949593,20.7020970405347,9.95369761033057,16.974424934107123,24.648185748316408,17.30677700926242,19.618997103688024,11.415506718454887,18.680978981876514,21.09953281328787,15.493575409907148,21.122086531762793,11.530057564064952,18.869090940645236,14.837824881967677,17.83201974720296,15.052419056961842,15.741867912532706,21.97469403705261,16.34641124986248,20.797666329837927,21.50685958539532,18.66306266701225,19.305125906283013,19.34087390611129,17.526086982400372,29.872145102457047,20.099286007757353,23.295211308512204,18.358434033242023,20.299118780214343,18.75273655702625,19.10169140645545,20.974016277323063,18.14809566277291,14.81228111482924,11.791198589731447,33.19206190430525,38.73680584136905,38.891218432908445,17.432662373137763,23.245095605433878,22.962237407330484
20,7.190284034193337,9.208953012757336,8.072667982021095,4.777143364822265,16.009164224212753,6.535247063053667,6.395759661275629,4.2854703995893715,6.321114191072983,7.632535300842558,6.855236815423446,6.675873666261352,6.208059677850146,6.008933181631997,4.980421617361903,5.674934542352227,6.91004340776592,5.896119673588984,11.931826600151298,18.74554344847245,-0.0,6.367977679448065,15.00543224304245,11.130024584495612,15.89414382308554,6.414569643730803,8.985844401932855,5.896629853387412,4.690445765213717,30.81739689299091,10.074353755574732,17.831940156933534,11.29420564263941,7.5331339560776645,29.550255959113265,8.645117126364156,8.666124405732516,8.872082077327999,12.732759876496255,22.78928113758573,9.528539082804429,9.258879387142766,9.825291174733865,12.877394182606977,21.925188327057715,10.83078596875921,12.066181833825336,13.828009735686118,7.816179409057164,14.741849898520526,21.035030822757424,19.233970974751287,17.10722719676124,15.7856181816098,24.928078687048654,20.867039300484446,18.646900913424936,21.34795678486523,28.163885696112313,31.758406094551024,25.50778176346924,21.447409955613367,20.98938778048039,33.508392853034955,23.52603821414442,23.722135015596827,22.080659433582554,25.87152309275526,25.177381175887042,25.349695243771905,24.20267823754674,18.0130622073216,18.246043433165475,16.732014526638334,38.80057088060942,45.88947642703827,43.612200689540295,27.73151149897161,27.245153519931918,19.746398437280224
21,6.746497274912293,7.639074212182617,9.874400025035582,7.372123988856287,23.248732875192392,9.262181801258066,9.208223821547504,4.673301693164284,7.257160022385701,15.834447474761197,9.103131404588945,9.834279746437353,8.6467931902767,8.145299844890499,7.399793198113805,5.296256055382922,6.616901999835344,6.1021061907656735,5.790703915754152,22.981931535405835,6.367977679448065,-0.0,7.465687119019184,7.001849580806137,16.61028573204373,3.3433595417562074,3.68438622886294,4.522402004245444,4.64046928181791,32.85747477131515,13.318496327933314,25.244009634174674,11.177328640148568,4.389191341415813,32.208558956372244,8.713635982610263,13.028039052792442,10.661437174269954,14.29663245949741,28.152748358617444,12.563337021058386,9.103502499303149,11.918736760988093,15.553468264965707,28.174891423784615,14.88149200381625,16.548166925602334,18.807863652210646,11.931018710600258,21.07410065121977,22.771781750105436,19.54676111942417,19.713640619097916,15.308675519564272,26.293583114023136,22.087353199903685,20.969841320650204,24.603366755106993,23.974513791541586,35.03022768790055,26.350707882918414,23.633462441382964,22.476456126671685,33.78594890281422,20.45344497662138,25.00192018295836,23.21506791502168,28.69521889944984,24.015442126493333,28.44407267625249,26.08849524002775,19.355395338375153,25.37462165394549,20.55218650964305,37.60720625088525,47.8162685450294,46.445284540963094,30.364707576384934,29.29922051820237,18.892014741103505
22,15.04370215573891,18.667927077276804,19.34136625421334,14.500769823175522,36.72673319927756,16.975880014538944,18.8203453745638,13.758151004054422,15.151520904652033,27.183979326051738,16.394929664394592,18.08953747937469,17.985673259947955,16.776174643317937,14.243134111899064,14.607554731379558,15.67817781097583,15.314882353305947,12.56000733145998,29.240096079112305,15.00543224304245,7.465687119019184,-0.0,3.4491911713937298,22.294841638077486,9.428800082589584,8.577821270439658,10.966385080007651,14.49936236317479,42.38562765835311,17.20163453974597,37.24271275109155,12.542826759916922,10.12673549609533,43.50254192755506,17.872934372658513,20.115341697220636,17.422897380150086,22.37604448624554,38.870185256131165,21.645108014521472,18.412129693400765,22.225776566111065,23.758275287432586,40.1483411326162,26.00002098913821,25.491755992449658,22.802830313227176,22.751911225230703,29.657970008632844,31.25378317551072,29.133377332462192,29.874975671241526,20.857241277324533,32.85367857865884,30.981548270818948,27.666416899390423,35.97086400182604,31.662669763694286,40.90543662180554,37.52440826017341,33.47383145962175,32.614361463974554,47.09836588403358,23.252425099181096,36.1317174032774,31.79170974425503,39.39468439042652,30.917781244433453,33.33230009563058,36.793897807207856,30.651667419074446,36.422854209770726,30.532029442002386,43.52411096102697,57.790851739070625,58.629977600604626,36.13217929119628,40.687815540260104,26.718489696647314
23,11.12862981937255,12.968789607996067,14.067546181811306,11.414322255667525,30.54059797996657,16.199356589057007,11.458933598723947,9.109318494860908,10.318043460058117,23.95908056379202,13.140920377650303,9.809834877544839,9.892190064813509,11.63938816612386,13.191459550446302,9.41767423977266,8.988785198717677,8.328617031958366,9.103254312113767,25.019079116153623,11.130024584495612,7.001849580806137,3.4491911713937298,-0.0,20.134154337302476,5.836590302343633,6.664081915121382,7.184195657497955,10.72674230278016,40.7076362184604,17.42148737461378,27.55703159870397,14.702106137156388,7.785043096793733,35.515376607152085,14.137474115368729,16.06955038140027,16.804180013269125,21.58884202585132,33.57093035723815,21.93479642320963,16.13925009277797,15.543340431102676,18.821038154174914,39.84727349995507,23.805920552482362,20.659513957306096,20.827587331391086,18.884630916576192,28.052341293251985,25.69230698899589,26.0923352188275,27.05947283171967,21.27161983085778,31.94235782208972,25.50617221799241,27.135679949513637,33.657213772491446,34.86387103021753,39.61115800426601,36.077041762684225,32.640839181414556,32.16624094413638,40.15340678238232,28.594403074871842,33.96901107974711,27.306905807206704,35.4405941928879,30.39899096212474,35.83097415704895,33.08805144217834,29.377158749203897,30.28729904943942,27.42633470388,45.18182817568388,55.41685146083211,56.643994464986854,35.71278550226651,39.36241442704609,25.31197078921804
24,31.254870400638154,21.474918388694437,19.003961358484354,22.489174151181942,16.565593523227367,17.26313467819782,17.356335151997015,26.747638994240752,30.592596944416535,10.940517548529066,18.849129421106685,19.56986309613908,19.135102458363,19.752278111489563,11.967795719414847,20.90443879335634,29.980056643018635,18.41654942804153,32.767888103504376,12.26875138502282,15.89414382308554,16.61028573204373,22.294841638077486,20.134154337302476,-0.0,19.198587672367648,17.122898957093827,15.362286885535168,16.305918952075658,20.25914593078061,30.201155951677894,35.08952233669309,33.22385021097289,17.689614828021405,13.22363655200142,14.50273437412992,15.475451574377994,17.164797052256766,16.730873607453816,13.40324513731048,11.691093594002602,16.437561777002493,16.73265497725953,17.73094339651188,16.327179825481167,14.515507496222908,14.619235740144449,16.859278849925566,13.47218905227735,9.63026017744709,18.65851367432788,18.014953624988948,19.159413451957022,15.178193824824973,23.737079998156712,18.881491520949723,19.226381941465846,22.672633695448784,23.604771966702653,29.025732012311106,23.256599740354506,19.66971219554164,19.639016194947526,29.580408093352947,22.908916575708623,23.878929342331798,19.97455219928308,24.226242081743408,23.060055748506517,29.013420980200106,23.311394874857086,18.75111551702141,20.520834249377653,18.707748859846053,37.16722047799111,46.32579507945766,42.630404795977284,27.375743852170856,28.174356660500084,19.255483619810246
25,8.12739007337188,7.269496019315713,10.140634033123773,7.609512965308347,17.41808335980419,9.453597527449455,6.814189995748762,5.0547428036196695,5.234604354672446,15.232194064583599,8.630674948917994,7.916537182098273,6.760586699545698,7.365304794546484,7.774091928244,4.665117497399896,6.1076823806959215,5.3966390197471785,6.192725161006239,28.51462973078064,6.414569643730803,3.3433595417562074,9.428800082589584,5.836590302343633,19.198587672367648,-0.0,3.974483468253273,2.483234608606974,3.6431312733305274,34.247374490250145,17.105991073054525,22.540495074231995,14.42270359363419,4.396202916711172,26.968927265776088,8.566097760324473,9.479680576581709,12.034049127423557,15.702252937497352,26.45549390458481,12.910905082087963,10.547725570603935,12.138277681389447,16.432084806243406,28.512637517195618,14.621250273110128,13.000702074365368,16.88919289703685,9.857434544155154,18.306241295313967,27.354203969436764,23.840283579618742,25.1199751816644,21.30194081192351,34.28456568979417,24.749169339477227,23.802039427832128,29.63620603608796,35.75947532751299,40.786524619594935,34.021803828131794,28.059905810543675,26.963825339253916,34.80903913224987,32.11499275612322,30.636641957588267,28.85497480008243,31.7729704096303,31.03390149938903,35.63484471438629,31.291213229208665,24.013753110654946,24.335544494812304,24.336177778193978,44.19635056810705,52.280583951645255,47.046765828194616,35.12483734569241,32.36441884235196,25.0188443084479
26,6.94708345645413,6.839146490842498,9.803382105637185,6.608281987918553,26.5499006356675,13.709685040945432,7.9201663694557265,4.194816858396906,6.469587484299018,18.9591999136028,9.070057531546023,8.091359982908939,8.39212612449442,7.126417321866053,12.901972353420499,5.936845259461084,5.927618258920684,6.001091068429351,4.647967483624456,28.40710618108982,8.985844401932855,3.68438622886294,8.577821270439658,6.664081915121382,17.122898957093827,3.974483468253273,-0.0,5.332251527787083,8.172482332679559,27.896601175167902,9.899318798295525,20.95065786562432,9.284144893058102,6.003906276413904,24.484650165516037,9.137069427497345,9.954834667515527,10.779707664787733,13.48012746496616,21.936917222248553,10.674611337089566,8.319328251207345,12.094215654737166,15.022706220417238,23.599387711285292,13.483713023937678,14.47069142299944,17.351639984931047,11.201854095705785,15.89153848924044,22.47782860993367,20.972505038031862,18.672851457184365,17.750996030041467,24.31796747090334,20.697264794290643,20.727985063088553,26.42440110896949,24.601086022611973,30.47871228506858,26.376253134290558,23.183365947157338,20.218365494143196,28.370660106759807,20.654548900108423,23.23201238767752,21.663016234783633,25.137672791029768,21.831012188714052,23.871554882200932,24.106682663191787,17.784548215636796,22.72063401813683,18.516274089798518,35.09645309601032,43.92712338993687,39.787664011982216,30.26202273361654,22.240019976410153,17.498889031620617
