,0,1,2,3,4,5,6,7,8,9,10,11,12,13,14,15,16,17,18,19,20,21
0,-0.0,37.50274798186207,3.653058505356501,2.5647343934478415,2.20334580647873,3.279755037523861,6.562276340618524,4.46472027340709,13.887100858725361,5.858854998201042,6.114418795225283,2.4513049699179548,10.988319189627815,4.583157975064486,3.7542744608960548,1.993183634465221,6.206921906917647,3.9803186497050307,2.9401405473597384,5.957487930437293,3.8965054533014016,4.9083558248947226
1,37.50274798186207,-0.0,36.49163388500379,42.38315689057994,40.24658339843913,28.846688333991754,32.0373734960033,29.297936806766902,35.30777571171312,40.25156520509604,41.27631595235573,41.767890417920135,14.372721252599105,32.457550428907766,36.2722869012567,36.44117954641449,31.960390254850903,36.963625307369206,26.121475279722468,34.64050888483612,40.46208124826095,34.24887297335576
2,3.653058505356501,36.49163388500379,-0.0,2.5912327554871557,2.925979211078525,2.2964500365133813,4.101538095366707,2.4799759681409093,10.512802405355439,3.496543011099129,3.8652315005075564,3.7218891759381596,8.488053243991956,3.588753821632466,2.5483217915073815,4.460404335921117,4.01195506736377,2.090153287067507,2.3078118395479463,3.5940742226490623,2.618262258059843,2.6411146364918134
3,2.5647343934478415,42.38315689057994,2.5912327554871557,-0.0,2.9397640907038154,1.7012489994700948,5.483394952593778,2.9280639743970767,11.525863514958981,4.950603380699097,5.014307385899502,3.811086283537034,10.212512738690029,2.8742777594230704,2.307208991357018,3.717213580318741,4.74960939056904,3.304915543214593,2.9623218613793134,4.702218788231654,3.0171851500052265,4.09256653671107
4,2.20334580647873,40.24658339843913,2.925979211078525,2.9397640907038154,-0.0,2.861068160626666,5.277101529377674,3.1536984934876195,11.086101212586001,5.016729512515021,5.3978245068784005,2.9852370539730817,9.738085835287587,4.169869589416903,3.713048850651739,3.308392765650244,5.1676660052858345,3.14563627836298,2.03122696460171,4.739361276938541,2.546250583608284,3.1288056360922485
5,3.279755037523861,28.846688333991754,2.2964500365133813,1.7012489994700948,2.861068160626666,-0.0,3.844774604002106,1.8658105283297555,10.056171944631435,4.074677423577022,3.510231289138642,4.647725230906462,7.775180128958453,2.845135026795655,1.7649714103480783,4.659616706886973,3.9942928329010052,2.005034509185749,2.7442005590596583,3.4233554123299514,2.7769105095732156,3.226097624974304
6,6.562276340618524,32.0373734960033,4.101538095366707,5.483394952593778,5.277101529377674,3.844774604002106,-0.0,2.360217150694602,6.360059688234722,2.2859097669082247,2.393196186550073,7.747541671675533,4.995799765803961,4.161744628656022,4.248305223675605,8.240476338420564,2.458971637969116,2.9499601451344706,4.685187316588939,2.2890104876226873,5.097942752025368,3.9728135255451624
7,4.46472027340709,29.297936806766902,2.4799759681409093,2.9280639743970767,3.1536984934876195,1.8658105283297555,2.360217150694602,-0.0,8.548794035167028,2.8896854315858542,2.612896856740057,5.369830055609214,6.432874401286667,3.0648942415907108,2.316993609791509,5.749995615468055,2.6686995205106094,1.5919185398521285,3.1874146092788584,2.88681991623043,3.3201538180309207,2.37901060815849
8,13.887100858725361,35.30777571171312,10.512802405355439,11.525863514958981,11.086101212586001,10.056171944631435,6.360059688234722,8.548794035167028,-0.0,7.877137175850711,8.597641856828501,14.45513226082999,4.127705996387401,9.917378560664144,10.651346107134815,15.638735137485545,7.4749548962563175,9.304710735197538,12.352796313041967,6.576851167050334,13.245693062250202,9.905924266892866
9,5.858854998201042,40.25156520509604,3.496543011099129,4.950603380699097,5.016729512515021,4.074677423577022,2.2859097669082247,2.8896854315858542,7.877137175850711,-0.0,2.0658553889331155,6.720700708145591,6.1393845096721975,3.3653070836531507,3.1257433233689267,7.4235135654216355,2.320854921057331,3.0851857457826974,4.202120045380577,2.2176859042185173,3.795276667766353,2.87292929725085
10,6.114418795225283,41.27631595235573,3.8652315005075564,5.014307385899502,5.3978245068784005,3.510231289138642,2.393196186550073,2.612896856740057,8.597641856828501,2.0658553889331155,-0.0,7.086912262413865,6.847885941700671,3.6275802848639036,3.410567790846034,7.787280495323047,3.3984626345314997,3.954934362571394,4.9493345422762935,3.5982793923966083,4.350641321039817,3.8090005981875654
11,2.4513049699179548,41.767890417920135,3.7218891759381596,3.811086283537034,2.9852370539730817,4.647725230906462,7.747541671675533,5.369830055609214,14.45513226082999,6.720700708145591,7.086912262413865,-0.0,12.030078162240333,5.841185159088216,4.8876907702128936,1.327121508329471,6.688094105975221,5.1382592385811146,3.464751966134103,6.716603539928477,4.225187820261571,5.037914006542928
12,10.988319189627815,14.372721252599105,8.488053243991956,10.212512738690029,9.738085835287587,7.775180128958453,4.995799765803961,6.432874401286667,4.127705996387401,6.1393845096721975,6.847885941700671,12.030078162240333,-0.0,7.343973177452917,8.104143883863836,12.785919450900456,4.639060942853685,7.74424440521294,8.225960459505123,4.806889369519206,8.444746070057342,7.285743630625983
13,4.583157975064486,32.457550428907766,3.588753821632466,2.8742777594230704,4.169869589416903,2.845135026795655,4.161744628656022,3.0648942415907108,9.917378560664144,3.3653070836531507,3.6275802848639036,5.841185159088216,7.343973177452917,-0.0,1.3625129295327123,5.536585166156869,3.6891501647655045,2.957199033946068,3.4578939468051515,3.418242746226125,3.2705156655169048,3.067448222305549
14,3.7542744608960548,36.2722869012567,2.5483217915073815,2.307208991357018,3.713048850651739,1.7649714103480783,4.248305223675605,2.316993609791509,10.651346107134815,3.1257433233689267,3.410567790846034,4.8876907702128936,8.104143883863836,1.3625129295327123,-0.0,4.753580067411103,3.2775490563326066,2.2360582398804874,2.7942142858231103,3.1278047247335907,2.362163097956525,2.911837019954838
15,1.993183634465221,36.44117954641449,4.460404335921117,3.717213580318741,3.308392765650244,4.659616706886973,8.240476338420564,5.749995615468055,15.638735137485545,7.4235135654216355,7.787280495323047,1.327121508329471,12.785919450900456,5.536585166156869,4.753580067411103,-0.0,7.9983349814770595,5.450502382476183,3.9219022618076362,7.430967982522814,5.166691382475612,5.669927265533452
16,6.206921906917647,31.960390254850903,4.01195506736377,4.74960939056904,5.1676660052858345,3.9942928329010052,2.458971637969116,2.6686995205106094,7.4749548962563175,2.320854921057331,3.3984626345314997,6.688094105975221,4.639060942853685,3.6891501647655045,3.2775490563326066,7.9983349814770595,-0.0,2.5575265396534315,3.842812407726558,1.3211172585710869,3.329194252902945,2.7185804192347445
17,3.9803186497050307,36.963625307369206,2.090153287067507,3.304915543214593,3.14563627836298,2.005034509185749,2.9499601451344706,1.5919185398521285,9.304710735197538,3.0851857457826974,3.954934362571394,5.1382592385811146,7.74424440521294,2.957199033946068,2.2360582398804874,5.450502382476183,2.5575265396534315,-0.0,2.1270716730899775,2.561793652818333,2.689149689456864,1.9961769794185722
18,2.9401405473597384,26.121475279722468,2.3078118395479463,2.9623218613793134,2.03122696460171,2.7442005590596583,4.685187316588939,3.1874146092788584,12.352796313041967,4.202120045380577,4.9493345422762935,3.464751966134103,8.225960459505123,3.4578939468051515,2.7942142858231103,3.9219022618076362,3.842812407726558,2.1270716730899775,-0.0,4.258138790444896,2.0701406948574874,2.4474058185485466
19,5.957487930437293,34.64050888483612,3.5940742226490623,4.702218788231654,4.739361276938541,3.4233554123299514,2.2890104876226873,2.88681991623043,6.576851167050334,2.2176859042185173,3.5982793923966083,6.716603539928477,4.806889369519206,3.418242746226125,3.1278047247335907,7.430967982522814,1.3211172585710869,2.561793652818333,4.258138790444896,-0.0,3.571518589929294,2.6274644921044903
20,3.8965054533014016,40.46208124826095,2.618262258059843,3.0171851500052265,2.546250583608284,2.7769105095732156,5.097942752025368,3.3201538180309207,13.245693062250202,3.795276667766353,4.350641321039817,4.225187820261571,8.444746070057342,3.2705156655169048,2.362163097956525,5.166691382475612,3.329194252902945,2.689149689456864,2.0701406948574874,3.571518589929294,-0.0,2.4390862328971643
21,4.9083558248947226,34.24887297335576,2.6411146364918134,4.09256653671107,3.1288056360922485,3.226097624974304,3.9728135255451624,2.37901060815849,9.905924266892866,2.87292929725085,3.8090005981875654,5.037914006542928,7.285743630625983,3.067448222305549,2.911837019954838,5.669927265533452,2.7185804192347445,1.9961769794185722,2.4474058185485466,2.6274644921044903,2.4390862328971643,-0.0
