,0,1,2,3,4,5,6,7,8,9,10,11,12,13,14,15,16,17,18,19,20,21,22,23,24,25,26,27,28,29,30,31,32,33,34,35,36,37,38,39,40,41,42,43,44,45,46,47,48,49,50,51,52,53,54,55,56,57,58,59,60,61,62,63,64,65,66,67,68,69,70,71,72,73,74,75,76,77,78,79,80,81
0,-0.0,1.9774536967980603,2.6516916249064346,1.5206485028942407,1.8852093592190045,2.2888703835849316,14.640585829721454,1.98581334633992,8.31315361996793,2.3750904022281643,0.921131738833317,3.729009677349214,2.599938170807351,6.05412881620126,1.9388970440203463,3.672497067025906,1.8761824558013884,7.647622011995124,3.1268821157197815,2.4923856683345678,3.5822363712407057,5.898281669116781,3.7559060586182236,6.156567337529704,9.095459123767997,2.9794580354558473,3.0925488613518164,4.138763181264478,1.4014816966002381,1.8437732716536912,2.718915145432887,18.387711618858784,6.590714124991835,6.359505867570063,5.120846998205692,6.528929358431214,3.9064091792577025,39.17024479093343,8.632631980726357,3.868051872073609,7.486986402913604,3.4242146416489487,12.51076675147154,2.0521375244858553,3.8935333672050754,2.2664288421666994,3.556624534460509,10.077004715005897,5.405863267778206,3.7712000805332035,1.4883193952582752,1.5983279625962779,7.968535383929725,3.5028177607303017,5.682841460880007,4.4856072395065025,1.7672002059610608,3.48163323112007,2.160177282016963,1.9254174072446337,1.89777179175594,2.829784089567485,4.172928400014217,5.099129262035322,6.829822675849084,5.989670057749014,5.329797175966396,2.2210865114156135,2.594107456528622,2.4200532819356444,2.223434022144522,1.9146069359094684,4.255884681481064,2.860368603451666,4.2656214687197505,3.1659337088683306,3.998191662929467,2.033190498013658,9.269798037390217,8.084430306028183,8.039860238840536,7.307632539117911
1,1.9774536967980603,-0.0,2.3178463576611548,2.4099508165765733,2.2190703963160763,2.574255777082293,12.816169604392396,2.225408146091401,10.902841681609775,2.443873139304276,1.729362906280266,2.5228140491808646,3.488875529963415,6.728732099728273,2.5001762210951872,5.640489553842416,2.5686284315999477,6.994923034188519,2.1055791097663907,1.6926789511045648,3.7155248729826638,5.338337452946431,4.327285788262747,7.9698043585735885,8.015563728323606,3.6428719614187077,3.666175705614835,4.22346786367968,2.0560716697533503,1.7662782994197688,1.9130152539252694,15.418523455320996,5.249793218614805,5.304777702919725,4.640347107238917,6.021234854503475,4.782884632185052,35.27302286186832,5.939229693056072,4.593709549787649,5.257724954325353,3.4196428508107997,10.102708767445023,2.271373784225742,2.784243383416801,3.8007855263539034,3.9693888232625985,10.624837957176004,5.118417403584779,3.7842380849172144,2.1719684427336303,3.153429002135923,5.754092235257616,3.1549711448268143,4.52348022611617,6.386483480085245,2.108061784384242,2.7520582987797977,3.5711477633225543,3.6102459818678327,3.79814763537039,4.1416568958758475,3.531993076798579,6.139245140462019,9.602672905830484,7.83612161633609,7.081456896911644,3.554729589133695,3.6966041160672463,3.7464518345301134,4.217977958247375,3.5699384315715874,3.1304508716018358,3.4065556416245646,4.822250106688336,4.589186007319847,5.228018696811097,3.357065140854605,8.984110520722286,7.822357485856754,11.318461106104252,10.005494163259437
2,2.6516916249064346,2.3178463576611548,-0.0,2.8904804480918784,3.8813389301048438,4.034514537024022,10.061149940037694,1.7472339506367565,9.75432809823645,1.6142292546402621,2.4078694919292616,4.016376727990065,2.428651059712016,4.853729237118809,2.6793939307693218,3.8839737283146443,4.315764276969759,7.486036916284249,4.937443348031839,3.3984854892046803,2.8798868565794336,3.266214146495426,3.231820286925661,4.789048071628905,6.689267873730214,2.946020299532798,2.122689521710224,3.0656879155234056,2.635772231662319,3.0580020272368795,4.252575783731509,13.213319454344521,6.604144113348054,6.275217638334695,6.787420760739051,7.198872887093742,7.102066589508206,33.367430689653176,6.5555257353485645,5.9823186877839145,4.648190295895178,4.1873786161923165,9.507144662319869,3.495561680068219,4.811568976606966,4.795653313977498,5.811324275813151,11.33117180987545,6.452471459312613,5.138997785984484,2.724139325603673,2.7426202843991327,6.797961859202325,5.437841491306583,5.706410860207816,8.683143670837483,3.60825396591949,3.4717276988504637,3.5482721351615782,3.785616221921061,3.3605943946677446,2.915811256373508,2.397127637667967,4.377929175244262,8.17843411662843,5.70506343030208,5.179854047376681,3.7961671727803585,3.6196036220077357,3.6810726925279593,3.9878043399848706,2.6229906948480894,3.2456222697836568,3.324347728543185,3.441170111104681,3.6620949619570164,3.736873462102675,2.578954491868199,5.156125736256512,6.64376398724097,10.126695616197852,8.462712333361823
3,1.5206485028942407,2.4099508165765733,2.8904804480918784,-0.0,1.9313650886650686,2.096643246213194,14.398637049815992,2.6964496865375915,12.17801410092589,2.8377831631341692,1.4278548902190908,4.191752310653899,3.254996723221926,7.751503036248561,2.390822345668923,4.8928819077138765,1.9717713828317565,7.803297301531298,3.1927561492215406,2.5191508897413235,3.032770254580541,4.958731463216138,3.3528515082744508,7.830975640527389,8.05743078286308,3.440617450741628,3.779081595652047,2.7438227760844067,2.1688524543606804,1.8760186292716374,3.0042915452526233,17.937267448739465,5.928889236776318,5.885942379487029,4.989302343469419,6.805036380787218,3.9356150415405384,36.09491399878881,7.6847569564397835,3.7413991232958366,7.158526709997789,3.276670675698759,12.007165197418864,2.260132716501327,3.513124655185118,2.2181915560825947,3.327435957846212,11.851522996202885,5.521874749941451,3.143288903553516,1.4038438329035006,1.63376822867767,7.734363055810731,2.6978851801315105,5.4017806152611545,6.476766201304826,1.82282759887919,3.543282123879732,2.2248264981165713,1.612342488338114,2.098409568528075,3.0678080097074316,4.335372660788234,4.430184857319891,7.578639168440968,5.7497425126288375,4.80451096939881,2.968010185595193,2.0678917229169875,1.8952744864581696,1.835893252768503,2.219597048996266,4.029810552362229,2.711341252505098,3.658656649566278,3.1821259921909366,3.4804583385187295,2.5779338809779517,9.475089358231035,6.615766988868384,9.221485457237122,7.632328072819216
4,1.8852093592190045,2.2190703963160763,3.8813389301048438,1.9313650886650686,-0.0,1.0472773131200128,13.621047789385399,3.420916419219793,9.702085562326216,3.8032063860107526,1.2036571438430346,3.733834582491485,3.443624208341448,6.354590483824658,3.023549670134132,5.160496171069086,1.0653484797742367,6.637698140608659,2.2134900272526403,1.372400325239878,4.812580823634971,6.924489841079546,4.865732059097505,6.2754887247174524,9.038775997359373,5.498042749602944,3.617772258305702,4.593813880835451,1.4594049715123634,0.9826167867446479,1.846396516716502,15.764075744261836,4.601436356785072,5.019809582579462,3.6919673106716497,5.563784974782111,2.976820997599943,37.14898474668157,7.044580649574447,3.358259953440387,6.114177643106184,3.5433333374314238,10.294120569560917,2.0897630171231496,2.6806660828396462,2.23245862412002,2.3538195632705383,9.038320791890605,4.568764999584022,2.758768755892916,1.9019543098122247,3.0806552598606043,5.759362912255701,2.6810870024315094,4.047410455143283,4.335366921346567,1.9102812885404719,3.2948276862006476,2.2709566779418,2.6824560243744786,3.4007735673089377,5.1414804599299755,5.639495417369888,7.293241338540351,9.562024186061192,8.395803677594698,7.462097327239093,3.0907054193149692,3.6164924568661263,3.7309690850694266,3.3958561259884035,3.5633367496704142,3.6229620528507196,5.314300281826011,6.53542606127629,5.163144485742995,5.746488420887173,3.6862608234033214,9.651468271565816,9.830993573105104,11.498177845791973,9.968060337373409
5,2.2888703835849316,2.574255777082293,4.034514537024022,2.096643246213194,1.0472773131200128,-0.0,10.68518445850009,3.350535757669281,9.062582030883492,3.5020541526779594,1.6715689176635438,3.1359373010395335,3.926198139452379,6.604297282494139,2.7014820003729914,5.953381740897015,0.8492318166100711,6.140363915196543,1.3103146334213098,0.8617972972907639,4.059358432704517,6.997510159277926,4.135220420565922,6.053322306138735,10.616368208323546,5.2116386680186455,3.7738173617423074,4.3285795934073334,1.7139069983759436,0.6547636032069389,0.9408664813161033,13.253332104170255,3.224998136651514,3.074562636842324,2.6693105597604396,3.7567199164576364,1.8167138731673353,33.32650631889449,4.71138889062258,2.7603395838334897,4.247247813562918,3.329253927068651,8.54244229289117,1.7370234767032975,2.56938825795833,2.0253934499530244,1.953666377915438,7.592970375412537,2.96394598896348,2.5819985447838305,1.9643256175561392,3.064466260057979,4.276346323774978,2.321731763245626,3.873992610545735,3.752178757522929,1.7281392637182775,2.018834269078082,2.56729576468146,2.9276784645181526,3.308534764028242,4.298931677808036,4.122428575007588,6.20097567967653,8.1798304485188,7.532719673573648,7.162240324038088,2.7436477081866446,3.7669247458455755,3.651083703544059,3.2359586548101618,3.4126732015813896,2.4189473570705102,3.857001898938474,5.542965222709607,5.079042512901676,5.751074053808916,3.592671193663309,9.878594238681433,10.012101275473611,9.797260246937046,8.776146074889505
6,14.640585829721454,12.816169604392396,10.061149940037694,14.398637049815992,13.621047789385399,10.68518445850009,-0.0,14.068321231101413,16.07839959590516,10.107157318246367,14.056287648620371,10.334145179513879,11.367326535883246,15.066549915028961,15.102910237350379,15.911584593961212,11.256359621997191,9.660726937429699,9.699136590799815,10.222612711182334,15.03493715584616,12.453934352278397,15.673355060631698,16.16257668239876,19.710728143143893,11.038374410101454,10.052694257439441,9.518316960060785,11.71220254012244,10.827830150174607,9.50296626479448,6.793465800256144,5.310043263214252,4.954176133361415,7.793668670556826,4.314288415432429,8.828039578712993,22.526356041348134,8.284479681802386,14.245384619343543,11.267363383413809,15.5142136845847,5.4234624857802975,11.755769122664095,14.192361298553001,13.945812408393786,12.782833465499376,5.727054389653593,6.146755400811189,12.575157496259019,13.535526226316007,15.202815098428044,5.561317660456287,12.086011858011041,13.875976489820962,12.666617555176837,11.351813453646917,7.546760414175463,14.755726186280839,15.314714900755966,15.855047237076194,15.597560149933265,9.664861415185314,17.125685850260282,19.829970642571386,19.015772872532125,18.372217839161806,13.462525605083586,16.02342151556062,15.465431592203164,15.239242510627948,15.452878065913534,5.865541505079252,13.932035179699758,16.03936175004966,15.789583593671667,14.873326346050495,11.64176836425964,18.993469732328133,18.36293918464023,17.259155364626547,19.255867537266038
7,1.98581334633992,2.225408146091401,1.7472339506367565,2.6964496865375915,3.420916419219793,3.350535757669281,14.068321231101413,-0.0,5.757440652330216,2.4763692022370978,1.6816675983689506,3.209898234403312,2.0994364804935683,3.8396197172270226,2.1501041522717914,3.919484382514646,3.267168381147944,7.795956451749196,3.074949684392698,2.7535688625042445,2.4029936013631947,4.878080831783262,2.669676366575643,4.572012525147163,7.9685780116612035,1.8375280035707655,1.889161229312475,2.7813684479259098,1.8634256907854552,2.5106135612077507,3.497107940472064,16.60935860416783,6.810810427435311,6.101005276729844,5.531556314692488,7.39786553148129,5.613128310663222,39.40265095565357,7.2731567428540185,4.729596673084225,6.383647942084717,3.3823045633364424,13.438342049179173,2.6118732333050843,3.726784218062879,4.299867981171916,4.899673892376903,12.280308886106386,6.9740960136166,6.557544220591112,3.1569086777115487,2.061659105725786,7.51769474177024,5.833978933702495,6.536708673888257,7.598070700893526,3.0758970361291533,3.9557382475841583,5.0233834478415975,4.140122395326129,2.7730842351928486,2.8049330466132663,3.367030379718663,5.004818445843165,7.208124619822677,5.960937043785153,5.460603707190099,3.261957326240956,3.987773543164418,4.0375888053018345,4.241406152308724,2.359020699780682,3.9502539125726086,3.054473316536289,4.315229621720672,3.990226608857566,4.034606345058335,3.278092368829494,7.653157711920734,7.190402406832707,8.957855828310619,7.660974318868755
8,8.31315361996793,10.902841681609775,9.75432809823645,12.17801410092589,9.702085562326216,9.062582030883492,16.07839959590516,5.757440652330216,-0.0,8.3744839582715,6.250809358223362,8.799100898604479,6.51643361311251,4.922353157639565,8.365994002795706,8.504331447526292,8.864492044424482,14.033828997931487,8.6168354881116,9.921586860125181,6.173575203911868,9.118662478525128,6.252094149610302,5.814269292269112,10.142147674990248,5.474796180142317,6.389503384708224,9.281726300975887,6.531655016203914,8.85501454040303,11.702744002880605,20.016329711049423,12.142424488559714,10.135261273220346,9.541190607166545,11.591252832586372,11.539470039156233,48.81975639089031,14.35845853875975,10.395828093478912,14.49729727259151,10.132915370057983,22.068831816686963,7.819362462557615,11.021772111749677,10.796740895119834,11.220872317833908,15.802371294694968,13.653211712402339,16.202506097536748,12.907723199052004,8.226344083721957,14.742533069772223,15.936677261833939,15.010008949355136,11.628805491973274,10.803302915714058,11.49514720883273,13.851176941824443,13.70953994052687,8.294442788910088,7.407460932997526,7.990041901979423,8.867506652372564,7.569997186082722,9.077574568711821,10.717514345448093,7.026642637199743,13.280101753224193,13.2097203221395,12.280297795520735,7.940007565821343,9.82263347472124,9.62685459399111,12.888537104915883,11.800842198997456,9.965927448354181,9.610582565456557,10.594922730475302,13.224942926760285,8.03050365578152,8.287009120229197
9,2.3750904022281643,2.443873139304276,1.6142292546402621,2.8377831631341692,3.8032063860107526,3.5020541526779594,10.107157318246367,2.4763692022370978,8.3744839582715,-0.0,2.1593964953460927,4.340803768166013,2.186948051377584,5.290287741756516,1.9071992953902306,2.799712316751991,3.6118723823778414,5.543336205113243,5.093522270569368,3.176027552543194,2.907225419576494,3.6660396851710266,3.623447917635503,6.386696589628562,5.822320920209136,2.273519772576628,2.6309587681959608,3.236128366865687,2.399003297807582,2.9654082398495625,3.972360298667043,15.156552417696435,7.218232563401599,5.965581908710603,5.74956789492305,6.245461691855155,5.903671823805134,31.57596151223062,7.45151690800607,5.255406575178005,5.7535512857814535,4.302768771993262,12.041986137749157,3.0247081157686755,4.600995767880429,3.6922386250163974,4.8269650478005675,11.351208045847097,5.595465854600096,5.167439281127012,2.24721038820878,2.4614734089525663,6.255459353304782,4.835337026606849,5.081525465538384,6.4026831474965915,3.143915117084109,2.9698649111290654,3.4390321579651264,2.620860566109389,2.9825359508397358,3.00026406051505,3.190249728210665,5.300310130522592,8.124326236507594,6.869445883168411,5.83224578921389,3.2056618909997847,3.18010634730123,3.2143401855654643,2.47185075659302,2.3820825713037532,3.1089457066646045,2.982819028046292,4.1284559626374735,3.7706256305951493,3.9873610988372015,2.5519878226593504,7.2274546471199494,8.649247235366673,8.490001255100239,8.90277488077719
10,0.921131738833317,1.729362906280266,2.4078694919292616,1.4278548902190908,1.2036571438430346,1.6715689176635438,14.056287648620371,1.6816675983689506,6.250809358223362,2.1593964953460927,-0.0,3.022266929760197,2.641688987928374,4.340243135530958,1.691815872927533,4.027850827667211,1.3702689921891484,7.900613461516121,2.7271562425657607,1.7435049638842162,3.0932896924305413,5.1454562096199865,3.470404033392342,5.502006994087324,6.502485650274175,2.710199315089271,2.7994006028505947,3.7318069900047646,0.857954043174982,1.3525546530933534,2.470651661106084,16.33507345262228,5.6880075509577095,5.565174549173924,4.625341741531798,6.230083192932137,3.3851138751939813,38.999118193559156,7.662263336498001,3.5274931069257724,6.394302289554332,3.049155016299509,12.36113946116452,1.5707712875554867,2.6057512951788424,2.0649992622271753,2.8161975454107457,10.507640313622147,5.221119161959466,3.996294081694822,1.4938565134769544,2.0138814199797266,6.488344799417527,3.555099826028514,4.09730827544819,4.9640929875580815,1.6756579311331727,3.0314838201005556,2.502582102693215,2.224993238794504,2.3042339923023687,3.2157293222567738,3.80018380797599,5.014179807242686,7.151296944062575,6.233990263191787,5.647697587582303,2.0481540352686665,2.844324216721662,2.843955874643278,2.3771807153766904,2.3040804590039867,3.454073874050366,3.2253253661845367,4.35733422983592,3.600368273328352,4.245537955902086,2.2627017055949104,8.504318524924075,8.564765163283308,8.675179524506207,7.830412265188825
11,3.729009677349214,2.5228140491808646,4.016376727990065,4.191752310653899,3.733834582491485,3.1359373010395335,10.334145179513879,3.209898234403312,8.799100898604479,4.340803768166013,3.022266929760197,-0.0,4.39079561476818,5.702218620205507,3.274313924441654,6.4037350046967845,3.6414103193819876,11.5478365199836,3.4505931747238225,2.2073762639346373,5.256827956678058,6.615445695650065,5.458774759612493,5.777281766019849,10.77742296846656,6.003426398239568,4.117284485913932,5.804563948145567,2.7189207159194644,2.8702082153266324,3.684196784787473,12.458099696883995,5.125680088408817,5.201348454214603,6.2918804260335435,5.812664183941902,4.7363984866232345,35.648774289850635,4.468869391894146,5.859847434871996,5.22746100962022,5.084789436517126,8.293687143126682,3.514196551318401,4.354877017514278,4.873707145983481,4.649702153966849,8.425697333925696,5.482593954878833,5.464721233875635,3.9853150132371606,4.741929267147852,5.79263406826372,5.354709859089857,6.82722210346578,7.609270696510815,3.74478299553847,4.384566104453586,4.705437797082709,5.575555381368113,5.351266745885521,5.332486874527513,4.097275387486076,7.6168406324044495,11.247718689584927,9.510046258245069,9.136759585359169,4.468549741107077,6.049750304757904,6.1955397037571185,5.629243014621377,5.028291149985773,3.3100298909540804,4.404396986023482,6.105247053159239,6.209551550695656,7.1384644383328455,4.3329035017604625,9.181357813829996,9.917290135640549,12.898484169166528,11.761865998059886
12,2.599938170807351,3.488875529963415,2.428651059712016,3.254996723221926,3.443624208341448,3.926198139452379,11.367326535883246,2.0994364804935683,6.51643361311251,2.186948051377584,2.641688987928374,4.39079561476818,-0.0,3.0797772531384955,2.214975845476879,1.6503271769804158,3.1469719079586285,7.6832648816149165,5.166383842940606,4.121519716284066,1.4293501328519755,2.933944652642236,1.7441762481504475,3.166975026070322,4.508817833763238,1.890820124015661,1.2184190318052128,2.29810520937921,2.6275182460245827,3.2581080133509293,4.6710733945193335,15.811013703095336,6.9246054950810505,6.9337013065964825,6.372584375610402,6.664489569887111,5.3784354796231195,36.24350115170817,7.409781553091306,4.831178940006306,7.356532796108221,4.425420108690141,11.708778696374043,3.8799834432609623,5.3919881452601235,4.3461801486934855,5.022273704002051,9.531747043815576,6.134174509805348,5.994772500040683,3.7800980642580124,2.5775821298954393,8.580946483388734,5.949487066291542,7.789627626295383,6.468811234828298,3.7569027015809517,4.9472041017778015,4.319888787108583,4.486312839020118,3.5076118566410934,3.0347588064254296,3.8147459512163326,4.428422344799083,6.106661772551258,5.759698283668943,5.2632694900549435,4.09344677631598,4.585707344135794,4.691624713754564,4.0458029873776455,2.9328744208108,4.288323675963191,3.579119361443641,4.077072352833899,3.8484917861245087,3.4674181581235124,2.7925266425813517,6.594327300953333,6.008135542442847,6.502803720611078,6.345577267269527
13,6.05412881620126,6.728732099728273,4.853729237118809,7.751503036248561,6.354590483824658,6.604297282494139,15.066549915028961,3.8396197172270226,4.922353157639565,5.290287741756516,4.340243135530958,5.702218620205507,3.0797772531384955,-0.0,4.708484272247069,3.440932940038562,6.9189337033360205,9.845915296524192,8.121668601768075,6.585917347124055,3.48410078041648,4.0205992100796335,3.3226172791587527,3.7543059919290847,4.822526189811818,4.254373253307273,3.041084937326258,5.380672539927668,3.847466817150424,6.152106761248704,8.893141691586052,16.00180476019839,10.29726604345386,10.362664535494803,8.366679155372712,11.522366291033205,8.928491805588912,44.599788917926595,10.148469293445489,7.533731145681214,8.970457325726626,6.169682370150131,18.083844559170824,6.520237103906416,6.973925042428363,7.998617704552075,8.050882953915632,14.465418608452666,11.080832810829001,11.048004531350397,8.36268176576335,5.339097147346043,10.729704076989297,11.398191326232135,10.548527715295775,10.904990033369785,7.9517585942171625,7.910343008584281,8.422008943427256,9.02464656327565,5.903325029781682,4.47269303009989,4.05916751207869,5.127229004256574,5.314316841001536,5.121732404946382,6.089461474736712,4.686988405560779,8.553271978574447,9.080166046369206,8.157847489947688,5.1745566331857615,5.653792223641404,6.40420146141602,7.346656411197579,7.27098187612106,5.227939701605415,5.39104631775777,7.007530414817528,6.574796563360613,6.483929028689459,5.590446327045028
14,1.9388970440203463,2.5001762210951872,2.6793939307693218,2.390822345668923,3.023549670134132,2.7014820003729914,15.102910237350379,2.1501041522717914,8.365994002795706,1.9071992953902306,1.691815872927533,3.274313924441654,2.214975845476879,4.708484272247069,-0.0,3.0624215531714136,2.758785968789697,8.399845135471368,4.182845699405235,2.627506423435768,3.37451977200732,4.148348571124384,3.4407428032245604,4.415002158090327,8.373123668460666,4.198651637224148,2.2624023097145916,4.184587304679991,1.974217641874197,2.1303736277354717,3.422569894599334,18.376326224569507,7.0498291126430885,6.974514216699115,5.500347965517234,7.1512760310940395,4.346474734325474,39.80518534814135,8.329561367998641,4.375701360297123,8.22510649010159,3.6237346640594414,12.364720482378013,2.756524212109122,4.245207426692425,3.466769843482882,3.809438149937162,9.719194591476896,6.17218708392762,4.811109067148605,2.5209460071243557,2.1921698373633878,8.506499735346624,4.993039747823144,7.3986679143554115,5.451516367313919,2.781901188218919,4.750895579061396,2.8960401389997648,3.4757053799768767,2.6246059045392562,2.842663233536203,4.49949414858286,5.036188455424119,7.9037173887263705,6.518287381588677,5.980322741021966,2.953323979141825,3.697916975680099,3.832673349957271,3.2260493466126663,2.388340143112932,4.596023773195204,2.4153840969749147,4.0624176263379175,3.7543396160988722,4.248417270706357,2.5590333410068555,8.368470682949232,8.23682453748116,8.784241358316788,8.466284120460763
15,3.672497067025906,5.640489553842416,3.8839737283146443,4.8928819077138765,5.160496171069086,5.953381740897015,15.911584593961212,3.919484382514646,8.504331447526292,2.799712316751991,4.027850827667211,6.4037350046967845,1.6503271769804158,3.440932940038562,3.0624215531714136,-0.0,5.462616988029784,9.15540981711931,7.968182272519916,6.230294520101291,3.064330580740294,2.979548108422952,3.070046068945908,3.5881736399606825,6.517219879432642,3.6375017771369014,2.526847827996667,4.416353990801017,4.28962145454942,5.219463579202426,7.025024915402052,19.387298552034967,10.330111980444322,11.188811384592727,9.120422362688187,10.789904755310008,6.980297623153341,41.40619668628247,10.413289516301354,5.782178008676569,10.551727498857836,5.959251580504988,16.78623861638228,6.166721428711997,6.452046280628499,6.28421013619391,6.057835455091162,12.73023483472599,9.377420840852702,7.9922639268768565,5.578933590288513,3.2396887262327434,11.03384946484149,8.607168254221543,10.538334645439805,8.625169752127709,5.919737940607693,6.921096272059567,4.88584431002128,5.82238132135943,4.667199810147975,2.9722241708874546,5.294218141127944,4.245364799645268,6.80943678892481,5.6756014613849395,4.925646558944312,4.520568773067638,5.075496716803639,6.294440719384261,5.2209849430864885,3.5374974257186866,6.280065617050289,3.864564597094157,4.1289968829742,3.9779566082972115,3.0453842403955784,2.8878613012574097,6.5189422970057915,6.674068063149158,7.35386423452383,7.229467941378652
16,1.8761824558013884,2.5686284315999477,4.315764276969759,1.9717713828317565,1.0653484797742367,0.8492318166100711,11.256359621997191,3.267168381147944,8.864492044424482,3.6118723823778414,1.3702689921891484,3.6414103193819876,3.1469719079586285,6.9189337033360205,2.758785968789697,5.462616988029784,-0.0,6.243324335535392,1.6276189733413355,1.3344269181304345,3.9909196176723536,7.035829545783023,4.315184027813268,6.8696466096185205,8.628915051521618,4.756509558957793,3.8728234494339504,4.449491382201357,1.3917295235653389,0.8646917022952763,1.238514797372478,14.63384450417895,3.8742037679345396,3.746951732213523,3.2421313494979223,4.108813928695085,2.174232778074598,34.59173489637034,5.203343633881474,2.931662745800289,5.349204644780478,3.565153578513705,9.831148766098083,2.1981291736085913,3.134330011726555,2.273508227333554,2.3290030583063452,7.831669665820894,3.3819669068073246,3.200831243166955,2.144281100495419,3.1017044278894734,5.047467367427925,2.749709426407885,4.925946267631538,3.680521227443727,2.006871299135257,2.622260527850275,2.8467368647056683,3.084829548720871,3.4766714437358823,4.640004051851572,4.765369154694536,6.776489974582646,8.423489659258586,8.202780175606563,7.4438008970089315,3.157945185303556,3.9096632624672374,3.7837406732727716,3.4402247569614333,3.6087783967905582,2.722958184374341,4.628693211934756,6.172123021387228,5.109523207479044,5.9191296523108266,3.7154872780588093,10.90096851714324,10.39770267168431,9.236476595271304,9.047228074224476
17,7.647622011995124,6.994923034188519,7.486036916284249,7.803297301531298,6.637698140608659,6.140363915196543,9.660726937429699,7.795956451749196,14.033828997931487,5.543336205113243,7.900613461516121,11.5478365199836,7.6832648816149165,9.845915296524192,8.399845135471368,9.15540981711931,6.243324335535392,-0.0,5.325162394127298,7.3696763997921675,8.060097023268812,6.908261042090883,8.707041304754052,14.159649116094316,11.846098696144335,9.891070398299696,7.144240751968046,8.949996995316576,7.368776817385999,5.966441692798763,4.421218896748818,12.097833608316174,5.457372284437851,5.418689465065041,4.015046897574431,5.530275760802461,7.268124614281055,26.347068597045162,5.415204499416309,6.775392039951976,8.38019364652867,6.023225999646658,8.620480402551594,7.423733784180697,6.806771848948849,7.083979643928132,7.6569253245699525,8.86029335782117,7.178872919552414,6.8655336534224425,7.442436767543925,8.443247587516826,6.985422311955892,6.763456943394798,7.527550831261981,5.757786288116268,7.275590419563422,7.340418749806225,7.902973119138844,8.163063721558627,8.546225970407985,11.980568762990789,11.955041747687133,13.673827867615389,15.394395289756769,14.780033017784563,14.594570072798353,7.61318843195664,8.737788337969857,9.155907890825727,8.769213991191286,9.191193476645262,7.771694167122457,10.738814553690396,11.901386449894236,12.580553051716844,12.177100895826655,10.735371034507068,14.602865455331086,12.738810196514436,15.970421033032151,15.843726275440849
18,3.1268821157197815,2.1055791097663907,4.937443348031839,3.1927561492215406,2.2134900272526403,1.3103146334213098,9.699136590799815,3.074949684392698,8.6168354881116,5.093522270569368,2.7271562425657607,3.4505931747238225,5.166383842940606,8.121668601768075,4.182845699405235,7.968182272519916,1.6276189733413355,5.325162394127298,-0.0,1.5189355693965125,5.487991602153571,8.688573809895653,5.940828877297383,8.879435179110013,10.639679351247878,5.273029309561738,5.347073285123454,5.858461641119395,2.8084711767418766,1.6007007745980992,0.6740855595508288,11.923963726255076,2.201697366765638,2.2910235313514056,1.8620115727140862,3.0458501373087303,2.7118547099935526,31.235601475213848,4.149138244771815,4.522362325365415,4.734041177186113,4.843588429491447,8.41167664397119,3.109746698111299,3.7785466500164415,3.3062638288007813,3.1410513591248077,7.625099506721278,3.225786277582457,3.550911474153628,3.1574249648360504,4.4033649355269935,3.376313051156343,2.932318817183743,4.226093700563237,4.720883027240229,2.8990403110774627,3.223561062191394,4.041147367674519,4.2847963992722,4.788732533284103,5.881498795026488,5.909417380312722,8.501720116174173,10.992090277084124,9.97438681954893,9.420112523813808,4.198682086282004,5.286152733676072,5.122659717701691,4.897407210445606,4.9418938954381835,3.8876121586098646,5.439882014334793,7.269301627942786,6.681881158699493,7.488217146901336,5.221132147002618,10.949424473091922,10.150513712959578,12.31132999780722,11.723981912758868
19,2.4923856683345678,1.6926789511045648,3.3984854892046803,2.5191508897413235,1.372400325239878,0.8617972972907639,10.222612711182334,2.7535688625042445,9.921586860125181,3.176027552543194,1.7435049638842162,2.2073762639346373,4.121519716284066,6.585917347124055,2.627506423435768,6.230294520101291,1.3344269181304345,7.3696763997921675,1.5189355693965125,-0.0,4.015825908810574,5.955834331781548,4.465497195295902,7.124148982864885,8.930334589142035,4.763344338389371,3.8926664047043458,4.224889409383354,1.7651559844883513,0.9231988187831831,1.2269637970782146,12.650900789893642,3.4501128437081268,3.2112154862192903,3.364244313243178,3.899671700780811,2.7236852537695837,32.18386194659624,3.965961223325063,3.322014653016563,3.5810988338199174,3.186821822532894,8.331056098752391,1.9636810981507682,2.5368382326512307,2.6313985032039917,2.280764662298524,8.157900035266865,2.9943754486749516,2.6846954037553608,2.0735410074552445,3.376203834261405,3.5256220807401184,2.3030377867974656,3.2389496579451906,4.450284232475034,1.9738541074737075,2.2941078769198215,2.991716206038876,3.2379080550312667,3.685765879368737,4.36183026824544,3.898752470763505,6.363917160414318,9.44894702180815,8.053130634343294,7.424972806597334,3.066327095938309,4.0714226324824105,3.9653663747764836,3.5875132290877665,3.6930768165171926,2.500163636154358,3.698235132398694,5.319009209399166,5.092765331014174,5.604990889408198,3.694521818559356,8.324905060819534,8.68689936359843,10.746845865981014,10.125129724073672
20,3.5822363712407057,3.7155248729826638,2.8798868565794336,3.032770254580541,4.812580823634971,4.059358432704517,15.03493715584616,2.4029936013631947,6.173575203911868,2.907225419576494,3.0932896924305413,5.256827956678058,1.4293501328519755,3.48410078041648,3.37451977200732,3.064330580740294,3.9909196176723536,8.060097023268812,5.487991602153571,4.015825908810574,-0.0,1.9591346444027278,0.5263989526067331,2.6563386759593324,4.114164459848655,1.898617869837237,0.9023693111723265,2.008789258825943,3.567853638637087,3.759536048774876,4.826253934722446,19.085290432748277,8.827100837300678,7.092025325036632,6.531107803635709,7.806763921762111,6.175086905426214,38.11311276186241,8.838501403660652,6.212369147015248,8.643667024024197,5.209993533881026,14.476237733827544,4.508671238427345,5.630228656817738,4.49304810803553,5.310315294659424,14.01051269304761,7.503299745514387,6.542411973004812,3.6926544175720344,2.9466801092286095,8.871880941131188,6.045465867378651,7.23398663845861,7.947548589701831,4.484915805494896,5.451998681237719,5.323208201171622,3.9155517683357575,3.9017769062633354,2.630050308455032,4.702149180117043,3.720075889606477,4.98590112870546,4.756771778277003,4.687267749156006,5.121976708338915,4.376557489298455,4.509761540139117,3.5007024666366133,3.0711884972787318,5.507704505882378,3.7850310947954333,3.563551744095875,3.9286593190657118,3.063702500843059,3.9191969302134413,5.1193420371157,4.727474100121421,5.506557566165619,5.272072505491492
21,5.898281669116781,5.338337452946431,3.266214146495426,4.958731463216138,6.924489841079546,6.997510159277926,12.453934352278397,4.878080831783262,9.118662478525128,3.6660396851710266,5.1454562096199865,6.615445695650065,2.933944652642236,4.0205992100796335,4.148348571124384,2.979548108422952,7.035829545783023,6.908261042090883,8.688573809895653,5.955834331781548,1.9591346444027278,-0.0,1.9872321075728725,3.3329992211061903,2.877577745795398,4.460976173197038,2.019636913860808,4.9776843162441375,5.67148742280142,6.057222060926145,7.137019651304067,17.01811582433929,9.603006871808113,9.275832328690246,8.55246128669327,10.529030905261314,8.526535091188462,31.324781960271356,7.788340918232025,7.000488978817223,7.729475514615665,5.877098729028574,12.878325192768953,5.071391974798708,5.891155366672463,6.354215886734595,7.130848938202179,13.460645254436422,7.3456607516491585,6.745995769234768,4.816971350779602,3.985471296527244,9.317362879318967,6.58345640558888,7.282727214270559,8.933763675012045,5.1317989906184245,5.40311335891752,7.007074047688185,5.831395969729694,4.555561685671801,2.7505671759979893,3.7089932245494777,3.5541014222524288,4.912429125664447,4.504991421504417,4.788439121332859,5.172052406970731,4.328358507794891,4.417896629002103,5.653150116684667,3.7226459801937106,6.1995807292884075,3.4270308528817894,3.3218152870223867,3.7695955235157754,3.1139437072519613,4.5021042610636375,5.143965242221246,3.692314601972327,5.649327392466273,5.144191794629498
22,3.7559060586182236,4.327285788262747,3.231820286925661,3.3528515082744508,4.865732059097505,4.135220420565922,15.673355060631698,2.669676366575643,6.252094149610302,3.623447917635503,3.470404033392342,5.458774759612493,1.7441762481504475,3.3226172791587527,3.4407428032245604,3.070046068945908,4.315184027813268,8.707041304754052,5.940828877297383,4.465497195295902,0.5263989526067331,1.9872321075728725,-0.0,2.1483652785734066,4.305368481312627,1.993672626800833,1.2936337250541903,2.1092019739459147,3.762118502953274,3.7878720146951355,5.30503202382237,19.721988608206882,8.883831855662724,7.601285012393285,6.6505738129289815,8.418235657641674,6.363753043660887,38.7472076517835,9.259770237042169,6.248130987975573,8.982342230776878,4.845997725813844,14.49112143561097,4.936321931610449,6.223137289105375,4.529527017642259,5.5767174400730335,14.340721328741042,8.1064977834517,6.713820144387736,3.9185461080833623,2.838244157088471,10.025964789556602,6.436511476803848,8.363214776240998,8.712420112725738,4.689860402309669,6.265706120456305,4.769817959005332,3.9224624398058654,3.6569931749246223,2.2139412220569814,5.043521972947947,3.000391476804269,3.9824139914213093,3.692179434921424,3.649595225548544,5.475728613603945,4.433387473274903,4.6061777769750805,3.486397154017729,2.7797737945963252,5.833445759404081,3.717963002096438,3.1430470021815884,3.682265842052291,2.3181512522854684,3.459732365018114,4.303407492557032,4.263075569653605,5.02862548288664,4.229543985382522
23,6.156567337529704,7.9698043585735885,4.789048071628905,7.830975640527389,6.2754887247174524,6.053322306138735,16.16257668239876,4.572012525147163,5.814269292269112,6.386696589628562,5.502006994087324,5.777281766019849,3.166975026070322,3.7543059919290847,4.415002158090327,3.5881736399606825,6.8696466096185205,14.159649116094316,8.879435179110013,7.124148982864885,2.6563386759593324,3.3329992211061903,2.1483652785734066,-0.0,3.8605165850040324,3.9320928029811464,2.5777860043438947,4.045840346900964,4.604833181505387,5.332290494091438,9.149784854013246,19.956841470884022,9.548016978738115,10.399355741415453,9.03283903107034,10.926763101654318,9.406619939759855,43.773408177462336,11.995549659304904,8.985027372260324,10.55317633564864,6.073342011148682,15.9767701395575,7.753909975205524,10.01638833082252,8.048711426185765,9.179553705636478,15.080359008853401,11.932169101665961,11.020924360769124,8.34010444525995,5.464584478906158,13.959724176493296,11.710839374563745,13.264998957981467,12.662853096021339,8.221280460192846,10.243770514919893,6.805312431252698,8.772608646548486,5.977044690779671,3.909016519361698,5.6141085020462915,3.8995211709603774,3.5559491396749716,3.9089390274786444,4.90379965520829,7.487342748778651,9.165485532795062,9.447893949616708,7.87511856878063,4.893371512969501,7.269711577212182,6.483569509698105,6.334112333522888,7.123795656361537,3.9330533580782983,3.821439228354214,3.277717374747258,3.7866526018053244,4.47872444022273,3.6905148886929675
24,9.095459123767997,8.015563728323606,6.689267873730214,8.05743078286308,9.038775997359373,10.616368208323546,19.710728143143893,7.9685780116612035,10.142147674990248,5.822320920209136,6.502485650274175,10.77742296846656,4.508817833763238,4.822526189811818,8.373123668460666,6.517219879432642,8.628915051521618,11.846098696144335,10.639679351247878,8.930334589142035,4.114164459848655,2.877577745795398,4.305368481312627,3.8605165850040324,-0.0,6.641097161595721,4.935130327412571,8.124865251569528,7.668359784040708,9.499363952333495,11.11244332606006,24.0318204308268,13.226790751875495,12.729915741757779,13.307593986769874,14.431887629488386,12.80702922515716,47.224749419464935,12.056011802013439,10.246951104231336,11.792999811781167,9.305347615618794,19.61918127118019,7.405419702625211,7.790439633646453,10.518056572449758,10.960798614852953,19.319883473429243,13.05104076682902,12.219163204053347,8.51135856128369,7.089343045053263,13.049740149232107,10.900696954181825,9.612903417220295,12.970763560128878,8.899540245888657,8.78805770939789,12.148909368253781,9.465485376285434,7.64280196111541,5.742104486475474,7.139269175319314,4.881276193997254,3.994581407435945,5.179522453773036,6.101825338524422,8.081373402867767,7.667436216242562,7.361571758122192,8.858605060131675,6.985835551381292,10.296687213480487,7.591044211649841,6.725268777024424,6.2824447290472785,4.858632916282566,8.975536388234099,4.608200628369257,3.7216660696724473,4.413225138362049,4.1621043140271965
25,2.9794580354558473,3.6428719614187077,2.946020299532798,3.440617450741628,5.498042749602944,5.2116386680186455,11.038374410101454,1.8375280035707655,5.474796180142317,2.273519772576628,2.710199315089271,6.003426398239568,1.890820124015661,4.254373253307273,4.198651637224148,3.6375017771369014,4.756509558957793,9.891070398299696,5.273029309561738,4.763344338389371,1.898617869837237,4.460976173197038,1.993672626800833,3.9320928029811464,6.641097161595721,-0.0,2.015212987504938,2.2482582612274142,3.6295025226188926,4.6928808018817385,5.505279495377949,15.432336195940298,8.439306455602114,6.381424439322351,8.608655928691798,7.455800015152856,7.6085433279423835,35.27455723860907,8.152012823399811,6.325264464852904,7.099124131468326,6.014722468928415,14.652035247390927,3.452373270254471,5.673207519629535,5.387383619371037,6.716434427515654,12.300347120502801,7.421531888388542,8.257861498525688,4.291569465437183,2.28621286952142,7.591066529511784,7.489090064292801,7.301854275316695,8.11123424400444,4.434993186019426,4.140004628508323,6.635828442512211,4.544754642854119,3.0839926031053344,2.2264042703771336,3.7351564189329234,3.899784487939171,5.501087100123217,4.498389289627428,3.839656761847619,3.550955403298817,4.0944858311187415,4.03602421556254,4.127284596836046,2.469389058155,4.789128311250358,3.6326357850212614,4.177723076045979,3.3413898774486466,2.7639240733540973,4.310101271685377,6.970185628355778,6.070685032052574,6.921029897064472,5.781868686203218
