,0,1,2,3,4,5,6,7,8,9,10,11,12,13,14,15,16,17,18,19,20,21,22,23,24,25,26,27,28,29,30,31,32,33,34,35,36,37,38,39,40,41,42,43,44,45,46,47,48,49,50,51,52,53,54,55,56,57,58,59,60,61,62,63,64,65,66,67,68,69,70,71,72,73,74,75,76,77,78
0,-0.0,1.3283140011237071,0.977087658392465,0.7815502161533676,3.7994244790189575,5.241170097539726,10.7558919739624,7.8200426179678155,7.302292617369346,16.281501443124352,7.606604904293595,9.998915046494847,7.7446502758703675,7.628070608250991,5.519782519983274,5.152046817211763,4.6364371533874325,4.678228093351595,4.059662385532342,9.659339262846995,9.321002991123063,17.7167895201122,14.67483118494117,17.631083932420022,9.391270716400058,6.635856914297997,5.367578250537655,3.4299158319349154,3.3381247570909967,2.251777982964778,2.550215837453381,2.685776660904133,5.1555702688967555,8.894642162842832,3.0784909925047526,1.1065418888540532,2.2069809897543387,2.1619558031123973,0.9842200816340031,1.850077488639291,2.455846473962076,15.889330848944489,11.184503539605647,13.288587922081524,10.138293028493345,14.066189019928897,24.059443295525515,28.380586158016662,43.565992339081184,9.441333460634233,5.587219987903768,5.778036589050288,5.1624122006224615,17.079599123482872,14.563633293558757,14.56334090430726,15.469616792795723,14.515452339567267,15.918529132695236,18.579196588680897,24.410996117868855,19.218345753007632,30.01519255331892,17.672219647930792,11.363272530179247,13.627446379559846,14.319766628839854,12.475838861323075,9.954911866258191,10.550223796423813,11.25844742520266,10.743717366275488,11.614693491041704,16.420258365424935,11.509653945983368,10.992694569808783,11.16480548121207,11.942568562625429,13.580750595696875
1,1.3283140011237071,-0.0,1.4240236544992266,1.1932916548354089,4.044066549501759,5.596402001905189,10.879322442305885,8.8395430360403,7.149099686681012,16.435244526060227,8.504392567749317,9.550720289943925,8.2916950924708,7.8157118628816376,6.664000380814644,5.22134821345017,4.713291211973014,4.9519424158087055,4.291350213129659,9.735106593962994,9.10987686025666,18.137905308029396,14.626347787461077,17.757863942293547,8.553000942150787,6.29669756244709,5.715102849431702,3.833618702943297,3.5812668790948687,2.679986159390613,2.7220404992814524,3.0446574033109655,5.509046427423303,7.815134735240406,3.5475750689113146,1.6783538549022488,2.4721243808366777,2.554113882592502,1.542146480850159,2.0500188619015995,2.9532544281455557,16.11309736429894,11.291059918304208,12.882300117191487,10.802223005825349,14.363639904814933,23.739345827689586,26.750777402988444,29.228573235891933,8.636024806563592,6.300424424495765,6.570983197593984,6.029388058470027,15.761265686640634,14.72703524323017,15.382517334431137,17.188379197578254,13.874540488761053,17.01842243691191,19.96671012351733,25.406768521547203,19.581552127972266,23.98463664257148,16.859242731975133,10.493564034358702,13.747116961990287,15.067377494250772,11.074001438706782,11.689521653419545,10.210888246140366,10.40779009774182,10.6701630982537,9.691159142545496,13.344104866950076,11.661580118927597,11.655600524158858,11.841841348646664,11.724743062606972,13.700766377969286
2,0.977087658392465,1.4240236544992266,-0.0,0.4016249541883109,4.181739473848782,5.5962619401839495,9.898147217172934,7.816478559386709,6.9336508404024775,14.470049810483633,7.927613164063061,9.511581434190637,7.674351267485222,7.608858739847644,5.954720837180417,5.233270917295334,4.722628220897865,4.946332848357147,4.188410912383266,9.466698075477556,8.68096006214673,15.324088088672307,12.547202478503147,15.657671308154553,8.796093709646819,6.4677050195265995,5.783671159211751,3.3782023766351195,3.334308709845339,2.2222357034789697,2.7720475667328617,2.879528353249658,5.324780990715681,8.196126548014464,3.3693580824684357,1.0158375777849793,2.3946146176999474,2.1579725067918214,0.9566089233941767,1.759877125913508,2.42616147743728,14.610396210233535,11.564598321895817,12.33866545348818,10.134186636357766,14.533319836593906,26.001141249047322,33.06237833809856,33.31834762621639,8.842295067694792,6.063571203870805,6.5137352173191365,6.233627219018877,15.30110315329705,14.554054810665928,15.052532899423515,16.155960581816938,14.733910013944032,16.518835360599603,18.37176227883203,23.76067003783321,21.210142157838153,24.872146417013862,16.560296906247373,11.84132466565416,14.013795115882832,14.781767345833204,11.782719157761058,10.604726144764891,9.783243462593296,10.814153581038024,10.562675488456696,10.566515450744,14.57358130498059,11.309949802943086,11.21098187732882,11.82004677720633,11.672288738497329,12.316855479686646
3,0.7815502161533676,1.1932916548354089,0.4016249541883109,-0.0,3.9242341403580827,5.369160568169848,9.589903085794951,7.552848560617056,6.6889035043101,14.087579496809656,7.729602123483842,9.130786687575101,7.437792440499031,7.344874096231729,5.626244341544536,5.0062206054054785,4.559792407560993,4.751390091038551,3.9972175180783616,9.112257944541591,8.331074328053363,14.979801681590821,12.177278729369352,15.282795861309662,8.510256608796478,6.161048468672018,5.520580604532661,3.3616999210629293,3.1557582507526996,2.0182227352473134,2.5783278598899737,2.7742000886339153,5.063933526231957,7.672762156887487,3.249908003983276,1.0776530075500426,2.0835160141395805,2.0549758900395445,0.9825328818497558,1.5086565168000432,2.429748685440063,14.136213932911033,11.175483710129077,11.927152295877498,9.911391289218235,14.244649605557987,25.53345333803429,32.498094534087905,31.312300307085877,8.537449478214945,5.622143109014831,6.142035455992948,5.945682050876279,14.890579430549822,14.303641396235186,14.922965736719433,15.808990082385112,14.347646353472003,16.129589535900656,18.091129593600627,23.571363351111223,20.479557430303373,23.890626023437257,16.13406877232521,11.394634945390099,13.460904945766254,14.480975298078818,11.57133227193574,10.174480721600526,9.357952649182492,10.34216117628819,10.170965246194996,10.209135148504668,14.10464365786184,10.952586018725098,11.014423418552612,11.35264192683284,11.16440156699471,11.998853245763481
4,3.7994244790189575,4.044066549501759,4.181739473848782,3.9242341403580827,-0.0,2.386128068720696,6.362313166725185,5.862141090414417,4.427364406079363,11.522918425405823,3.9009065882681258,5.789961506170033,5.2067362096786844,4.247646479969699,4.417177764015152,2.373807939989747,2.663136812828934,2.481374402875829,2.42304656445747,5.330920195217881,6.417836665712122,12.709919622391524,10.066076108606627,12.141512039189207,6.189637245184221,4.540349649963837,3.3228813657707805,2.86276395194829,2.285158509520033,2.515948437120549,2.4148311010839976,3.212799897817035,3.3488553826868315,6.042049483244045,3.8469258758589056,3.8079670481500645,2.455177779707154,3.0333442953541168,4.5213083057579615,3.7635111171724263,3.9383626708623467,11.967707552777865,7.484157240486068,8.570851905849697,6.290831473189421,9.094825301307162,19.30837977988324,28.962708997665267,27.935122356366623,6.6564540811076816,5.58157321392312,5.332907178754588,4.474874567513623,13.61505438983117,10.663310068161318,12.102669023690266,12.339001289956844,10.746842253382937,14.560214320195668,14.311932257465752,18.451818579620877,18.172574194627273,21.48808792153131,15.95355372456339,8.77438021811255,11.074335974269719,11.185539250785888,11.238778476690845,8.763371963456642,8.141441965381128,8.292068787845949,8.184284906096448,7.99166186836783,12.861653486603176,8.859297605852928,8.226328756969602,9.587781481546568,9.165585050409195,9.783659932226115
5,5.241170097539726,5.596402001905189,5.5962619401839495,5.369160568169848,2.386128068720696,-0.0,5.480143222886101,4.39441900309101,2.813884713558828,11.088723605038892,3.1645026719331466,4.65592879383426,3.4213210305593447,2.9375922478201106,3.4681414607826873,2.210739775858919,2.523091585652508,1.5949593245580822,2.373139762058377,4.858029313474457,5.330283948001664,11.957311246308098,9.606862256668263,11.74518594502601,5.2838728554740495,3.136979415713952,2.295456135145756,2.708091785957507,2.7750495738659917,3.591624005229801,3.4272757291595477,4.42964822863289,2.991425916194862,5.277417743571774,4.845944472267144,5.673073628881608,3.370908086710032,4.12030555394119,5.462727305044984,4.704712935945444,4.017180450981337,11.07188900982414,5.75816340634081,7.1755849571654196,5.949946544395385,8.72173692247301,17.488115111355516,25.41785071661187,26.95835170403694,6.844343358983241,5.5040332105493,4.448782234992957,4.224155280721956,11.59412967342107,9.41194703357417,10.342308171546705,11.529793644039323,10.92580041054872,13.984438646024783,13.381776221425689,19.34657064978549,18.11885175816526,20.55771929384404,13.922157996404083,7.687613900900163,9.442133344081148,10.247240993027233,10.004189108474275,7.2401578262519966,6.672014228802695,7.621012651875401,7.362804381421763,8.497593467842085,11.592865320278205,7.3545479243334,6.330692538151467,8.782515233417643,8.731820976670347,9.595502460101388
6,10.7558919739624,10.879322442305885,9.898147217172934,9.589903085794951,6.362313166725185,5.480143222886101,-0.0,4.081944748424125,5.1482056930096265,4.6861761721706054,5.415384695366512,5.403451222529548,5.8603243420724604,5.669812056991103,5.567941170707258,6.906841436475466,8.20132709841538,7.767823695226503,8.294071479844245,3.9754240472277758,9.520469729607683,4.060046359524953,4.461313859879791,8.085905257807045,5.41231423367515,5.8495839561611005,7.168500037066182,8.424648911825651,8.215998468772474,7.86833697719433,8.131909689106918,8.745251549688845,7.89058040032626,6.166545990193667,7.225431028492939,10.177390740578657,7.3452042956094195,8.606176569064303,9.580696636616835,10.89019909495493,8.267915533066159,5.7976702624022165,5.668481229565184,7.263633820510685,6.738245078770329,10.454601488585114,19.425208358068463,28.625382628398377,23.509029137844855,7.4163660007950245,7.158252860390075,5.278241289125579,8.971871607402097,11.108799671289564,12.274506425687044,12.081825390853169,12.481285719055538,10.705095203235894,13.269196666369547,12.362727340538566,25.28161007595288,20.303623558584917,17.351319060572095,15.195275137390952,9.43880882295825,12.208222019707874,13.02580874413251,10.025386846206219,7.007861022246144,7.041599721623406,6.88152883170929,9.42307176414596,8.42433918738055,12.190795746505605,9.638206093180884,9.223792716959014,10.782436494138752,10.563726952952258,7.313230753323312
7,7.8200426179678155,8.8395430360403,7.816478559386709,7.552848560617056,5.862141090414417,4.39441900309101,4.081944748424125,-0.0,2.0054523885273516,6.281681208949381,2.723942949884505,3.7994056860968937,2.1444865738462853,2.611027851590348,3.1617723051776454,3.976064924694989,4.893097094705458,4.226834277536752,4.656432412332806,3.704214378842473,4.004632722759049,7.235869255304516,4.910340318340172,9.88113780653389,4.242800556099942,3.67264253915709,2.914313710436407,5.943958289394535,5.0834670958387935,6.368949738827847,5.1539504439011035,5.335635433472603,5.109526240018684,4.4107201703347405,5.179240263835569,7.055689430894848,5.689357790705019,5.218865485920635,6.763225703373357,7.802099766340602,7.074507549277144,7.464331866734223,6.195326998063681,7.189255562048232,6.405320037052137,9.963878447902934,20.73671012079338,29.009693978571146,42.52521615316854,6.63429552165884,4.431564264587414,3.8591800724556347,5.245393297553813,10.179728765361558,9.131956952135448,10.231869945097111,11.312315152760876,9.52927801133172,11.051779037872128,12.35770795919488,22.867052356435796,17.46997521160694,22.144872003116678,12.657129703135068,7.224991232741596,9.404089444222983,8.541355335985546,7.139469016572049,5.0388740747108525,4.3912231142806055,4.867649671555167,7.198552270168033,7.8772406541172755,11.162614117875597,6.750305713493528,6.48654176536962,6.987564490092066,7.824537162036465,7.699685216337215
8,7.302292617369346,7.149099686681012,6.9336508404024775,6.6889035043101,4.427364406079363,2.813884713558828,5.1482056930096265,2.0054523885273516,-0.0,9.00690537151294,2.814161985289426,3.5368211731727146,1.98047529493779,2.53293278613157,3.1364498464383406,2.756625991204011,3.1276681081000595,3.128410411094472,3.387856445328072,3.0975511988481106,4.4359872060813865,9.936925443290372,7.311167963177362,11.107146504547794,4.651176286007624,3.3185591731107134,2.8259714521787886,4.050276529304239,4.414163651728861,5.61863654660912,4.519656838565064,5.199248995894277,3.9662189341180043,5.171140815921039,5.315375105921089,6.392187641130092,5.345553846827193,4.713811254331619,6.753173365403016,6.565554796685638,5.371885447716575,9.837180323645,5.28545054920959,5.886188041677424,5.357616037538502,9.330844700216192,17.87901925526293,36.74005550922447,41.757939012512495,6.125290336971368,4.619440014166098,3.9441232133260784,5.136676053223619,9.686706363744186,8.57748570889746,8.703256211060035,11.650522816137292,10.104272996306,11.722418753520968,13.452018041508838,18.06794567856259,17.01390884148475,20.28618706094001,12.595729711762408,6.929044764884341,9.123284956490336,8.245602412087084,6.857351787894978,6.451547964692894,4.413421092804234,5.300498493381244,6.846878211248591,7.657868372713465,10.356692549772001,6.144018419040133,5.751565241172758,7.316971172087661,7.611452172399259,8.226473998147664
9,16.281501443124352,16.435244526060227,14.470049810483633,14.087579496809656,11.522918425405823,11.088723605038892,4.6861761721706054,6.281681208949381,9.00690537151294,-0.0,10.129202519114983,6.069559516075314,11.395105604981477,10.746311048539933,9.42301019725852,11.099895192208198,12.32572145936557,12.831547278597094,13.355415935836575,7.721882565073702,13.616172179681595,2.9055092876469226,3.098628974899289,6.223397977972919,6.243098571627142,9.779992284777991,12.982207832648339,14.7768133940685,13.724206877933943,12.775866931083922,14.545881212181927,13.221877153640216,13.50578992452145,11.144529485744826,10.602461779214092,14.411455248811214,12.131009593688821,13.544205399588519,13.784535657624954,15.783948665797679,13.765704677906388,5.115557015894389,5.20539148766473,6.835721294650801,6.480150785640092,8.081699020587093,14.428471201744573,34.44230657816558,25.28802111803592,7.521726502324976,8.405419496593364,6.734016984237896,15.14663080252036,11.644273536814675,13.983445833085026,12.298774079309618,13.131023810867338,12.75598332915234,16.81769235972333,14.033613954287318,23.24495801496924,15.334934228875953,19.70165618826032,14.528621527884988,8.936776769022483,12.741001644462477,13.904645610489478,10.383663799607545,9.047404140449247,7.2895575501311525,10.091166258727352,10.260397988346483,9.284493034965699,10.002086206016815,15.071557172473966,12.68321129291146,15.62631754193912,12.834570926655733,8.592368023554986
10,7.606604904293595,8.504392567749317,7.927613164063061,7.729602123483842,3.9009065882681258,3.1645026719331466,5.415384695366512,2.723942949884505,2.814161985289426,10.129202519114983,-0.0,4.46123851084365,3.0659925174954976,2.7563436338111997,4.359203290024113,3.8188834550108037,4.2377799705067725,4.234741770313961,4.666779035203739,3.2551311340051576,7.344611511121068,11.822544470466477,9.024206260965254,13.568756462466128,4.843981580849581,5.7165138965804845,3.2715703222896853,4.6171837353764005,4.411824437251622,5.286907464150657,4.959878780077043,6.641941241091246,5.958457456514778,5.844141313313719,6.2762387764090475,6.859699253956199,5.624967285371794,5.760871209963346,7.98144729531351,7.748227888953604,7.021259469471479,10.737646569493199,6.117243986228625,8.53672789882162,8.448881102360257,12.346792494529618,18.34251360149336,39.835352733348266,37.168288053754985,7.000379673818603,5.796477870415021,4.555317643713419,4.939521543028912,12.369162272476883,10.568097852352636,11.688485817100595,10.68458216458558,10.944577554119427,13.138299116967419,15.595283807027094,25.527933553406417,19.618066571648452,22.501346072472995,13.180336701991589,8.866787900256101,10.571705684526826,8.87662423020967,8.305440673167295,7.3059688694713625,5.1608463025951865,5.916042252536243,9.074705827039375,9.269959979652551,12.812536024844864,6.909143662534513,8.079516260848886,8.069381190738016,9.131792376403402,10.306980279919747
11,9.998915046494847,9.550720289943925,9.511581434190637,9.130786687575101,5.789961506170033,4.65592879383426,5.403451222529548,3.7994056860968937,3.5368211731727146,6.069559516075314,4.46123851084365,-0.0,4.554256552378748,2.5608697789532413,5.751749355532064,4.764791247212276,5.572829455458783,6.684972867835742,6.949413286270142,3.868612603949545,8.004058968716414,7.1214548076155495,4.348041008684428,8.440138697214337,4.010057145071421,5.524625045388528,4.565354530423572,7.102256958178726,7.230065622506138,7.6873140275236205,7.745570804891862,8.617819560150004,7.6171096363904685,4.858779068006346,7.440217695047789,8.979746973362964,7.458810709753147,8.305488016872916,10.203008206145201,8.971462662041837,8.118418531843133,7.714181329767829,4.5095247487227095,5.9329672423599416,5.6359134920557254,8.306584213663228,15.95244812447717,41.30429199479634,17.616401756872598,7.391370672777514,6.362447502151706,5.0059316182268025,7.171592657822136,8.94234051393617,9.400532909793666,9.30449276770663,12.365422196371556,10.573720420790561,13.50298405339588,13.460959910421685,18.23453283427131,14.114539870249844,16.109651885509866,12.19553557569971,6.269039720518389,9.108006681173793,8.14839928645147,8.037093550385869,6.619895828970586,4.571834395263447,5.280554789049887,6.515835740960581,8.331634668218207,7.4227312487876915,7.660709144304208,5.664391645743642,8.785348382711414,10.138360900829431,7.50399640314646
12,7.7446502758703675,8.2916950924708,7.674351267485222,7.437792440499031,5.2067362096786844,3.4213210305593447,5.8603243420724604,2.1444865738462853,1.98047529493779,11.395105604981477,3.0659925174954976,4.554256552378748,-0.0,2.4784863192249222,3.5844145988271636,3.4527141257339493,4.060880302645715,3.903575197621645,4.0937609226287295,4.066626272572651,3.9151633960535213,12.065503560925094,8.66777013304492,13.428352586427593,4.81654208884305,3.882058770234202,2.9759397934331115,4.646517944966735,4.308001088140995,6.034703871363169,4.8362383967823215,5.794581645561593,4.860164847465308,5.789173567676778,5.82453207458252,7.544145513071015,5.489366658427452,5.364607572925658,7.242054439632247,6.653273722162818,6.2548326549284905,12.630204808183887,8.483714421893042,7.6388738030082814,5.823024986519778,10.244581658666522,22.81103117113162,27.358916651052784,42.63121193306606,7.213402165591446,6.040337868724299,4.930879711829266,5.012346215335287,10.360897837121424,9.621908416650443,8.270979508734221,11.157049449448369,11.09137593372062,9.956986915285347,12.98945895614632,18.572512049229815,19.432171997969103,22.48400824355435,11.749514920123046,9.217885064780267,10.353705137121212,9.696493364934657,8.005496347757893,5.501997407864465,5.0048438852202235,5.673073707775412,7.343370159761654,10.059966886533955,11.437279106790218,5.0414087969156,6.079727266432099,8.559341218877233,9.159127273024716,9.037348190850766
13,7.628070608250991,7.8157118628816376,7.608858739847644,7.344874096231729,4.247646479969699,2.9375922478201106,5.669812056991103,2.611027851590348,2.53293278613157,10.746311048539933,2.7563436338111997,2.5608697789532413,2.4784863192249222,-0.0,3.9125298941608007,2.997826986186272,3.5626231321525457,4.278187170620259,4.261577938606052,3.6935563808992606,5.067101776978584,12.053818486761571,8.538747106053556,11.343886114665297,3.995220801468808,3.495440580027235,1.8445941283158187,4.6002108296234185,4.717976016322419,6.152538065896947,4.808644281174872,5.4869369501862835,4.3755261852195675,2.6752386751679804,5.42394412233145,6.654708544282485,6.282523191012277,5.4461902552051935,7.778784099503124,7.683846417814038,6.725548867399136,11.289565623478987,6.419215947753054,7.555872596610218,5.198909918144159,8.241440725849104,17.529750054807266,29.507399163843363,17.908894054905414,6.988627575652988,5.290567215734397,4.471831469477823,4.907989093929746,10.03335176878167,9.270651217895571,9.119513395104542,11.407438682549857,9.88848652414959,11.644825713910043,13.315280045180284,16.933213347194688,16.1004706241402,14.3988132286685,12.192004124326692,7.847808958685092,9.917845814101844,8.815193520801396,8.691631909878776,5.8269391081803485,5.125140150236539,4.986866581284415,6.331853714397515,8.128208197483522,9.151003980575227,6.6467831429707696,5.287372694837574,7.788023087587087,9.318928833345227,8.998105262548728
14,5.519782519983274,6.664000380814644,5.954720837180417,5.626244341544536,4.417177764015152,3.4681414607826873,5.567941170707258,3.1617723051776454,3.1364498464383406,9.42301019725852,4.359203290024113,5.751749355532064,3.5844145988271636,3.9125298941608007,-0.0,3.4221308350673447,3.8453392680444773,2.759763617543391,3.118218754544625,5.029262656346878,4.1842666666562485,9.920582423008707,7.202595849299792,11.370967564042768,3.743952013227921,2.909466245232743,2.6959670575804413,4.840620962264075,3.5192891059567084,4.675935401864354,3.749539158142646,4.103670669237982,3.4866913248415736,4.025953049405971,3.8224026089988663,5.766132224632197,4.003940785272438,3.9986543682682654,5.184335402989002,5.313926332126619,5.121382480208536,10.111697816775038,8.647619737254873,7.852182909456333,5.287607179447883,11.159867499825074,26.375620441575734,29.832099582936518,40.6366464169712,6.3439614922164465,3.5561014312906236,2.8400048543074967,4.188127781052655,10.557622636038282,11.136302140155925,10.923518176113278,13.364019685486495,11.503761324491311,13.587242273452647,13.665926340676313,19.298790230143414,21.513104699268727,22.2515833112975,13.826713655994446,9.314582205913686,10.811758029705826,12.159450534750002,7.598554149528124,5.969781554068335,5.776189598972125,7.511217128711121,7.219617533903099,7.442978884394516,10.714161696888135,7.253083107609541,7.062252132698721,8.541581602147346,8.143921022134641,9.2557604020055
15,5.152046817211763,5.22134821345017,5.233270917295334,5.0062206054054785,2.373807939989747,2.210739775858919,6.906841436475466,3.976064924694989,2.756625991204011,11.099895192208198,3.8188834550108037,4.764791247212276,3.4527141257339493,2.997826986186272,3.4221308350673447,-0.0,1.6080279608268284,1.7913048918653531,1.535631657827462,5.632808150882565,4.061775430007051,12.237877248202492,8.513586202283317,12.239929839975886,4.903209958485434,3.4100691702998187,2.4274694319379386,2.550064618050864,2.472016271264663,3.395657285879297,2.958868853931263,3.1122696814984963,2.990721012556391,5.325981215719965,4.631658339861727,4.655841035150792,3.05731818696355,3.3526931109467935,4.75396623624021,4.4510955544452395,4.276202773672049,11.78656026187011,7.866788618887954,8.629581208588823,6.8723805347204365,9.724066701173172,22.474220580415782,30.031457960363987,27.972020263901396,6.887790701799767,4.788951265805435,4.414412037328919,4.400953365536441,10.921124024585811,9.395401314012814,10.083914346471197,13.292181344925982,11.358666979550854,13.754969941312357,14.08575674653097,19.353887139088727,17.555883534611485,20.206954479323976,13.796988706855474,8.325019983286303,10.3684124212769,9.258118421694709,9.59451574476509,7.745187906662224,6.943008869279899,7.515653115090827,7.695741515130753,9.024798591645313,10.954537189960426,8.316693662733579,6.998962382681166,9.421134122115937,9.9197947832095,8.879552070692643
16,4.6364371533874325,4.713291211973014,4.722628220897865,4.559792407560993,2.663136812828934,2.523091585652508,8.20132709841538,4.893097094705458,3.1276681081000595,12.32572145936557,4.2377799705067725,5.572829455458783,4.060880302645715,3.5626231321525457,3.8453392680444773,1.6080279608268284,-0.0,1.0977238544904768,0.8941928024398818,6.120250953627722,4.3453169209998075,13.732673430805272,10.119495978189523,13.610215083585041,5.235618433117054,2.9593021669420176,2.2766674215219225,2.0470422203420457,2.4575522259719933,3.1641523717694415,2.758968825910033,2.274438161682148,2.2095808159984545,6.051137407455847,3.3494203145566805,3.9859426214934897,2.9742145436850387,2.602183517799276,3.705603182439734,4.094161841992192,3.2400829876424737,12.877125137651397,7.508311799945714,8.447999854780297,7.09614413904381,11.969917796312926,22.28104578485395,37.387814864495404,27.206920426116238,6.900885552746893,5.29474828054702,4.90260775644293,4.412004071698677,11.804137938306381,10.009279704448952,11.570605338447747,13.250586609664207,12.559179927895164,14.944616525440516,15.995679801199087,19.981211644585645,16.38920298036066,20.504071980211204,13.946026636979791,7.623422012461207,10.109687762184938,10.118403419039293,9.843042159447682,9.144167645753509,7.2395606280735345,7.993301966669808,8.195322362725946,8.610881986852169,11.691309370639894,8.446666800848439,7.273910585865498,9.972227059038644,9.693805019591025,10.905967662505452
17,4.678228093351595,4.9519424158087055,4.946332848357147,4.751390091038551,2.481374402875829,1.5949593245580822,7.767823695226503,4.226834277536752,3.128410411094472,12.831547278597094,4.234741770313961,6.684972867835742,3.903575197621645,4.278187170620259,2.759763617543391,1.7913048918653531,1.0977238544904768,-0.0,0.8436771885949654,6.282376753584301,4.520627938905853,13.919939434179817,10.519433618414578,14.25556094774467,5.705761938673937,3.3842856770172642,2.2245486631023943,2.3044121309602517,2.611008763197505,3.1708182279432333,3.1793083385009635,2.8532817359312106,2.1728037010561705,6.849231980266332,3.923202251388481,4.526380829442,2.884700101656187,3.0986135342320402,3.9464759718484452,4.061050051393978,3.4069511349403725,12.599098200056751,7.5849907216963635,7.779005229476998,7.337702437405256,11.907891740133131,23.44572127166657,33.27376171937785,41.45492690935124,7.063363911357512,4.708479854466513,4.055928181290508,4.141735997875765,12.893669266923064,9.828194095850469,11.709299286147637,12.757713853950538,12.347995716809956,14.904400168639905,14.971447011948877,21.707760067135442,17.413342451477863,25.66024591322052,14.518358209784001,7.937702872687641,9.847438697317479,10.396632138297084,9.19644536860156,7.57752389390951,6.937320636626788,8.668598175760325,8.322468555616757,9.573147721419392,13.074105030700984,8.144536982548415,7.760721447150772,9.352470658656825,8.636575517359299,11.179778468003194
18,4.059662385532342,4.291350213129659,4.188410912383266,3.9972175180783616,2.42304656445747,2.373139762058377,8.294071479844245,4.656432412332806,3.387856445328072,13.355415935836575,4.666779035203739,6.949413286270142,4.0937609226287295,4.261577938606052,3.118218754544625,1.535631657827462,0.8941928024398818,0.8436771885949654,-0.0,7.097497760865855,3.8866632503904475,14.260712087345246,9.935717097241929,13.616173741753935,5.129943127235602,3.225478275860467,2.478061370977044,1.75699006786135,1.856329760126026,2.614755601041843,2.01791241341383,1.8643202985969516,1.8439510135286903,5.784572636051989,2.8999841250466476,3.4992634985722524,2.5243918550015905,2.0968901849708645,3.326445007620815,3.675558127159281,2.8548720526623224,13.50909815072094,9.568492406701859,8.162481787725577,7.100534536164071,11.86813687733365,27.127582113366884,32.806252860165344,31.910090532170738,7.443311092199952,4.838272771023795,4.747131967271226,4.66936463619963,11.861468565469846,9.895168296218682,12.12408557659884,13.931158177451525,11.367969813182787,14.803624384120358,14.414772351822226,19.667743659422698,17.13577973199781,21.82909087420583,14.874440447270905,8.25705708774565,9.427420156806937,10.082048629110563,9.103053237102326,8.502151353109541,7.283295389779692,8.605663276471997,8.463335326595157,7.956235319524133,12.156669078868935,7.905646456159802,8.221719379323666,8.69954485385367,8.55141932026408,10.439817562934062
19,9.659339262846995,9.735106593962994,9.466698075477556,9.112257944541591,5.330920195217881,4.858029313474457,3.9754240472277758,3.704214378842473,3.0975511988481106,7.721882565073702,3.2551311340051576,3.868612603949545,4.066626272572651,3.6935563808992606,5.029262656346878,5.632808150882565,6.120250953627722,6.282376753584301,7.097497760865855,-0.0,9.40442746187741,9.197325364413278,7.290508501314366,10.408747711283826,5.975417517510726,6.954601040289264,5.235209726935969,6.605871811507678,6.860641404179139,7.028346224596107,6.890889324228806,9.440983113530532,8.100610780723898,4.949606878592689,7.008678338328032,8.848254265382542,7.195365336126385,7.820447252467206,10.546020517630437,9.104500261521734,7.761626324544148,8.708185583354265,4.796434582794186,5.566535848310254,5.670881408744641,8.686327285918573,14.356347603066766,34.64091027118489,37.12179421364881,6.626374473581377,6.58529540259581,4.843539072196135,6.151509602384362,10.119630739782105,9.866103922119867,10.199639112683585,10.87294438388161,8.731275573798515,11.691528517715716,12.797634400672514,21.055759647894185,16.499395313475482,18.640604285238624,14.140479995243917,7.125255613794442,9.226713132297304,8.622435725429854,10.001634396364455,6.665544646802628,5.329667495894442,5.538766109145509,7.713705460133819,7.888630534392095,11.844479201025683,6.853885146235418,7.0974332673459815,7.331945340615286,9.085174884622255,8.86035080101313
20,9.321002991123063,9.10987686025666,8.68096006214673,8.331074328053363,6.417836665712122,5.330283948001664,9.520469729607683,4.004632722759049,4.4359872060813865,13.616172179681595,7.344611511121068,8.004058968716414,3.9151633960535213,5.067101776978584,4.1842666666562485,4.061775430007051,4.3453169209998075,4.520627938905853,3.8866632503904475,9.40442746187741,-0.0,13.475073171328528,8.459860582163234,14.296196624486987,5.92156906274199,3.8047146903399374,4.425611874195491,5.966374963368411,5.894783152059514,7.353065863265662,6.823683680472641,5.900320215837893,4.419716499268111,5.73730738045163,7.816047399879617,8.014127678593109,7.306307080215253,6.292991510155682,7.846159692059339,8.452985834139039,7.8939410582099345,13.921336026134666,12.907452235679678,9.107622726329968,9.74060486202468,14.352555387977116,35.326812079100726,37.611617353143146,24.238211672374003,7.769593201271106,5.684256357778691,5.94341958095281,6.564509830608387,8.685190147902814,8.368659205987239,12.171802987970306,12.786475300805742,11.477122620840825,13.629450955760847,11.944911631725546,20.38076150983939,19.954629171644715,18.730739879390647,14.044690516936962,9.039769339888098,8.486395161551357,8.876713486119025,9.745656764538339,6.562086999761309,6.961244036947176,8.667723388426936,7.317001257076096,7.677408343093351,12.976097292764432,7.18979464440457,8.094259012080139,7.799541259225765,7.895176787926877,8.289544989550222
21,17.7167895201122,18.137905308029396,15.324088088672307,14.979801681590821,12.709919622391524,11.957311246308098,4.060046359524953,7.235869255304516,9.936925443290372,2.9055092876469226,11.822544470466477,7.1214548076155495,12.065503560925094,12.053818486761571,9.920582423008707,12.237877248202492,13.732673430805272,13.919939434179817,14.260712087345246,9.197325364413278,13.475073171328528,-0.0,3.546160154041148,3.962573579925248,7.631242816315713,10.327958094853537,14.538082626437001,16.059261825693625,14.607015481107696,14.167104810979831,15.64607647196342,13.78966062847543,13.814561881875992,11.870751305748906,11.908667123633164,15.869553565443157,13.904040642553625,14.365655064742676,14.97556530010692,17.497715734769432,15.187237833430824,4.417789055550105,6.107658105878381,5.332180505990505,7.357659256272818,8.012459313634455,16.176775934970884,31.239051548699507,22.121460076626423,7.809032541349891,9.713797779700279,7.719982552900292,16.82843317860694,10.862762871774267,13.605481612295764,11.82453693298623,12.184134877992237,14.475176408523758,17.560908287838878,12.520897253869727,20.05348493844836,17.27934203743106,17.636057961045054,13.640180834834808,10.152050239156946,13.385148267985127,15.015095815404061,12.345581556969881,9.208847008004472,7.6768122510812145,11.105209127195875,10.094552212396842,10.55226857878581,11.084154490071457,16.11976936976398,13.173834322829777,17.48903555814151,13.54114465612377,7.375818272617867
22,14.67483118494117,14.626347787461077,12.547202478503147,12.177278729369352,10.066076108606627,9.606862256668263,4.461313859879791,4.910340318340172,7.311167963177362,3.098628974899289,9.024206260965254,4.348041008684428,8.66777013304492,8.538747106053556,7.202595849299792,8.513586202283317,10.119495978189523,10.519433618414578,9.935717097241929,7.290508501314366,8.459860582163234,3.546160154041148,-0.0,5.997903025273496,4.755169253990296,6.909925393945523,10.433931786709561,12.540524461930028,11.00651543584656,11.62931495757519,11.906778370982398,9.385754036906153,9.464005489837913,8.213811839669221,9.269392882578106,12.72178417260183,11.374222842334811,10.777988151635448,11.768634051951647,14.147256921581207,12.681787939120639,6.646145708763975,6.236377329527375,7.501859756409781,5.009527883000555,8.023754606477187,20.054341616596048,35.71899913184552,20.931896502631435,6.244511379969562,6.926649407713979,5.8681563755693436,12.785365415405423,10.769392830061172,10.393230850681649,9.881601292739372,12.040956769365614,12.145104274335345,14.443471915434163,12.167650586561251,18.08919323035826,14.267551276405841,17.17383841600466,13.612627139293012,8.929812087223826,11.622573190922122,11.503915410307954,9.147085058851857,6.648376289814287,6.342634991639819,8.476749599024592,7.2566885684550195,8.977440897639335,7.655098921851214,12.552887278207974,9.855772844746497,13.59519129131559,10.81491905018018,5.770710806000374
23,17.631083932420022,17.757863942293547,15.657671308154553,15.282795861309662,12.141512039189207,11.74518594502601,8.085905257807045,9.88113780653389,11.107146504547794,6.223397977972919,13.568756462466128,8.440138697214337,13.428352586427593,11.343886114665297,11.370967564042768,12.239929839975886,13.610215083585041,14.25556094774467,13.616173741753935,10.408747711283826,14.296196624486987,3.962573579925248,5.997903025273496,-0.0,8.085553559530737,11.400813690293141,13.867075501450714,16.095434460135532,15.30183780662011,15.242369300550797,16.153445578704016,13.343574790347617,12.687850352037916,11.797862918975158,13.24024840924921,15.822724628305318,15.537129348840365,14.519480281536808,16.20054049330209,18.441566891530787,15.724666811156126,6.800553483440567,8.31314153564724,6.162601828338592,6.632105504522935,6.005807786166869,13.474539328105367,27.070664330927737,20.200267593503344,9.81220117238294,11.004376782183298,8.801330770034365,16.809067157477287,11.974630534626748,13.089816221447327,11.219601715464215,15.131216393535205,13.69851454514066,18.105508196471362,11.282496513035097,15.976421442257585,15.393678626392626,14.92782137315606,13.209903866918708,11.005891868060933,13.833768527942865,15.359763342622916,12.536262537189538,8.843734045103547,9.861463258106491,11.634688036446908,9.784358971593822,10.029586806626574,8.945799428132041,16.229846194993968,11.908073483989055,16.358947664214195,14.9782617489587,9.614568760009641
24,9.391270716400058,8.553000942150787,8.796093709646819,8.510256608796478,6.189637245184221,5.2838728554740495,5.41231423367515,4.242800556099942,4.651176286007624,6.243098571627142,4.843981580849581,4.010057145071421,4.81654208884305,3.995220801468808,3.743952013227921,4.903209958485434,5.235618433117054,5.705761938673937,5.129943127235602,5.975417517510726,5.92156906274199,7.631242816315713,4.755169253990296,8.085553559530737,-0.0,3.796158328359166,4.06255950554147,6.859895470945812,5.918166664835572,7.4012822720657185,6.4519745445925825,6.073176495338399,5.001479151974467,3.7596310571042006,5.839809524075126,7.972036358198164,7.21962176061214,6.834219323796581,8.071643757576275,9.179889249462116,7.74175554981064,6.989452574704148,6.171922046540951,7.098536936642966,4.58016190740006,8.236005726934314,21.131778535655638,26.376570090480502,24.758967940913596,6.7384678206611035,5.712196236212895,3.6983869368165876,5.78745098231857,10.045995331719652,9.662141072618995,10.40981838741574,12.967906940306877,9.35147331521364,13.012196484347923,12.440056507557447,17.58867347397155,15.504360945460839,20.944967058818577,14.308371334805416,7.174764942378129,9.384355645029995,10.186574594925313,5.88724848509857,6.177505322935994,5.933595664932844,7.216197447027453,6.721591835650637,6.716482414742659,6.3080731860553545,6.529427586409326,6.584969154963722,8.919813315002404,8.958549317751105,8.951941681464165
25,6.635856914297997,6.29669756244709,6.4677050195265995,6.161048468672018,4.540349649963837,3.136979415713952,5.8495839561611005,3.67264253915709,3.3185591731107134,9.779992284777991,5.7165138965804845,5.524625045388528,3.882058770234202,3.495440580027235,2.909466245232743,3.4100691702998187,2.9593021669420176,3.3842856770172642,3.225478275860467,6.954601040289264,3.8047146903399374,10.327958094853537,6.909925393945523,11.400813690293141,3.796158328359166,-0.0,1.5218019853506612,4.389896842013502,4.5318162294861075,5.250715934621433,4.58811760931054,3.913533306547407,2.387608957968087,3.7009207636299,4.322367124142811,5.990564459338035,5.050249987206297,4.661691165874311,5.4726140783060995,6.3653800484576095,5.002757552345517,9.395813817832021,7.569106093993197,7.836881329077306,7.397951197664695,11.485203432909957,25.33152600338758,24.63157813591,18.11973112778823,6.687194814388446,4.789700595555682,3.964863321606051,4.548316031694471,9.623414974335905,10.798369018750165,11.667737707475446,13.602957285925955,13.172413562831093,14.419135262496322,14.531956380407639,24.432089114578368,18.212475151626773,18.845767394951366,12.888240310624576,7.760929240738238,10.636894914492427,12.582566872427599,8.17065765841182,6.180253161612706,5.897088702251456,7.509029966202853,7.182727097442577,8.435771781691072,10.511250794141027,8.765403147396473,6.85889357157691,9.399642266002909,9.331187921832,9.490252050061407
26,5.367578250537655,5.715102849431702,5.783671159211751,5.520580604532661,3.3228813657707805,2.295456135145756,7.168500037066182,2.914313710436407,2.8259714521787886,12.982207832648339,3.2715703222896853,4.565354530423572,2.9759397934331115,1.8445941283158187,2.6959670575804413,2.4274694319379386,2.2766674215219225,2.2245486631023943,2.478061370977044,5.235209726935969,4.425611874195491,14.538082626437001,10.433931786709561,13.867075501450714,4.06255950554147,1.5218019853506612,-0.0,3.453709902679918,3.6042734009169877,4.436445603588264,3.8318452091840145,3.4078572345728446,2.2092838179904244,3.3129298839264094,3.8345458962512953,5.05113708915802,4.180790387369231,3.8302221753712176,4.9995986578600276,5.353888204676833,4.67290881568714,12.824143161815698,7.166242674802696,8.9584008978603,6.2556937829030455,9.975714966659854,19.657064165046105,22.05137080667109,22.111308444520052,7.243520253570092,4.324101973815972,3.8795725751854477,4.06975697380169,11.485151426470011,10.286525855345838,10.730330464749102,12.22489324086638,10.719527366090473,12.424726521596805,15.00040612926929,21.23039989368448,14.286129541374573,19.189278916583913,13.16743481718711,7.577823211903517,10.167823859597746,10.229378332678339,8.847450288106737,6.294307518342533,6.035084391228048,6.337685862784985,6.988639426151643,8.33477472902461,10.297199286472667,7.432217220087872,6.338909105195322,8.781339441079652,9.424374084317456,10.447977680363703
