,0,1,2,3,4,5,6,7,8,9,10,11,12,13,14,15,16,17,18,19,20,21,22,23,24,25,26,27,28,29,30,31,32,33,34,35,36,37,38,39,40,41,42,43,44,45,46,47,48,49,50,51,52,53,54,55,56,57,58,59,60,61,62,63,64,65,66,67,68,69,70,71,72,73,74,75,76,77,78
0,-0.0,3.640735086826702,3.588324340430286,5.518961230794194,4.212278922645751,5.606641682522597,6.511020631622384,14.610151708082352,6.74023000377903,6.4810167590643815,10.85721194213454,11.876833588525404,11.211831365252465,13.397948750542476,12.11571867605191,4.685517084838883,5.288715338732151,8.105817277581025,6.794595169397125,5.590822102166244,14.11370463608712,11.314738074889618,14.37805583012737,11.961668959011636,12.850403342823464,11.204551735485879,10.135595657475408,5.347452696408541,7.379247892257965,3.663004946542832,8.681432360607571,8.570174472339888,12.010372000346944,11.89103074692058,5.094624840489844,3.3444761321394023,9.872594754906904,4.844588967015463,2.274582282657218,8.643509106632237,6.732625667123205,8.997829038969218,12.238142696730968,13.314360137862861,13.113033475991378,10.539205133037495,14.829531918849083,14.93305068834323,12.528666556560873,11.378373298614484,11.546057694973728,8.361111644746103,8.3435361689033,13.991474298061753,14.213375616482157,14.142873251184705,13.081519663772111,13.980531217316875,13.578782626720553,16.2816255654359,13.52394580690275,16.037765269621854,12.703356437331196,14.188838949807591,11.969868362296198,12.369617837622274,14.043663077106924,13.065735885483427,12.760749377111539,13.396286511185483,12.64996587165409,12.543280330799472,14.254132414409332,14.01899158115607,13.168811294751132,12.682723110295708,12.188255953752163,7.606026163886681,10.270386932379163
1,3.640735086826702,-0.0,3.2296718443789216,5.447929137096477,6.783455325289096,8.65224572230105,10.629894664314875,20.841034647212595,9.810017165473798,11.206410315780618,15.09129448065964,16.355125757902144,12.52394127420296,16.205682660591958,13.615801997218998,5.53082148467585,5.3360385779859625,8.171158869210911,7.926156528105824,9.277616298212894,12.08003922687716,15.741707811200785,17.704234151096802,16.49154816383217,17.16663042764689,15.671869992188954,12.6333237051166,5.075598569835906,8.485515555030442,4.149644887470742,8.698264459014823,9.464163539075464,14.716781269236787,16.110294277575566,8.39323356497061,3.701432248508457,16.24127887414955,11.097523154846444,5.561995582394167,10.707554597140028,8.271846557907994,13.471216968144152,14.80245069564037,16.85384984283801,17.312263889704212,15.619382353108794,18.30870750415783,17.656951070376063,16.137252296306013,15.403093502143541,13.527388935000882,13.115079433546875,9.562943674667636,19.276634956074744,17.577942212899593,17.50098886412102,16.408563359610675,17.070471308318808,18.42169157138369,19.42008785157966,18.382263339220156,20.948145052963312,16.2341553539367,18.960667822427634,15.257981425407037,16.12399059686867,17.608380011313592,16.071277024304248,15.485743312518926,16.445641904365296,15.368743106136748,15.13577274623421,16.8937049221922,17.034372941678534,16.261385980812,15.29206038699068,16.344431430532506,10.061826704411763,12.704692364045949
2,3.588324340430286,3.2296718443789216,-0.0,3.2947699805284385,5.826545460280669,7.070310480712498,9.81259899159616,24.210626013459223,11.217047206957693,11.221143393384114,17.515987397748983,18.481055748202618,13.869134106015641,19.2433621198457,17.393732769545988,5.989594096373366,3.580580350168124,6.0350108372944,6.494113203564194,8.101042398534629,17.41088260052744,17.985523390488414,19.996529988037658,19.173368784422205,20.19373761578753,18.041721137819973,16.677860776893322,3.566550389571315,6.502675854393134,5.301383555712806,6.357687483135661,8.689899291146334,18.48612251850306,18.075149936461933,9.132947384322907,3.2332833327971313,15.449065538541314,8.694841909337091,3.8736553661048276,5.731625602797443,7.583581552701895,13.672087400965111,15.02125961021259,18.021146704304158,18.17216046575619,15.552936918565967,18.59007449166268,19.064130555605868,18.196424083469683,18.096605729463914,15.416659937060547,12.793808560525912,7.542577245218969,20.966438228577548,20.244719160223354,20.087396617193626,19.259102072591837,18.542292038373432,20.533856076860825,21.46223742202305,20.274772848833045,23.15012807154579,18.536743002687412,21.553995710041796,18.16061540667222,18.8322139739875,19.887605761984975,19.15010594742871,17.866465834399236,18.50602463536603,18.02913927172233,17.693026769528398,18.679365381226376,20.159103545172954,19.342527183392512,18.11557861634284,19.164088846890568,12.759360522128407,14.696825566763202
3,5.518961230794194,5.447929137096477,3.2947699805284385,-0.0,5.868734027527449,5.439947345125932,7.477134766638248,21.523377258162032,9.25163802407323,9.323365610817032,15.014286074100335,15.347261489341768,11.288223781368071,16.59077885204348,15.053141743454757,4.930287386201246,5.028105602961131,4.784330478454578,3.274019575995038,6.074680428205584,13.521785501765454,15.5621602058198,16.575730155130813,16.989794651647713,17.591120081453823,15.38094039424116,15.223900373593438,2.6625719077296073,3.3594285044285677,6.894166329936009,3.0089566295031447,5.666882412345945,15.994740678605428,15.877469026089475,8.705896494864627,4.436147826979865,13.780285110030663,9.211747219319406,5.205497919443269,4.954236102249686,4.190052091918154,11.115192969745452,12.282408414910448,15.354756289235567,15.7107640094128,13.068182620136522,15.5082868086352,16.353882544506906,15.759711229232371,15.886602327778794,12.902776517944192,10.299911024307672,4.218228471201222,18.098384676265887,17.435395649088644,17.436655087945706,16.74967517734358,15.756159446773548,17.869104118409926,18.668646724809822,16.792799304135556,19.64419714636992,15.971980189405398,19.03728029307575,15.821112927922893,16.030670228976675,17.343883120792075,16.551162492049542,15.333251174633117,15.966795398109102,15.570477268717218,15.326220915834329,16.04734390816939,17.59152155463353,16.907498189548345,15.731924029917005,16.95482180060789,10.888529747649002,12.206890965188771
4,4.212278922645751,6.783455325289096,5.826545460280669,5.868734027527449,-0.0,3.839822412400729,5.478564510377544,21.8036129699342,10.163520804880182,7.512434061758373,12.516288155994637,12.486117739013913,10.523895950520837,14.653462946075226,13.761442748298892,4.585697995352707,5.860233795533856,7.527898179045687,6.234273657288383,6.191202615876562,18.06789759741586,13.668330178143549,13.75079971204146,16.06977130220918,15.065131008092072,13.831350768466557,10.342099223235858,4.108643417386236,6.813328960548947,2.398216799590244,5.677608787659434,8.791138235756124,9.066000595887502,13.176046564550473,8.903976020725201,3.8463018234548922,16.295021781561378,7.3425312114041645,4.03297450581743,13.589443520700236,6.565298058569298,11.299227576043537,12.75909501585051,15.087349748962954,15.257883294162008,11.621130423140032,14.179126552269574,15.391495072301863,15.082613928557176,13.344515577731919,11.54765098225847,10.212695121915983,6.758093166354797,17.90097974619929,15.474215987246465,16.204757706323974,14.470760790536124,16.57290635107668,15.436363282024955,18.695934382116906,14.53345593609398,18.41710921313337,16.17435614436993,18.18110682827639,14.263430859972276,14.213215783545005,16.87556264127856,14.827420481824353,12.782392864557846,15.24512496414866,14.3471645761535,13.701779869754901,15.340740800086257,14.598595652368562,15.339946641699218,14.471897324506692,15.433568595898413,9.008689224263716,10.578360053066552
5,5.606641682522597,8.65224572230105,7.070310480712498,5.439947345125932,3.839822412400729,-0.0,4.325241169989219,19.8065409588722,7.883007031468167,5.474167566811904,11.722871858896813,11.611507926017714,9.183450424897991,13.272469202161073,10.828323125926874,6.244941181435756,7.080709181069669,5.124599608418321,5.0471297435165905,6.247619339315722,16.07839210374187,12.151104168380806,12.692407661194082,14.572658615881846,13.49034587315455,12.040122220330732,10.787384664070867,3.847329880000891,4.8735185472174845,5.740964338958527,4.866324822687665,7.367088541360555,11.275208034517313,14.084791268831449,8.453970558160513,6.354001580992005,15.844573754434057,9.408219441855389,7.13352230680321,14.036415699520866,5.095214696669676,8.497277529104075,9.897593429976284,13.96245145070062,14.408521542060258,11.515102001045754,13.359857156289616,14.808840047772515,13.149806917272132,12.047873354123352,10.34127750026428,8.595512537966963,6.338505516027665,16.266559270265184,14.256887082867552,14.549814677847248,13.535949705724406,14.56123243394655,15.119281527446509,17.010914551597757,13.18304906028879,16.998566604603596,13.695136737111984,17.015910389863627,12.54076058835095,12.54766240177398,14.819017142499078,13.022796781822327,12.478098973358072,13.677032087570714,12.59069675193933,12.629551956740755,13.456562914659422,14.276439084157403,13.690545486962726,12.49412661196193,14.355418928407532,6.871895724860548,9.49198202704983
6,6.511020631622384,10.629894664314875,9.81259899159616,7.477134766638248,5.478564510377544,4.325241169989219,-0.0,14.023508270633284,5.467252780517254,2.2183458140976584,7.98657516467158,7.305931399952117,6.836917940593394,10.125128387674081,8.752939566350957,7.65183916109499,9.46147876740462,6.355485294887911,5.440618687926179,4.273112979641238,14.777042341737381,8.125238855397994,9.66564810622998,9.94203115248914,9.420949115599402,7.82094025301662,7.748376492192325,5.703765176896893,6.916222614344133,7.66399267392864,5.348956731695279,6.07496645622444,8.047043300674083,10.002943298541425,5.771540387267778,7.852780304130027,10.663870284463977,9.179071892230581,7.295404621287332,14.79592997680501,4.529249325627156,4.694236198851634,7.188126529175543,10.126661872873079,10.794965429836504,7.387352788623879,9.642163355666588,11.20138465642013,9.547492311249536,8.373342641579713,7.090784248582481,4.7020658014676595,4.4412849169857544,11.309180601138417,10.822234257073656,10.793258677510305,9.922279960572501,11.111678886885533,10.736483224912279,12.752127046196447,9.028297231529878,12.356362453361914,9.554363264878393,11.95466790776121,9.091226951980977,8.934133592417206,11.1595519639527,9.92415542884528,9.302095951004123,10.361995310105101,10.030930703306566,9.778143330775949,10.769206635406208,10.909869878636028,10.297461555320973,9.731313872741891,9.96074802644302,4.239897288572521,6.392872056348156
7,14.610151708082352,20.841034647212595,24.210626013459223,21.523377258162032,21.8036129699342,19.8065409588722,14.023508270633284,-0.0,6.163523931898862,10.902711236405286,6.90454156314629,11.906694059767855,7.8178705535412485,6.242094488068934,5.797776627618801,15.78063386562721,22.144692460604077,22.589449802942426,14.8474250451608,11.835172441210322,10.64839875261099,6.612510402308056,6.261292997569773,10.158176500548986,7.170002583600194,5.519998095081679,11.57982962075476,23.553211918784022,20.957139089237142,29.12431746358533,19.559106649989722,10.32819938635934,6.08841964582471,8.920793914747724,11.947555528849831,22.042998210063438,13.758585837159915,13.723568833972069,21.031031733142665,28.550890003119864,14.3258689338917,7.9329020352728685,5.378600965968535,6.269269623090002,6.564983029901208,6.515092290212927,6.226608684919861,6.788459297566377,6.584833248774221,5.886965748424425,8.389214665772174,6.172691555947115,13.380195913626018,7.584460072608667,6.615281098327394,6.3486554329181155,6.089204399068406,11.036077967215018,7.918353642494858,11.762943097470973,6.177312682106446,11.922323700767835,7.907753768449164,8.522553624562814,5.963142693754867,5.799201764607204,7.140959362965396,6.310931337273809,6.533267489159187,9.042850393415446,6.487140235229166,6.862810657381693,7.29867891894165,6.139354678095956,6.049468695920076,6.871604829792785,8.778932374836154,8.937141079163743,6.6674705862291175
8,6.74023000377903,9.810017165473798,11.217047206957693,9.25163802407323,10.163520804880182,7.883007031468167,5.467252780517254,6.163523931898862,-0.0,4.0786023981504895,5.946666138715871,5.259672857707884,5.327963077895148,7.833223020821426,6.597082661798272,5.240086072719957,10.819130688389178,11.098195915752653,6.135113073356715,3.8303501739479238,10.662728258802224,6.156154825347442,9.948706959028344,6.168189921561574,7.194217426223576,6.030037211045416,5.269374195518457,9.756703333429781,8.920304449755541,12.359960883765696,7.966519033812224,5.500578297242681,6.308536737368119,6.9066856576538855,4.304669364610478,8.361423562135617,8.496666880894416,5.288523666007037,8.934054447939243,14.775340362216697,5.130777374641565,4.139073323510028,6.053085878957836,7.879205599158992,7.911304375826478,6.179899931334306,8.395058044052401,8.760375006124667,7.056478620796461,6.161461059658404,5.373690720305278,4.121880002744738,5.225966446339963,8.758189308605019,8.83607231560093,8.598626380285296,7.766499030984936,7.349992503312626,8.367413640231144,9.558384711395863,8.44446864212648,9.690271720211586,7.400885119885628,8.822715088048481,6.844012821316363,7.228010398043076,8.869510536169871,7.725823380899946,7.385767164108225,8.392817628005561,7.657218403512541,7.712208575930499,8.890641831961664,8.645255758093622,7.807490831523795,7.787456108429754,6.293899050339684,3.198304507469546,5.5376543024821085
9,6.4810167590643815,11.206410315780618,11.221143393384114,9.323365610817032,7.512434061758373,5.474167566811904,2.2183458140976584,10.902711236405286,4.0786023981504895,-0.0,5.945832900626539,4.836287256121845,5.672425880883393,8.334824291590678,7.397424962033717,7.9841992545636735,11.311919293408904,8.301436248486775,6.049391793456924,3.63739384371639,11.471987422789853,6.061623648403321,7.899134896480792,6.898249366976679,7.284252557798013,5.712256232031309,6.321135043936113,6.777339575684473,8.490671408335626,9.545459975126109,6.734518341681758,5.83334381779721,6.204313443991909,7.324909450299132,3.6410083861453773,10.09857262919158,9.717122730540742,7.597541651658209,8.26473562463002,17.82117731079492,5.458637683545464,2.8601194856466265,5.992148431721878,8.114101460774716,8.495449745130811,5.290305729608229,8.425745345996644,9.52564256830952,7.500762007538869,6.422644384790153,5.944453511726823,2.9275598187098786,4.947802241402482,8.53219437710148,8.927969136089091,8.834310389982344,7.921192320858017,8.545091684074952,7.996884843284863,10.552083594788074,6.962418193065988,9.431440095589638,7.5153501254052975,8.953015633666467,6.941540796166446,6.899348094809793,9.041636623596698,8.090227416877815,7.642835131154153,8.413614799316072,8.172840534990385,7.998421428554629,9.305691174775157,9.020677910242537,8.279253673744599,8.144890536751095,7.15683702000215,2.7127773424337667,5.093985619587881
10,10.85721194213454,15.09129448065964,17.515987397748983,15.014286074100335,12.516288155994637,11.722871858896813,7.98657516467158,6.90454156314629,5.946666138715871,5.945832900626539,-0.0,4.170778853569451,4.77838722181207,3.793102307176373,3.522062316136484,10.49381900945709,17.080863964550126,14.972054970063398,9.711647676987797,6.646044903159859,7.3414608243380455,1.0082390879146803,4.0312788567812055,2.122368819587548,1.8852574347051965,1.0641732752412683,3.860688498397797,11.836420650329957,13.616690720068801,13.169290211603311,11.767873461856455,6.596468821175358,4.006044556829891,2.8421049111875973,8.025580481457386,14.30911831995397,11.595768150664322,11.077498063238938,12.167553583420032,25.95604681819455,9.977874680828942,3.326874296373336,4.657699374187575,4.217502458984049,3.744272009171291,2.6533851723198545,4.059978855172221,4.218684906682387,2.9165591341697477,1.863015967548566,4.347844758468236,3.231779398410306,8.907864809370299,2.0981387843850823,3.6798753641894866,3.79566702273277,2.986816987612667,4.505825780650871,2.4245861970232627,4.822222772598056,2.755554347713671,2.82588498846253,4.08825965420027,2.7955042046109013,2.592397052350953,2.674449671138461,4.11141595736502,3.2362175526903236,3.037275204530985,3.9359850803136593,3.578854928475704,3.7165606628306675,4.789412320241426,3.8947677435411348,3.3857741745644745,3.4531597542348016,1.9890781618941966,3.874750485164638,3.2769381083629043
11,11.876833588525404,16.355125757902144,18.481055748202618,15.347261489341768,12.486117739013913,11.611507926017714,7.305931399952117,11.906694059767855,5.259672857707884,4.836287256121845,4.170778853569451,-0.0,5.356086482792281,6.869255674842644,6.060917794418197,10.601393294165412,18.06443589856414,16.039877489751056,10.281647941020768,6.166190587723341,13.170644687278916,3.928597482529632,6.502561293268512,4.55141192687447,5.05039467091681,3.9716730310284705,4.136299431477355,12.869401871328048,13.694749365471026,14.343451597654186,12.211130703501901,7.117999202653917,3.8698719256532725,3.24400085220439,8.203125544962543,14.174172940769228,13.063070304193543,10.059656176616224,12.002240772499396,24.920661017178393,9.944542573875799,3.3961919774527,6.323377734980294,6.3775359027482,6.8750911021384224,4.25725587681056,6.505549497438657,7.18768338268352,6.049336711401215,5.869250874451952,4.848628637144932,3.4734961475399087,8.5154797344761,5.602892862753759,6.570797715710052,7.417199284047819,6.543540640168606,7.428300422857891,4.473925929526802,8.240694118020786,4.867458231249919,6.1701194618067525,7.595484134494916,6.829598680486831,5.565540267614953,5.488429732894156,7.431640917247229,6.492355774917651,5.712404893232611,6.761703791004177,6.858616540688821,6.604385526507819,8.112608681690405,7.571430197221744,6.787797040448648,6.804634311470557,4.731098391193421,3.397115246955051,4.931298131746967
12,11.211831365252465,12.52394127420296,13.869134106015641,11.288223781368071,10.523895950520837,9.183450424897991,6.836917940593394,7.8178705535412485,5.327963077895148,5.672425880883393,4.77838722181207,5.356086482792281,-0.0,3.7281856926308476,2.487590903695434,7.14520228004819,13.128353159492752,10.98418024747038,6.198227066461264,5.486332068836511,9.39371771962881,4.292051946766216,3.326483730292713,4.682319355949391,5.090651586890912,4.016494028980733,7.599326348899839,8.808357539477361,10.085433094975718,13.622058238390736,7.635675668928027,3.400784733957814,2.8207479245342846,4.747299245687122,8.762562631482405,11.692205109233077,12.133493255407398,8.898869261458232,10.073121843074354,21.802179915801837,7.659654317247753,3.764371426592003,1.1436381532517073,3.5971357877928267,4.59503341595725,3.185955497924586,3.534254044992205,4.3003034646194225,3.313111653233345,4.096810679790498,3.3135762478552993,3.6987424115820047,5.318657142896624,4.940649476155576,4.397027743507246,4.524151213618133,3.697681959540122,3.7233506027105956,4.261220656649375,5.4812383994690315,3.3431242878832115,5.215262879382867,3.7402305591423053,4.929536338628475,3.2796565590851094,3.1448967574775097,4.677770800511884,3.7372057325199504,3.037070521142064,3.8080834030701034,3.6903295986989253,3.405508493879788,4.130511439143984,4.345293918869419,3.8966356986861914,3.5163699829849695,4.242362391180509,3.605279817863063,2.177083224919335
13,13.397948750542476,16.205682660591958,19.2433621198457,16.59077885204348,14.653462946075226,13.272469202161073,10.125128387674081,6.242094488068934,7.833223020821426,8.334824291590678,3.793102307176373,6.869255674842644,3.7281856926308476,-0.0,1.6586700182125935,11.288454018383767,18.723049865963375,15.932750545680312,10.664481267125007,8.834241509693506,6.683286041250579,3.670576455392441,2.581209758589104,3.844050350841967,3.615791070262593,3.753015550640666,7.209319044479887,12.966149317046467,14.762834231314265,15.19963016469785,12.627332958786528,6.787773546713646,4.259677727749904,4.495388864496359,11.264089354293485,16.003764477604093,14.543715947033881,13.108098489943462,13.668782685159304,28.67624505244832,11.664550709647338,5.572638319848003,3.406315892740372,1.08927819191464,2.389277646401597,4.055972828548975,2.63321505445296,1.4172485509584527,1.156571779014011,3.913604224584406,4.714775366585901,5.660115371936895,10.032890713712778,1.789132376137212,1.075682054061266,1.392704383864913,1.0540263758202384,2.2793968422022104,2.1224569602322916,1.7447234215246843,2.508629408637958,1.5004207916531254,3.081006343501391,1.6859831188067727,2.112875107129735,1.9852729542119425,0.9680724068615868,0.5197242319192998,1.1136625718314528,1.0598398518846057,0.6097349668934199,0.8773499572459722,1.4064612637284366,0.7003587310983901,0.4870167452673139,0.7190917624201478,3.1289555060684946,5.8087584228084035,3.761638016036523
14,12.11571867605191,13.615801997218998,17.393732769545988,15.053141743454757,13.761442748298892,10.828323125926874,8.752939566350957,5.797776627618801,6.597082661798272,7.397424962033717,3.522062316136484,6.060917794418197,2.487590903695434,1.6586700182125935,-0.0,8.789324671402902,16.609039930474587,13.608314735168944,8.945362157322627,7.450709464487791,5.489936568388224,4.029658643842766,2.6726490273510284,3.861124899303585,4.186303911376684,3.488735346511215,6.142379100919225,11.257412137331826,13.476064687767447,14.809268030971742,10.898860739263974,5.385795249764493,3.5131662051060966,4.173985844955848,10.390044059849872,13.970774678970487,13.110538171073767,11.570131187526266,12.419264485562046,28.068554395642558,10.501002867409946,4.962376523154361,2.325965026814746,1.7775161160978914,2.747586128204394,3.777071402041343,2.9651443680362277,2.5776495869450886,1.6079702325778422,4.0424358247728085,4.080241751375089,5.127716003177272,8.531912952995125,2.705815395873725,2.202795490226629,2.5870603081795647,1.9849202902885839,2.1983272569159853,2.642131224147816,2.9238939365812415,2.7732820589404255,2.840863728209636,2.9932986948047016,2.7349566183203633,2.167650508201456,2.201972278587991,2.3729269454389272,1.5953243580841308,1.4036361000183664,1.6054929897107202,1.4094270663802455,1.3068231047350167,2.0098281364083967,2.2976882334526985,1.779212664422855,1.2934499650759257,3.1970559599915966,4.974143562497219,3.1531399551561323
15,4.685517084838883,5.53082148467585,5.989594096373366,4.930287386201246,4.585697995352707,6.244941181435756,7.65183916109499,15.78063386562721,5.240086072719957,7.9841992545636735,10.49381900945709,10.601393294165412,7.14520228004819,11.288454018383767,8.789324671402902,-0.0,6.22665384172354,7.993825896414351,5.007851862084525,5.771340567252822,11.994350262738735,10.906045238700077,10.71081405979844,11.867180631958687,11.785595173860338,10.910903229804699,7.735687208624968,4.380740018104608,6.498006148985884,5.985822042293252,5.409536101698266,5.777320503306622,9.12046947842335,11.53427900601036,5.6306714352137455,3.677125436248134,11.29634753534631,5.562813589229964,4.557206303739794,12.941920834320516,5.218303530245939,9.159262224162351,8.628620535584869,11.89263542754959,12.129417702650478,11.221669899192607,11.622833462169892,11.844699254456932,11.20024164484737,10.036778401989643,8.679896488239422,8.851790321306105,4.917658488070986,14.471888257418573,12.669065647798076,12.5603520882656,11.511855256339711,11.695407220998554,13.795747080245517,14.1009690581935,13.050169146452307,15.291883065158613,11.722488627319072,14.08834007367647,10.623618449191683,11.707964597536673,12.810750738268998,11.264403878225034,10.506845827483914,11.685982334176053,10.77441163661913,10.556211868991655,11.451706271509003,11.912151277950086,11.536019724472432,10.49800844061312,11.558800053450256,6.135705402252329,8.580179467352758
16,5.288715338732151,5.3360385779859625,3.580580350168124,5.028105602961131,5.860233795533856,7.080709181069669,9.46147876740462,22.144692460604077,10.819130688389178,11.311919293408904,17.080863964550126,18.06443589856414,13.128353159492752,18.723049865963375,16.609039930474587,6.22665384172354,-0.0,6.003046814265798,7.6520077085040645,9.409734079893274,17.9284237690558,17.804208416847548,18.456283169153078,20.071302206334227,19.70533293692842,17.476353407002755,15.414019302406109,4.411960079874936,7.636007323331827,5.623951926898149,6.340096492710621,9.6510399866975,16.440803634574845,18.37354854857106,9.312765577778057,3.1655219059402846,14.561006184254916,8.431563845031897,4.9458685357308605,7.349887449129914,8.03567625540759,13.718384719959364,14.344195668088766,18.075887229265728,18.25845714499041,15.737887597508662,17.820416515918183,18.758192805739462,18.22416972588839,17.462730768830912,14.290423542067078,12.817771763069398,7.727459400311655,21.899155993303637,19.752208590471586,19.521180074380027,18.54395453094958,19.11601955816176,21.04027038372114,22.290897581613752,19.763401004771154,23.718830033765517,18.779845158031538,22.420842056611626,17.562770145785112,18.442856712740966,19.935817923747855,18.477232966622992,17.113217859317142,18.620049579652843,17.53742250488192,17.158792406081528,18.2802071403644,19.04515966959369,18.87520720071655,17.68700785768875,19.71012715275472,12.065092252261088,14.12762212035182
17,8.105817277581025,8.171158869210911,6.0350108372944,4.784330478454578,7.527898179045687,5.124599608418321,6.355485294887911,22.589449802942426,11.098195915752653,8.301436248486775,14.972054970063398,16.039877489751056,10.98418024747038,15.932750545680312,13.608314735168944,7.993825896414351,6.003046814265798,-0.0,5.379870779924207,8.314408670048577,13.826625433175206,15.411691074814843,15.518998993580059,18.553584813104518,17.109869690353012,15.141071208262183,15.293969746824812,3.939410146210105,4.518228636988029,8.926649435689516,3.7038928356877268,7.775175275081825,15.347936147449982,18.327489558771145,10.876732361508783,7.921733980010959,17.911322878125,11.746488015161093,8.137023673490155,9.827608526177876,6.421230060507118,11.026709144595433,11.86482624993305,16.40711672016744,17.190587358909138,14.117458281666911,16.081322417007474,17.631106495705467,15.961967860153885,15.325008715781962,12.944373754115567,10.840139387043017,6.856672136725066,19.776508396700628,17.49629635554861,17.357099547525316,16.44887942568723,17.231455935053766,18.87004167082237,20.15112707480294,16.30690724296396,20.76813275058598,15.998416035675758,20.586012581720095,15.557666833434805,15.375659402565503,17.60745150058062,15.881530385059483,15.364550728346687,16.398894204366044,15.173279505698012,15.173848062348004,15.982517863437138,17.240355128952107,16.549757973571246,15.166214958459312,18.214604063570196,9.976076470418114,11.565681630764718
18,6.794595169397125,7.926156528105824,6.494113203564194,3.274019575995038,6.234273657288383,5.0471297435165905,5.440618687926179,14.8474250451608,6.135113073356715,6.049391793456924,9.711647676987797,10.281647941020768,6.198227066461264,10.664481267125007,8.945362157322627,5.007851862084525,7.6520077085040645,5.379870779924207,-0.0,4.0515478406350995,8.881181671243185,10.247218944599066,9.980172014356619,12.481559188525123,11.797885146422951,10.000739407012773,10.392113047677675,4.42969653014434,2.6823364001139076,8.421702796682712,2.2362607541137,2.8191711482971784,10.061695217609412,12.301504907321945,7.703117418844624,6.6816683134042405,10.800346891959688,9.46685077557578,7.0918554524256425,7.3541144107065035,2.6775392417151322,6.93958108064421,7.04150505448889,10.788372973215946,11.185985038653934,8.86645227667539,10.517433054192134,11.460367507673503,10.512473107993275,10.164221735212285,8.619716813002256,6.63458957291403,1.8833564194456343,13.538163257450332,12.098812422218732,11.821183953185729,10.972731109650951,10.926057156484081,13.103650957333553,13.668556821565273,10.920957230085502,14.21777631411955,10.39884588953753,13.980313147090417,10.4767167568051,10.323300314938296,11.988374291770716,10.710163531189464,10.008861775297518,10.977477775816809,10.026721793629925,10.032446493540544,10.598831956633896,11.53912339836469,11.130099135026692,10.18035954372318,12.107201883309354,6.723446070100467,7.345657268299471
19,5.590822102166244,9.277616298212894,8.101042398534629,6.074680428205584,6.191202615876562,6.247619339315722,4.273112979641238,11.835172441210322,3.8303501739479238,3.63739384371639,6.646044903159859,6.166190587723341,5.486332068836511,8.834241509693506,7.450709464487791,5.771340567252822,9.409734079893274,8.314408670048577,4.0515478406350995,-0.0,11.711300747034253,6.700581994826083,7.5458549061192475,8.78336664483321,8.134729008813187,6.906084249405268,6.225647036539253,6.293887525415784,6.486768346554102,9.079896067504752,5.4836077968866315,4.79530955445822,7.75701706554424,8.890204624130684,4.144783309071164,8.121179224171003,7.950083313419345,6.497003568987389,6.964675315179627,11.709461367406618,3.873133397882367,4.553980304987762,6.301980530524798,9.015136759904511,9.258795413607377,6.874124507696099,9.425653591136006,9.975300970687853,8.38227268378443,6.770998980277393,7.448837200203386,4.395444465285319,3.510492751593504,10.183368207708751,10.144189910836225,9.93541036892669,8.84030997481801,9.382697540277054,9.734410848924735,11.7581319629394,8.269994630476576,11.007829553001313,8.715281115260401,10.523972333448638,8.120334335465813,8.117761209178957,9.899318550829145,8.757064150755221,8.33915724635445,9.123484946179017,8.597549105445335,8.450029029965481,9.65302481715578,9.709350210983379,9.013295791822529,8.503230634121746,8.650769620837925,4.408075933841254,6.217040437279577
20,14.11370463608712,12.08003922687716,17.41088260052744,13.521785501765454,18.06789759741586,16.07839210374187,14.777042341737381,10.64839875261099,10.662728258802224,11.471987422789853,7.3414608243380455,13.170644687278916,9.39371771962881,6.683286041250579,5.489936568388224,11.994350262738735,17.9284237690558,13.826625433175206,8.881181671243185,11.711300747034253,-0.0,12.044316067677014,9.601778634911948,7.371681232417183,14.795111396980158,9.86245552496536,14.826471561468027,12.459704272490352,11.87796722736365,16.011857126658597,12.673714680700643,6.604257044642591,9.117466448837432,9.17075910769538,13.882008878920328,13.298483775231235,20.123710759776298,24.38973791085168,16.104242977342384,25.18212499142032,9.092614862915969,10.473280365497804,10.538711631814335,6.930516263504706,6.43640291300421,7.594127172702665,14.66315550404233,12.057939505874986,6.899317694725499,13.231841443898213,7.930475758854674,11.48152252794133,10.938791122208414,8.748110063845846,5.862837063324918,5.878513196464285,5.749929875523469,5.208364054979018,6.589872901716022,6.2867636180753,7.246808036272455,6.627923743627192,5.0096612094594395,6.585372186654251,5.588158137018413,5.3364522708308995,6.066370637105597,5.592039830592377,5.359921172427318,5.412771362057368,5.042583972113318,5.184379233663855,5.858304554649511,5.998143902878172,5.5364197181532555,6.276644993294289,7.070555771118802,9.203966385451432,6.420489743080439
21,11.314738074889618,15.741707811200785,17.985523390488414,15.5621602058198,13.668330178143549,12.151104168380806,8.125238855397994,6.612510402308056,6.156154825347442,6.061623648403321,1.0082390879146803,3.928597482529632,4.292051946766216,3.670576455392441,4.029658643842766,10.906045238700077,17.804208416847548,15.411691074814843,10.247218944599066,6.700581994826083,12.044316067677014,-0.0,3.417154824602575,2.668705591884875,1.3985790113015226,1.4232091374694067,4.153888207713538,12.378819205787941,14.123540255440178,14.317130917175945,12.042359004494799,6.985618204504069,4.262259726580189,3.052040683909758,7.816311591626916,15.213612090868681,11.825578561117759,10.000640954832646,12.43882067175379,26.772548673757132,10.588115823325262,3.553887678799453,4.557863945642073,4.039962981903662,3.991347245350456,3.067270299619747,4.343464479780376,3.951371858258297,3.319559525635055,1.6077393085672254,4.886024348521153,3.4473083519354706,9.222455320387892,2.445585143515945,4.453002892285376,4.3795743784539996,3.4204997385565097,5.138613284052677,2.755702723529375,5.379485640334579,2.992075153491316,3.3840204775105973,4.902442773302089,3.0554464763145353,3.2037864510784284,3.2051551621600516,4.400950625626091,3.8450491146362724,3.5879316123664684,4.419261687424522,4.314425687261613,4.119493129854758,5.352673157300628,4.224775011801121,3.8386844715218613,4.041676378139191,2.4419006359913,4.255893369692836,3.774263449088754
22,14.37805583012737,17.704234151096802,19.996529988037658,16.575730155130813,13.75079971204146,12.692407661194082,9.66564810622998,6.261292997569773,9.948706959028344,7.899134896480792,4.0312788567812055,6.502561293268512,3.326483730292713,2.581209758589104,2.6726490273510284,10.71081405979844,18.456283169153078,15.518998993580059,9.980172014356619,7.5458549061192475,9.601778634911948,3.417154824602575,-0.0,4.770827336596356,3.308711432210405,3.473956393186172,6.7746302732054495,13.419013662488847,14.150047990384968,15.85862677488834,11.786302908698069,6.521579002254957,4.540054582921061,4.731367399273049,10.30465700444162,16.291174519188274,13.563740358625545,10.804295696609595,12.665688595853064,29.331978051171046,11.500528944833569,5.15755110659224,2.8140802144105237,2.7647289740589476,3.314069782672809,4.0051906458086695,2.491506004671241,2.7357770408977307,2.5003006736123288,2.8691566831561817,4.9296706301473145,4.8882133139571655,9.364856473630562,2.7119334748481507,2.9799915119688674,3.122126520468693,2.4211683020221644,5.368995181708362,2.6939277564031987,3.6747804450137114,1.8286331490034444,2.566604859492412,5.27348231220561,3.033324282919433,2.6919158652232213,2.8464236104120806,3.10579041704129,2.7629893015974094,2.526744476678272,2.7851637767081683,3.0667013341950393,3.0162853493950874,3.2787732864038612,3.0693830946633707,2.9025147774454627,3.0285501513280613,4.015386065080459,5.742032276852124,3.9066045144884836
23,11.961668959011636,16.49154816383217,19.173368784422205,16.989794651647713,16.06977130220918,14.572658615881846,9.94203115248914,10.158176500548986,6.168189921561574,6.898249366976679,2.122368819587548,4.55141192687447,4.682319355949391,3.844050350841967,3.861124899303585,11.867180631958687,20.071302206334227,18.553584813104518,12.481559188525123,8.78336664483321,7.371681232417183,2.668705591884875,4.770827336596356,-0.0,3.0594791347120736,2.373832869441904,4.18392935290202,13.130905888827867,15.608117985538069,13.411636695414485,14.893915445619001,7.393108072875292,3.7775230834553435,1.4479610798987885,8.400820152456365,15.38712023802922,15.465056302114634,10.266829445490911,11.588754687047702,26.927662318110134,11.589627540753156,3.6651906299707706,4.334080947852174,3.827941887764697,3.3163657922819096,2.7896245930933516,3.9472730031640544,3.84213218078787,2.914036665562118,2.8339510084224173,3.1503386784845153,3.7517191829222845,10.620348267754526,2.8933009056631316,3.9048265456762863,4.0864498421340505,3.304457667996194,3.213982514111181,2.7112017059746787,4.393145173271709,3.701296655785261,3.583458263838288,4.071027274673582,2.8978629743034383,2.566081528507306,3.1534292953617156,4.267065767275497,3.646101626716545,3.1753438209504576,4.016857428790662,3.695227787466507,3.766042871122926,4.689443473762547,4.16384962929877,3.6045489171391583,3.844408737687851,0.7899490527972609,3.683252259799142,3.5633645493846164
24,12.850403342823464,17.16663042764689,20.19373761578753,17.591120081453823,15.065131008092072,13.49034587315455,9.420949115599402,7.170002583600194,7.194217426223576,7.284252557798013,1.8852574347051965,5.05039467091681,5.090651586890912,3.615791070262593,4.186303911376684,11.785595173860338,19.70533293692842,17.109869690353012,11.797885146422951,8.134729008813187,14.795111396980158,1.3985790113015226,3.308711432210405,3.0594791347120736,-0.0,2.2542643866106635,4.010890596633413,13.511875055871489,15.959438624131725,14.456589142647504,13.681255234608978,8.01891167476328,5.140850517250677,3.4595900263778416,9.577955624013583,16.197976651602374,13.70676128288957,11.599825243742682,13.334254927050148,29.95551034226209,12.296874753064314,4.64881667286464,5.165419169411783,3.868220209721615,3.677030803929735,4.023896308553224,4.253272792095796,3.954715774341158,3.332882836145382,1.7125916908239514,5.070184224549091,4.596026408821957,10.836375756574775,2.4250517792433066,4.348870197491995,4.411767439930489,3.6234927706279634,5.722998495986724,3.196913023275695,4.85157862536723,3.4142580933796745,3.275171351291505,5.657017781613336,2.9601601594885087,3.547917400157745,3.8285500152881355,4.304601561200497,3.8397583703460176,3.7843540104455764,4.493062826201955,4.609277476800374,4.310632174642567,5.365787147034876,4.290803764465061,3.987003199274964,4.214038493744029,2.6129839004217947,5.151875124387217,4.719132744838297
25,11.204551735485879,15.671869992188954,18.041721137819973,15.38094039424116,13.831350768466557,12.040122220330732,7.82094025301662,5.519998095081679,6.030037211045416,5.712256232031309,1.0641732752412683,3.9716730310284705,4.016494028980733,3.753015550640666,3.488735346511215,10.910903229804699,17.476353407002755,15.141071208262183,10.000739407012773,6.906084249405268,9.86245552496536,1.4232091374694067,3.473956393186172,2.373832869441904,2.2542643866106635,-0.0,4.447606583318323,12.589557215211212,13.906262054593409,14.57741650485249,12.053123278814091,6.517217091309395,3.7162823128586475,3.0309428377881438,8.166920081707365,14.701882612661626,11.520400648775714,10.698965283622597,12.433016927126094,26.12299540747596,10.112407595711629,2.8187309650667025,3.3837028762603354,3.56399259189443,3.740863817401995,1.8578463258026048,2.744943028013265,3.6233717611506355,2.512915483657841,2.1742903173358026,3.5908000331822114,2.732112267886304,8.809151635341243,2.041069490635626,3.396515261394078,3.4070387342811004,2.739712868587781,4.17015062976114,2.2793614396883215,4.6603153499565515,2.0959434151560887,3.011744955600951,3.6423328427213244,2.918939886386554,2.3257072855316627,2.3829931078633617,3.9892742282403795,3.229453643474106,2.7365157917834746,3.7293677231565643,3.6373025630741997,3.6648629037201697,4.2071876571627485,3.733108444222599,3.3074178085346855,3.279980948695723,2.3138663425703796,3.5672320202951835,2.5170458279448003
26,10.135595657475408,12.6333237051166,16.677860776893322,15.223900373593438,10.342099223235858,10.787384664070867,7.748376492192325,11.57982962075476,5.269374195518457,6.321135043936113,3.860688498397797,4.136299431477355,7.599326348899839,7.209319044479887,6.142379100919225,7.735687208624968,15.414019302406109,15.293969746824812,10.392113047677675,6.225647036539253,14.826471561468027,4.153888207713538,6.7746302732054495,4.18392935290202,4.010890596633413,4.447606583318323,-0.0,10.962401187253844,14.30852965434556,10.872262307171606,12.282403404837694,7.943192764392772,6.3388982456673455,3.919135676353718,6.530855405211695,12.280839104271532,11.869960178918982,7.5267032330552235,9.867650263512962,27.65303222679454,10.755760264235914,4.818176635865923,8.397062571020566,6.770437163044897,6.054003302357083,6.077833710786058,8.387166399035376,8.87534929620759,6.056676219423422,4.36946042481055,5.446885280481615,4.849155540261706,9.557080380152108,5.172362135080907,6.998529658066271,7.552135075719382,6.543034634541175,8.318743867315781,6.216012210630316,7.975377333160188,6.303794197364375,5.924971360628982,7.550615975748352,5.925324696797645,5.673497719455433,6.801353004537886,7.216918012866787,6.1082263813947515,6.605393331940381,7.008634113304977,6.982290169875271,6.7489138037757375,8.834288917261432,7.609437218187735,6.846298407858732,6.942625472294129,4.323327591886406,4.715437509903727,7.0416341797467945
