,0,1,2,3,4,5,6,7,8,9,10,11,12,13,14,15,16,17,18,19,20,21,22,23,24,25,26,27,28,29,30,31,32,33,34,35,36,37,38,39,40,41,42,43,44,45,46,47,48,49,50,51,52,53,54,55,56,57,58,59,60,61,62,63,64,65,66,67,68,69,70,71,72,73
0,-0.0,2.871201447684319,3.2975620612059293,17.0797917911907,4.543021091595918,3.862263630390451,2.3549047282169857,4.355568699121223,4.110927186252667,5.077952591725328,5.031957032947112,5.6433232314362884,3.67197870115868,4.843888960022336,5.954726622257454,3.772842546065648,15.634550773924735,4.713723141193754,3.6543043638854527,4.41631390212721,4.237578283387466,3.952272500946225,4.640054329968597,4.504638919140148,3.44229443862155,3.3661063834193325,3.703677533881466,4.073604243430353,3.181363929788545,8.984290638154217,4.216102206896878,4.30435440246952,12.318722536664527,3.6538574925053324,3.8235138631282433,3.5367050138236937,3.946341527690222,4.068691512100687,4.475691085423552,4.943043038621773,5.49331368729271,4.502892825028986,4.67760180561746,4.140815184239372,4.937111367662753,7.479969520861625,5.961971232493218,6.076686961913968,6.030132549203114,6.125937628555447,4.574746101953544,3.8544248743940193,5.9710608795825655,4.468436093137996,6.536846639790701,5.942170619624002,6.510673912182102,6.58036018550659,7.747544122739434,6.356526792310283,4.6650657727023885,3.201177819736502,4.792835189341184,6.031680813952848,7.254079258526353,4.195806508889876,3.8671006768695078,7.695098278509115,3.9498690211010614,4.671114857831513,4.617515581623002,4.295410213455276,3.2934860249338276,5.115046157849025
1,2.871201447684319,-0.0,3.6797682616831,13.655911767348547,3.7477249857211072,3.332418987766393,1.5141627053993059,3.1335401199402235,2.7142728347824328,3.239979530897287,3.4635840140277603,3.2734985123881573,2.350102326871855,3.7751034316901193,3.8948836634818496,2.561296914567542,22.632464639994353,2.6920510161659674,3.4166453920187587,3.713791375219706,4.1138378855666975,2.5221041530470356,2.903534326936225,4.383294362054313,2.6336817603768603,2.830775431629231,4.556593356056124,4.7543073052287586,3.742368482811445,8.698535861568976,4.123293387247108,3.8937830815954366,8.863186229566228,3.6638620863915636,4.092970712053746,2.7946225995283456,3.9190635452423046,4.0170131147220935,4.165331708981923,6.337125907602125,5.213237991346703,4.644009714720285,4.651640236932328,4.722900934592333,5.216154239517988,8.20837860206353,6.49803373793283,6.931335918604898,8.380894699250035,6.252628956889272,3.287921703610397,3.2520157734864092,4.642973406799428,4.073455596353121,4.879142437579069,3.533015083646635,3.8188063453967516,5.652272146307074,5.256646947376913,4.956402873543352,4.403355770944726,3.265820821097748,5.681675500207556,6.178489872962935,7.3435024856257005,3.232531697051268,2.9571161211909645,3.977952179407201,2.688798901227184,3.653266711307746,3.5509417914447847,3.128133385117781,2.142582372187472,3.503673451708216
2,3.2975620612059293,3.6797682616831,-0.0,25.075039092164076,5.0473788501464965,3.945129271251667,2.8615224415807528,2.6303328357882014,4.641532752051661,4.835047569311716,4.8000454150009615,3.7973805335691386,3.7728172226064802,5.247614854318382,6.412383398898004,2.8667597112137297,44.80144921624099,5.605596313654347,3.493179986735295,4.195303996746496,4.048697730948854,3.727040571446755,3.7310796899227965,2.8606814016974442,3.635788162165916,2.8639435165844054,4.91530095227686,3.4678276331146303,3.454417359081885,10.273384673850106,3.504983546746891,5.4268119680494,17.372408108328248,2.582191558116644,3.6057694962637226,2.678437421134681,3.439700890732493,3.401018001039169,3.7238654567059566,5.241385630138512,3.2656005611012064,4.120387081304855,2.4985707248280034,3.1013313398970688,5.251515300885821,7.265774467088732,4.750405069301742,4.218989682021945,6.521351543061447,5.129526813929453,2.9909118224074813,3.640557792213364,3.721814664167997,3.4298713141565664,3.651343272786854,4.6022803584196375,4.837744384960201,5.7926424620711,7.51149887709025,5.894006270923621,3.0472690812109096,3.15152900802171,3.565918391617246,3.696731083231157,6.584862503508174,4.01724119704431,2.8600894323382176,4.765054643618171,2.8572297266742632,3.560919270168261,3.6999627463021825,3.1740575903222594,3.498640195051159,6.082917384419697
3,17.0797917911907,13.655911767348547,25.075039092164076,-0.0,9.271611506707705,14.775215219032258,11.636820387922242,23.212541227216764,11.531533688590569,9.832773724921598,9.88827388369123,16.841955735102232,19.399016527553872,14.251855526720412,14.004351603436772,13.731616278494208,31.60179002534427,7.444807904034182,18.80933508982359,10.426079118434252,22.73351946126749,14.669680410788775,16.461921351736425,17.257847995252963,17.839081697248947,21.81972136736012,15.87436716314112,12.667939662986564,14.27382391430326,14.676182386969904,9.634999921406884,16.89440376936456,4.025218467644482,15.21715788847888,12.06779246661205,18.26076685611489,11.94727910902267,14.636641461437145,19.75417389834024,16.501709138936736,10.256878964938922,10.850768514285996,22.555295325310443,19.076491709315526,24.44804952039075,21.72090094687659,8.508779496768483,19.85590458572495,16.786279455086724,13.705803840753864,12.040437931595351,8.991353401200698,14.51182659211997,11.12971611252279,18.05488986813688,16.069893720136626,13.366348236415698,17.2870516954879,11.10088758087254,10.484445711294393,15.174964955036875,15.001862211075766,20.4756561365879,12.665928989518836,17.036651676163107,7.9904199667850895,9.397535143666383,19.099920083406566,17.89602641269614,13.146325728031233,11.14575902234843,10.932174181350259,10.240272492502012,6.420960227298472
4,4.543021091595918,3.7477249857211072,5.0473788501464965,9.271611506707705,-0.0,3.2834985270002086,2.6626497772841233,2.910217158743202,3.196533352311472,2.1691971768158043,4.367283987472335,4.683597623745832,3.6897147000444623,3.592555705819086,2.2216326008944107,4.049013202565634,32.541397389207226,1.9760339085406389,2.759581673102533,2.6770519234459207,4.85584836928084,3.389929751910393,4.762280897633056,2.613159019539982,2.97929321426653,4.100721205722216,5.311526146998353,4.117038675390531,2.246984279449775,8.92988019582168,3.9494200092347382,5.732374590635535,6.577255877955386,4.422909238478684,3.143854621827058,3.9088307043084582,5.105256236932988,3.1852570880742483,4.1926982268828965,4.082546335071997,4.91259132981926,5.19243572013976,4.784976535334203,5.584184676187291,3.188686402353484,6.0462408190394115,7.0958060560415905,8.30054851231306,9.071114403216741,5.231072109636289,3.9899843564306847,4.263276849422369,4.083868389307616,4.528473872731043,5.217360549152779,4.050056158029357,4.865143007167914,5.2707846835008505,5.975533883811859,4.44111857559523,5.9444319921879885,4.87810463552835,6.7526385426381115,5.990428460468394,4.492530598263341,4.3843937762389285,4.470281136667488,6.449835869861384,2.8832044900497795,3.4367189742663005,4.423810347300882,3.248930296540262,2.210637146083599,3.9553593817668147
5,3.862263630390451,3.332418987766393,3.945129271251667,14.775215219032258,3.2834985270002086,-0.0,2.807558181940926,3.260441035983818,1.3821381267745791,3.085628731003611,3.2191854856268525,4.071909564544372,3.751965255976521,3.8785285681680377,4.1572604882956625,2.993718016220299,32.15510905494806,2.253734492381972,2.5278847130014017,2.596335218960073,3.641926812635035,3.115940581313482,3.699291431484213,3.2478185557450723,2.1062134024932186,3.0074301548791196,5.880169612308143,4.090102280449269,3.085972836127919,10.688603009733011,3.828958293848095,3.779039796170449,9.760713999411871,5.834055266711518,4.63445582960899,2.8761654775957823,4.186281568106793,4.099756821700001,4.131638538874481,5.616283046942127,6.393149171459628,7.293454972302937,5.064760670900253,4.5110252934471555,4.279137053351423,7.782850040630224,4.937228879064297,6.346574530290177,7.6528020259120835,8.638258258925607,2.8569663897933424,4.422694170789746,5.946256851015462,3.1138968112409615,4.298121705915857,2.619611783710483,3.38670303560186,4.798990078336814,4.609440435322296,4.344450677831246,4.678681122873986,3.8777162344123592,6.224680374789315,5.736740165759342,6.630620813511808,3.3691617095632975,4.048157745099236,5.940364967602747,2.5934287081253555,2.8515572036237957,3.118405860084314,2.436798228319291,2.3489089420600253,6.578285587753106
6,2.3549047282169857,1.5141627053993059,2.8615224415807528,11.636820387922242,2.6626497772841233,2.807558181940926,-0.0,2.3109273793584717,2.4967991315676956,2.6294008108705005,2.6853451691037065,3.8107554476134964,1.523443985239504,3.106685518540323,3.1796464523376153,1.942155400193784,17.043526007293455,2.1886787368139835,2.2854360563513745,2.9849735098656525,3.1764054509272417,1.6838841573273648,3.1453766820255447,3.4739384091803034,1.8278172268483253,2.6963672891646637,4.0477552259214065,3.1394327499444157,2.649562544198131,9.74220060396267,3.3121810435709094,3.8421572654894076,7.9155501183205,2.9880757395785036,3.30748224394719,2.3424821768229256,2.807081702398333,2.9046465068280214,3.8704866722546973,4.600654235898291,4.6331825930416,3.831302348228622,4.071520304266939,3.341536982882608,3.910833038433906,5.4825882417016585,5.093684939652296,6.152227478401611,7.122039228941254,5.687291169473741,3.078576341494286,3.009530154464095,4.667089462118064,3.5250573005430264,4.678770144170067,3.2186557094625092,3.67180756850354,4.645777943163788,5.5672669343110766,3.725711912472374,4.253356180871452,2.638481987803061,5.025420359491389,5.154994929688382,5.920509462541804,2.377019434442519,2.3520079041179494,4.536730676847538,1.9341919160807486,2.632374814553574,2.1655539020221437,2.779314061732397,1.371468429592543,2.439792035836059
7,4.355568699121223,3.1335401199402235,2.6303328357882014,23.212541227216764,2.910217158743202,3.260441035983818,2.3109273793584717,-0.0,3.268428717803147,2.858279577241482,4.477889482373278,2.6599230758455783,3.1857604114512723,3.3736778308743176,3.27590389981733,2.545293571408133,34.8254308826039,3.2759142422719543,2.377726889113786,2.379374497262433,4.211054038194459,2.3214262534015813,3.2455047867782723,2.8754368129786427,2.6504438803299633,3.0172338944554475,6.230525113897429,3.3152614285162323,3.549502206086316,11.192914041739144,3.3122855813541046,5.966939150678483,15.60825400400478,2.6616791535463835,4.270456442945027,2.255929998214416,4.317583150392806,2.847444539969294,3.3989919797556745,5.490754092987238,4.693298067478055,5.776184956722263,4.2366416889339416,4.410278355943613,4.106871705258594,6.767790476180287,7.287338607770063,7.726872162196081,8.27895813715452,6.156811528810131,3.622239547448729,5.186299744483094,4.8750471182286805,4.665426237888675,4.3622165884321085,3.781752229897475,3.5101773190827132,5.492640861158608,6.561123872665674,4.823311143984599,5.367819965490417,4.540822209491997,5.184315316983062,5.5659800804957404,8.311959363270487,4.472696505414664,3.406740620234436,4.564260533171981,1.9098377271515719,2.826469783030023,3.5773369445475725,3.1885477717407587,2.744383690463126,5.118930543984341
8,4.110927186252667,2.7142728347824328,4.641532752051661,11.531533688590569,3.196533352311472,1.3821381267745791,2.4967991315676956,3.268428717803147,-0.0,2.917724277575312,3.3177071617904756,2.5123395174040724,2.777043902953028,2.913134139153374,3.435197464826575,3.4219714813256203,28.421430032617792,1.4749900243357783,2.3639437285455824,2.695662469081954,3.1763230987514266,2.2495754518362605,2.6828617282128846,3.175513419931677,1.7538663362129778,2.8103123590652936,4.58996386549044,3.4853507527020544,2.9184748596895727,12.261337410581035,3.7064976993490872,2.54013442954943,7.718213683441461,5.559099946268109,4.5764541939004095,2.594445352754509,3.435865293279418,3.732652564497634,3.7297892905116776,5.381692404898771,6.032581680033331,6.641407003872512,4.861006936012126,3.8352457558749475,4.293040615386236,7.449041911474416,5.2044513305821365,6.008746664360471,6.99847461722762,7.724030124577357,2.6078157910044593,3.9312855548007204,5.340654237843539,2.8102854608951433,4.005984676394807,2.326660149231859,2.80804463442175,4.612709152621828,5.492589282477883,4.517837583863679,4.075641654689257,3.135725993810184,6.499025547489369,5.395721326462765,7.271639188023441,3.7753560250966336,4.07909167539841,6.006865070272931,2.529864148250045,2.8451398113430177,2.7502890280092567,2.711464381660395,2.1327955153015954,5.760499178342226
9,5.077952591725328,3.239979530897287,4.835047569311716,9.832773724921598,2.1691971768158043,3.085628731003611,2.6294008108705005,2.858279577241482,2.917724277575312,-0.0,3.896786990762246,3.6821679062812445,3.6095428892493246,3.304497811671701,1.79426527196133,3.1966053562720136,18.71451902979835,2.153643644448852,3.312050008971529,2.7570150934497653,5.6188615808636735,3.010785853290924,3.726633350841848,4.041786675735643,2.7324679880753995,4.52717932854584,6.845979820179877,4.87807943588262,3.2687202468908625,8.358596206058685,4.673387370434132,5.4377328922252035,6.772116200697335,4.2385255450874615,4.276322671993231,3.426960954148308,4.842007506437198,3.9023422881678016,5.3093103059457505,5.177875440507066,5.781459481850643,6.084761351750264,5.66419756380114,5.443543216994171,4.342392200826179,4.593538124881372,7.735473224299346,9.383330392756202,9.164173667441577,6.230919229838318,4.1682030145757825,5.7839762683668265,5.468109201569226,5.05178918485513,6.138533963395999,4.7199665843962775,3.2854407006711783,4.485164433411204,4.890403064270743,3.8840620890833653,5.7140334713390715,4.827333652594008,5.748125564413048,7.091483157096316,5.900502332728603,3.556195481887517,3.84684468436488,5.863933500368972,2.581347361204124,3.030802813588494,3.8961095586213657,3.913587686131705,2.1371120324529067,3.119144664131818
10,5.031957032947112,3.4635840140277603,4.8000454150009615,9.88827388369123,4.367283987472335,3.2191854856268525,2.6853451691037065,4.477889482373278,3.3177071617904756,3.896786990762246,-0.0,4.387504756788966,4.168490255375319,5.179095118964804,4.9076306474976255,3.7339939938878355,36.12607215660634,3.608032309661188,4.124830788354228,4.90023925475015,4.711181298553288,3.2902625587255465,3.5879507165831166,4.584046497850997,3.899751938589011,4.084109073991079,6.69809287983108,5.055251709249398,4.767787531099036,9.958960301681886,4.495270653067737,4.6778633670737175,6.93025066335265,5.435702596128106,5.028630613520563,4.2416574288976605,4.533527903063401,3.845695365142347,4.574980065429044,6.742138437529937,5.839428294347317,6.3774271359545756,5.448236927657362,4.900554600626871,6.049777501828994,5.847166295835445,4.45543508931388,6.461191081724089,8.939180627428698,8.195788998382064,3.4816147672156403,4.056853397214023,6.070388642520136,4.160928010714102,4.19484122705579,3.159716256390094,3.495817471839432,2.76534856588339,3.920922752919336,3.36928927266849,4.1371126707878005,3.6249832066820904,6.7132790887262885,5.589714912514773,7.81548777984281,2.6605697918529136,3.7911146394353894,4.405251429351671,2.848767000389068,2.607054590942163,2.2155688096249326,2.463650456382788,2.652075010409651,4.18918339081788
11,5.6433232314362884,3.2734985123881573,3.7973805335691386,16.841955735102232,4.683597623745832,4.071909564544372,3.8107554476134964,2.6599230758455783,2.5123395174040724,3.6821679062812445,4.387504756788966,-0.0,3.1262364079026166,2.717213185235799,3.87534183609369,3.330240992679739,37.53929751589177,3.169376664784822,4.315474357385,3.52387613552802,4.886262949915729,2.270643669226947,3.3638880283682266,3.6422566575790243,4.310667145253098,3.9560232129875503,6.597464456493142,3.939786023655321,5.720052486553,11.709499925896862,4.6426563787592405,3.7252419398177574,10.355463559996371,3.9265510827755428,7.22334390642411,3.470699702421207,4.055780622570295,4.724646279030956,5.218152306037321,7.896743481992252,5.992523081992428,7.504169017669123,6.1206626740604815,4.158676979479488,6.850377762566228,6.772337354676267,8.416990765921684,7.226213053481011,8.449318600997008,6.876513175866926,4.132008620390472,6.194315307651434,4.811638627724358,5.65443755422295,5.85992286100892,3.8317327788635636,2.7497224193877945,4.546857373474733,6.031803060760417,6.002602301479374,5.877118271893038,5.282459101765008,7.883814247110547,6.293813277536689,12.043295838812375,6.605513433587008,4.646683677656158,5.874389562374269,2.932766151037374,4.5528187178444774,3.809753656518064,3.861015741630293,3.032913216076179,5.030940856690942
12,3.67197870115868,2.350102326871855,3.7728172226064802,19.399016527553872,3.6897147000444623,3.751965255976521,1.523443985239504,3.1857604114512723,2.777043902953028,3.6095428892493246,4.168490255375319,3.1262364079026166,-0.0,3.02247272252628,3.1249075876129524,2.481317267977345,17.22562405769365,2.5364114647086615,2.967981180536252,4.450952949521766,3.803616701238786,1.674064145086748,2.8557900022748446,3.629747959325556,2.1540321065554444,3.037969846080276,3.818935616323665,3.612707703877615,2.7706723949519145,8.75014389881846,4.029272751817436,3.821183117556355,12.611957428938705,3.9710293748579866,4.164684315357163,2.913286508839077,2.857277473361203,3.6623364051915575,4.611340070585135,5.919903658356064,5.576668443951277,4.325247904704596,4.366634496555969,3.091900752431236,4.018618569653822,6.236840139642133,6.01262633818372,6.755193128156295,7.826555625326213,5.821898728487684,3.77574549608016,3.8576593516423148,5.0681821366021165,4.165753655180056,5.39610226932277,4.137669821204732,3.3434795837343736,4.675611765140244,6.976217727254212,5.535422841327111,5.241972312314689,3.2972517254587412,6.02325060233115,5.924192014733929,6.718723379315424,4.168406975315732,3.3830866456061237,3.7287785352821867,2.6781667494761785,4.2507786776242025,3.0887252003997725,4.098270986340161,2.0894838417462323,4.521541361417207
13,4.843888960022336,3.7751034316901193,5.247614854318382,14.251855526720412,3.592555705819086,3.8785285681680377,3.106685518540323,3.3736778308743176,2.913134139153374,3.304497811671701,5.179095118964804,2.717213185235799,3.02247272252628,-0.0,3.5572195624785983,4.2838741055616225,30.239188220620978,3.0677765433839053,2.861372839801177,2.329180770206807,4.836495250576801,3.0915839127248095,4.919675539014836,4.177783838723603,2.3957066220584915,4.294408407180156,5.911753167723954,4.396052935454306,3.424876477042689,9.089350243854037,4.544173134544803,4.451315790258826,8.925036878512955,4.396014286468847,4.026665705551948,3.419654025069461,3.5333009836795957,3.7478930966652944,4.219303341016338,4.608287806077443,5.312358446767402,4.380188264830674,4.129575077751536,3.315095661358648,4.165000687562327,8.823355220813694,7.265362079539541,7.385397476114619,8.021189039697461,5.754190919200712,3.7234498251781973,6.03527077753269,4.80776348165831,4.328635088897554,6.053325545297796,4.690772401658239,3.7893669125922,6.93275534085873,7.847768758980768,6.48028590377706,5.050955554799227,5.092595812064333,7.00200373504399,6.623950742119677,6.697423197278387,5.422516492986562,4.752615880213501,5.068369187953319,3.3078891541462307,4.065953540074392,4.152194907379488,4.884738788612183,3.0157294507270485,4.794896661226795
14,5.954726622257454,3.8948836634818496,6.412383398898004,14.004351603436772,2.2216326008944107,4.1572604882956625,3.1796464523376153,3.27590389981733,3.435197464826575,1.79426527196133,4.9076306474976255,3.87534183609369,3.1249075876129524,3.5572195624785983,-0.0,5.068320084695612,33.166344768527665,2.5324711350160523,3.141326469790138,3.175492155812607,5.900723857860187,3.0388222331887973,4.449311864112377,3.742761579564197,2.8031817342417957,5.660162793981924,6.400828802222206,5.627000842931718,3.1132204032294064,10.75268437740106,5.6804106250628745,6.224280854218222,8.926820549162757,5.912735495662534,4.5200511889368515,4.433528803931693,4.484337193556632,4.429553390748398,5.81897521750037,5.228574232101918,6.549077364654579,6.629007889514567,5.990639191198707,4.9183716485275255,3.279301036457558,5.468061953217149,7.799511779488136,9.49559352452387,9.950184765288283,5.860693345353872,3.9652085931114938,5.6538158399664,5.168209673891034,4.382197882312623,6.191916510593194,5.3320568006656055,4.012745640441585,4.907773151790025,6.018309738197334,4.807273466033291,5.902205526820924,4.889037091605136,8.158940749210675,7.460225392249746,5.952844473878628,5.887324354183717,5.805257330935185,5.208833724376183,3.448427541453395,4.0943954788287025,4.36179953693326,4.514127254789202,2.7042421724522043,5.212132254397414
15,3.772842546065648,2.561296914567542,2.8667597112137297,13.731616278494208,4.049013202565634,2.993718016220299,1.942155400193784,2.545293571408133,3.4219714813256203,3.1966053562720136,3.7339939938878355,3.330240992679739,2.481317267977345,4.2838741055616225,5.068320084695612,-0.0,17.307156126016004,4.060791542164869,3.881764576995855,4.110786718873744,4.800108825222655,3.1021507884855497,3.1390446925726776,3.881208671178045,3.448055532587013,3.6132094637852346,5.005790437412979,4.263767686945064,3.4438402801301593,7.174224867767449,4.2113022658310975,4.877129859866113,8.729713167745745,3.300448485003064,4.45162817426314,3.106747452131409,3.498869674694878,3.8141170964655156,4.973616792504359,6.5610007430539845,5.4904871134042335,5.5123192275208375,4.683237900164363,3.7384256830432094,5.268100017536658,7.084738956735299,5.575691842130486,6.719878617769742,7.567540544285066,5.856623164862864,3.497336602976609,4.254207497064322,4.71162139909729,4.3561097919158005,5.640936544407442,5.1298772605987475,3.5590232455696262,4.87827978981198,4.564622961171805,4.640537833579716,4.901190673315186,3.14747011024429,5.3660124428483496,5.739846953809329,7.43784850493393,3.0602654214544818,2.4764147284328963,3.3099182446156417,2.6011769747741234,3.9988404353108638,3.143545449678291,3.7376620951488735,2.169921964926716,3.581227628989927
16,15.634550773924735,22.632464639994353,44.80144921624099,31.60179002534427,32.541397389207226,32.15510905494806,17.043526007293455,34.8254308826039,28.421430032617792,18.71451902979835,36.12607215660634,37.53929751589177,17.22562405769365,30.239188220620978,33.166344768527665,17.307156126016004,-0.0,29.910955290487923,24.734143060664405,40.046964055540634,27.37825145548533,31.67538181824326,40.02176184575311,50.6843183825035,21.696256677074285,37.14931553779844,16.98389434285906,36.43008291810022,28.064531515235462,40.309095085233984,47.68351711310548,28.897514422860805,19.241034206129846,35.44157981726088,31.54352884792731,33.62145511930274,35.119210428475,35.53010155102358,42.641013578112904,30.797701063302064,50.53593535207514,34.70885531365594,45.47879149690414,36.300893463270235,24.73683991591835,27.30233028028591,42.6916804509089,50.15302862058875,31.134692947390892,37.83729407295339,46.48699726992736,46.49779717876299,54.11934155692876,42.6179217671817,51.63870844959697,49.649448654020894,30.24594693434883,47.89547762212168,25.595374085894807,19.5615925725391,35.108802059978785,28.23131246553487,29.152602878581938,50.02085279634908,41.66109895136753,18.24860089276407,23.18613818117598,18.63483138492137,45.318942023185954,37.97435476349778,32.88312612751203,50.453520095071724,34.61399521850507,31.212476348751192
17,4.713723141193754,2.6920510161659674,5.605596313654347,7.444807904034182,1.9760339085406389,2.253734492381972,2.1886787368139835,3.2759142422719543,1.4749900243357783,2.153643644448852,3.608032309661188,3.169376664784822,2.5364114647086615,3.0677765433839053,2.5324711350160523,4.060791542164869,29.910955290487923,-0.0,2.367948973067544,2.2923194200270025,3.7643425166229307,1.834288927062411,2.5300153316640204,2.232683571862597,1.8784236134664045,3.528586467682962,4.200386878832927,2.7706783433904882,2.0733495364150403,11.632013688299443,3.7056243983989847,3.4937833108687872,5.641352940117269,5.326522632561693,4.013556925312984,2.592326940023646,3.3389395113612217,3.5965357623492475,4.51278865753884,4.551516751557936,5.601606605766963,6.127922272273686,5.051246523959805,4.272881978264454,4.076988174011964,6.838748091137211,5.900660904792264,7.027618429498449,8.262153573756194,6.6053089520789365,2.745672497662733,3.4579575683859525,4.998138987584418,2.8174390708546193,3.955304651509291,2.6875750947090027,3.644208627601713,5.012855222481988,5.9737916765016905,4.6988013143764595,4.607470195197733,3.400312490470292,6.942041313180599,5.401272843684938,5.809453053649558,4.150559846767654,4.475563862197955,7.570177069799368,2.5091124339549835,2.759751915263166,3.102891474240602,2.4535919364772707,1.8185205813016945,5.011941990399845
18,3.6543043638854527,3.4166453920187587,3.493179986735295,18.80933508982359,2.759581673102533,2.5278847130014017,2.2854360563513745,2.377726889113786,2.3639437285455824,3.312050008971529,4.124830788354228,4.315474357385,2.967981180536252,2.861372839801177,3.141326469790138,3.881764576995855,24.734143060664405,2.367948973067544,-0.0,2.597100622296979,2.25121132717184,2.431138920248639,3.5116857788580003,1.9662266127798373,1.8635298450400744,2.470285763075001,4.5838259412107965,1.8603169382838258,1.7359298266432936,13.102850706671203,2.8877032717872986,4.694139964550226,13.012748333340364,3.2277497901113392,2.244431256235064,1.9814606354269126,3.2018273306839817,1.976506295430583,2.349359638093459,3.4532719134465495,3.650032196537191,4.131739644027044,2.5253698235423805,2.6226377992092003,1.962839687821683,7.795469164031299,4.926839663430989,5.159802834237125,6.5436877916488605,4.907296342551939,2.8946748767110115,3.854961558312876,4.324979813205402,2.3660382273836853,3.184770304460241,2.667576067640985,4.752966491400372,5.855380015213673,7.300782458171045,5.357035460624525,3.4129465357401614,3.274809858411505,4.724838960005535,3.9292951558218716,4.188205163740574,3.726151908466265,3.558418431470042,6.426971166462855,2.761531236282387,2.3491375540902957,3.144122145248847,2.8370157172434567,2.828969636614419,4.808942891699372
19,4.41631390212721,3.713791375219706,4.195303996746496,10.426079118434252,2.6770519234459207,2.596335218960073,2.9849735098656525,2.379374497262433,2.695662469081954,2.7570150934497653,4.90023925475015,3.52387613552802,4.450952949521766,2.329180770206807,3.175492155812607,4.110786718873744,40.046964055540634,2.2923194200270025,2.597100622296979,-0.0,2.8565126080262337,3.362751532580531,4.120483954675717,2.8802827147194905,2.3852336742432354,3.0267135857995693,5.396710892246572,3.453910409848742,2.542443233450881,8.940112725812531,3.405006899117902,4.817644297149567,7.703202099824754,3.1397101872191695,3.3812117113572384,2.6945912320855006,4.920344786258377,3.3580258628444044,4.028699999676201,3.409045089079493,4.033953807150231,4.280997231972229,4.611375428201724,5.907873627671272,3.11310575970336,7.544931126304059,7.442983226379524,7.230172948906076,8.513252477963444,4.84215292833935,4.421338179250975,4.658084726326145,4.2988890964641095,5.049480700520199,4.149872915514651,2.657527033953031,4.258912360336608,6.410636129702008,6.994206678023788,5.374736010524055,6.344643493067977,5.752468678432651,5.039676535359116,5.590072790593419,5.698592038252733,4.453553424533658,4.484572856533803,7.69866181052702,2.733546172512887,2.8883121049191183,4.5373306660256585,2.98530137766246,2.83079709160862,3.7478041410303464
20,4.237578283387466,4.1138378855666975,4.048697730948854,22.73351946126749,4.85584836928084,3.641926812635035,3.1764054509272417,4.211054038194459,3.1763230987514266,5.6188615808636735,4.711181298553288,4.886262949915729,3.803616701238786,4.836495250576801,5.900723857860187,4.800108825222655,27.37825145548533,3.7643425166229307,2.25121132717184,2.8565126080262337,-0.0,3.0213225088150875,4.166213118716522,2.6367794544219865,3.2961542333876244,2.5130774799357036,3.7581823829376044,2.3917147384514212,2.305877906101802,13.48905677385398,3.4937891598575903,4.756105891486423,15.321380310366868,3.3788569495242684,2.998349141816732,3.474818628119995,3.597886096042788,2.332330988831781,3.0078654316819247,5.254831401754698,3.7237840002644518,3.633631556091341,3.025200876309708,3.4216248475560356,3.8767233746651932,6.638050267296441,5.296335267795011,4.0740355624304785,7.016154542789395,4.0384592232735335,3.404334623648615,3.8134918747793187,4.108622902472282,2.7550276229311152,2.706582490440297,2.4402787458834063,5.677959384316678,5.8437139403662535,8.201448958006265,6.156705507050534,4.339863086691562,3.2910219839366737,5.209891983748789,3.6125257033601517,5.0982819763601785,4.965690835326961,4.325944948007898,4.414909375421508,2.9703433021196393,3.3720458423793023,2.989164180600021,3.214556312871133,3.5887966221657983,5.7499346187419205
21,3.952272500946225,2.5221041530470356,3.727040571446755,14.669680410788775,3.389929751910393,3.115940581313482,1.6838841573273648,2.3214262534015813,2.2495754518362605,3.010785853290924,3.2902625587255465,2.270643669226947,1.674064145086748,3.0915839127248095,3.0388222331887973,3.1021507884855497,31.67538181824326,1.834288927062411,2.431138920248639,3.362751532580531,3.0213225088150875,-0.0,2.19715418417827,2.505062510159642,2.478070608438638,2.6149532374999627,3.9294438120964674,2.408979009362692,3.4953241972935283,10.271242885762021,2.969226493006223,4.225890416862167,10.090023292992859,3.5748208877032446,5.021882813988757,1.864356274586696,2.7403848864251357,3.0333319314687612,3.587170350449811,5.17017682310242,4.5676207185668405,5.508218547489564,4.614751617164311,3.1386792916156856,4.577110098132723,5.941263989249829,6.261980738817108,5.981501172807671,7.622396232991306,5.8224903661698155,3.4257309761173014,3.485852481724757,4.427382207863652,3.9226248780651662,3.8673588549252234,2.6760520889945876,3.1435989469985457,4.4715128783662035,6.294947224772782,5.11282081343527,5.19933444617098,3.0959715872510767,6.862248383063972,4.666585035810528,9.31204849368395,4.335149427345373,3.4594405139141924,6.295606341980321,2.103777632911414,2.8752208116824978,2.6399429577556246,2.7843163123508137,1.865012236136213,3.456337918593415
22,4.640054329968597,2.903534326936225,3.7310796899227965,16.461921351736425,4.762280897633056,3.699291431484213,3.1453766820255447,3.2455047867782723,2.6828617282128846,3.726633350841848,3.5879507165831166,3.3638880283682266,2.8557900022748446,4.919675539014836,4.449311864112377,3.1390446925726776,40.02176184575311,2.5300153316640204,3.5116857788580003,4.120483954675717,4.166213118716522,2.19715418417827,-0.0,2.7375909043490543,3.8279380629131783,2.6676490990354202,4.771867032845741,2.9646914619271625,4.561167975937911,7.9989196982094155,3.3751843993472503,4.004645192792091,10.33658879531221,4.683505794198429,6.400321159824528,2.150227003525172,3.872993721732655,4.492745697199606,4.041473005405708,8.23336480970228,6.170800480215524,7.822735802953017,5.436480841841098,4.37560802403031,5.91000759198275,7.175143429628196,6.732794641742774,6.521945063488736,7.968612992471777,7.591313753186376,3.426639427040272,3.993721477770763,4.770451474044207,4.303985600519337,4.1530099496735735,3.4065445035775666,4.728566090333014,4.592370439947153,5.84062397324223,6.3628793312027465,5.658687827786331,3.7711730620096096,6.608207335131661,5.5074141595069435,10.678522659051328,4.699429540929571,4.0169296451733665,4.904838662558441,2.9709239705130326,4.331746429462068,4.058301508245552,2.643609156729381,2.936475306452549,5.879290997953491
23,4.504638919140148,4.383294362054313,2.8606814016974442,17.257847995252963,2.613159019539982,3.2478185557450723,3.4739384091803034,2.8754368129786427,3.175513419931677,4.041786675735643,4.584046497850997,3.6422566575790243,3.629747959325556,4.177783838723603,3.742761579564197,3.881208671178045,50.6843183825035,2.232683571862597,1.9662266127798373,2.8802827147194905,2.6367794544219865,2.505062510159642,2.7375909043490543,-0.0,3.0585508199570994,2.3619578853128416,4.217112132295666,1.994112528395849,1.3978663610840396,9.227137161732372,2.0802887071095753,5.304303901037661,11.852680929672657,2.8175447783048204,2.580504623858073,2.4790831957158015,3.154141642231825,2.6805490290999363,3.3171335120738785,3.9989586068344076,2.8731415268835443,3.9813184983752237,2.393482910812153,2.488458402508809,2.9968633715123674,6.825357492386781,4.833854618895024,4.191178416699003,6.565200739031655,3.8126669335701173,2.795143935946855,3.134380226060032,2.634700175677071,2.259145988174528,2.9928996100253897,2.5660189114924807,5.427520055491665,5.235929918770631,7.0780457677941,6.09183128196913,4.147081618029313,3.5847573124619037,4.344616876689209,3.1435641427217833,5.2988964501415525,4.322142625961736,3.2926958834346145,5.823371601489291,2.6776883098697346,3.601407174851457,3.583653866104589,2.5550400784159195,2.601049877580343,5.023852178338706
24,3.44229443862155,2.6336817603768603,3.635788162165916,17.839081697248947,2.97929321426653,2.1062134024932186,1.8278172268483253,2.6504438803299633,1.7538663362129778,2.7324679880753995,3.899751938589011,4.310667145253098,2.1540321065554444,2.3957066220584915,2.8031817342417957,3.448055532587013,21.696256677074285,1.8784236134664045,1.8635298450400744,2.3852336742432354,3.2961542333876244,2.478070608438638,3.8279380629131783,3.0585508199570994,-0.0,2.7514022999679133,4.4181615467504844,3.7554575660608607,2.230357910732503,11.582604511102096,3.64749139903646,2.697643354885306,12.479066838407737,4.076962900118235,3.1226630925921164,2.3236937022155537,2.376133116337146,3.0782307020060853,3.582871277424038,3.7934058011425247,4.730716862001347,4.496645691853032,3.595981037752769,2.9842949299861554,3.1050637891454103,5.514875860756666,5.814805848080801,6.356567781630066,6.802625587871939,6.207860196863623,2.810438625253375,4.0347815315691635,4.529996475600375,2.8530014267142425,4.387260832166785,3.242346412942085,4.030131434090888,4.728107434173436,6.865803258857942,4.986157407270496,3.7272560699934028,2.84069323741542,5.48601873245808,5.247972447734586,4.9635408901707825,3.851537321608363,3.3670138080939624,6.703241590998748,2.3960580596873617,2.339524143046299,2.7345343713201404,3.052119419002559,2.3033842606326598,4.690790888883647
25,3.3661063834193325,2.830775431629231,2.8639435165844054,21.81972136736012,4.100721205722216,3.0074301548791196,2.6963672891646637,3.0172338944554475,2.8103123590652936,4.52717932854584,4.084109073991079,3.9560232129875503,3.037969846080276,4.294408407180156,5.660162793981924,3.6132094637852346,37.14931553779844,3.528586467682962,2.470285763075001,3.0267135857995693,2.5130774799357036,2.6149532374999627,2.6676490990354202,2.3619578853128416,2.7514022999679133,-0.0,3.084879588639385,2.1894013779463664,2.773471144538166,11.41946745315565,1.8437800113474303,2.7482017782163553,14.714173310968631,3.1359213437090796,3.431177969273341,1.8047177379246175,2.800030626282835,2.5395463145500266,1.966845179978971,5.055499252403662,4.156607009294767,4.4300105970839665,2.725057292061286,2.604232853372534,4.4262502724369375,6.789224141840747,5.1284796255105,4.247161964934285,5.955063659814492,6.052089567462333,2.9996407506984992,2.9506984040460424,4.086028861916831,2.7038706315001453,3.0142088540443828,3.3844758833026525,4.980671665212593,5.444705077710126,7.305237499563096,5.562092362374563,4.174402563729154,2.844550229378517,4.232513574513201,3.6299874765634463,6.925163313103863,3.945698236768499,2.8077331176525933,5.311738274784539,2.505445532707884,3.181704259530493,3.3927193530126467,2.7906566816905976,3.07538141706313,5.58813982627661
26,3.703677533881466,4.556593356056124,4.91530095227686,15.87436716314112,5.311526146998353,5.880169612308143,4.0477552259214065,6.230525113897429,4.58996386549044,6.845979820179877,6.69809287983108,6.597464456493142,3.818935616323665,5.911753167723954,6.400828802222206,5.005790437412979,16.98389434285906,4.200386878832927,4.5838259412107965,5.396710892246572,3.7581823829376044,3.9294438120964674,4.771867032845741,4.217112132295666,4.4181615467504844,3.084879588639385,-0.0,4.099561822167711,3.0153161360479412,14.191815898799243,3.210952171611851,3.67729458773184,11.052787022591279,3.7118895721539573,4.274329022850681,5.05322378930595,2.8310052486926534,4.290317082214381,4.204287789451369,5.207184626446341,4.431008699322759,3.4206394713209844,4.165551083319412,3.69319007047413,5.2931556407555185,8.231756279989739,5.538733559196426,4.354433823593853,4.831450883497632,4.766974191972521,4.133626997359489,3.451482257937384,5.049529572045061,3.4795223559208788,5.121239952368976,5.236241742335756,7.075792253775331,7.520956452292697,8.199315835396417,9.147746601225336,5.2713747631777075,3.021952719891565,4.199189984447364,4.459161813430699,6.458421679824714,6.6733611258647505,3.4801113409059576,6.161395192456063,5.561548587433057,6.389907587283369,5.146493154778156,4.806648956205029,4.969532580024422,6.071883125791076
27,4.073604243430353,4.7543073052287586,3.4678276331146303,12.667939662986564,4.117038675390531,4.090102280449269,3.1394327499444157,3.3152614285162323,3.4853507527020544,4.87807943588262,5.055251709249398,3.939786023655321,3.612707703877615,4.396052935454306,5.627000842931718,4.263767686945064,36.43008291810022,2.7706783433904882,1.8603169382838258,3.453910409848742,2.3917147384514212,2.408979009362692,2.9646914619271625,1.994112528395849,3.7554575660608607,2.1894013779463664,4.099561822167711,-0.0,2.6775101785584727,12.825068074319297,1.7601580457253647,5.845032030901778,8.424001722647183,2.582444838270223,3.6440474085429915,2.0218937281134925,3.0666712602325332,2.625958655130208,2.290417591684104,4.662856361452684,3.65353722364435,4.351432548377512,3.040509527055753,2.0773993961687993,4.200407366673537,9.736206360899422,5.741835045287519,4.302506832096684,6.5580138370739505,5.279931783096232,3.7833346772806093,4.449395985230202,4.96032314332328,3.9580411015620793,3.998723394518043,3.8573423557800965,6.218029866552893,7.259736599269158,8.597314393502106,7.0076281148544455,5.334666736274979,4.859677351676137,4.673991031235663,3.735419106953248,7.538080122274294,4.488750203428493,4.337049948099587,6.044874832447872,3.719608617100343,3.677624838143102,4.281574812129476,3.7054262739109394,3.479832977710073,4.726095768437218
28,3.181363929788545,3.742368482811445,3.454417359081885,14.27382391430326,2.246984279449775,3.085972836127919,2.649562544198131,3.549502206086316,2.9184748596895727,3.2687202468908625,4.767787531099036,5.720052486553,2.7706723949519145,3.424876477042689,3.1132204032294064,3.4438402801301593,28.064531515235462,2.0733495364150403,1.7359298266432936,2.542443233450881,2.305877906101802,3.4953241972935283,4.561167975937911,1.3978663610840396,2.230357910732503,2.773471144538166,3.0153161360479412,2.6775101785584727,-0.0,10.65703055374431,3.3404059841216767,4.744502379160549,9.59615864714962,3.0432303291332006,2.0302714940871542,3.3837163697336488,3.1989530417896117,2.333990535054533,3.5158131106267123,3.0602065812746044,3.3508830130644567,3.1907243542492583,2.7222659529502087,2.466032539141998,2.0865968196118088,6.410695339895117,5.00775341251317,4.719006697164681,5.776113635764208,3.5354091864654444,3.013313923003381,3.3616602423904642,3.351885961620301,2.332140503145532,3.9878030807183613,3.0096892697392974,5.739089815338818,5.7995634173080886,6.782177707262672,5.890682077161042,3.9294710965751958,3.203646544529514,4.274721270331805,3.7967981869171736,3.5337295968532896,4.261222708252868,3.027264676206659,5.362795435367022,3.0545053501723918,3.608061486234356,3.3698747897788808,3.2115915364571634,2.4916824667030277,4.560644970347294
