,0,1,2,3,4,5,6,7,8,9,10,11,12,13,14,15,16,17,18,19,20,21,22,23,24,25,26,27,28,29,30,31,32,33,34,35,36,37,38,39,40,41,42,43,44,45,46,47,48,49,50,51,52,53,54,55,56,57,58,59,60,61,62,63,64,65,66,67,68,69,70,71,72,73,74,75,76
0,-0.0,1.8009472348832944,2.5373890228462064,12.45999104117354,7.96361412322213,3.1012302484390992,4.672276362662019,3.0281041068309165,7.204423044909139,4.146027299956119,3.004872340632357,6.932105272677687,14.580981444588856,7.321126313186113,10.58999960350376,7.207969373961206,13.708481376884933,17.904252866289323,10.914202862684633,6.793972182392709,9.33169682904775,9.757505669493433,11.14621270543434,6.5594691247547825,2.527283459581925,4.791100873556856,9.978816079524266,9.494462382921013,15.305160484238975,17.819086231437012,15.407471315743786,12.649824575936575,3.715305349948004,4.213925471123162,2.705881905912541,3.27107862042937,3.4856847151389863,6.6975505150827415,3.7495122955088287,5.707359025217232,9.406410255358729,9.56964354882525,13.96933140745452,16.549350556907708,8.228072403572828,5.3989176250345885,7.32478649652118,6.521646188085658,8.400132909996596,6.862629199867484,5.591690922673413,3.368929820035416,6.0598541467479246,12.431336322612415,13.544509592253032,17.893520063532264,14.805388852848894,12.657624186317163,7.2917406919753756,13.966826096772811,7.598019659658242,3.975330639313549,5.969490457065644,3.1425795175606814,4.980030083136248,5.776566018773998,5.830308513025264,5.463345396827195,4.139886681836998,5.737018283099171,4.606562985798857,6.376447643830029,6.231748576919855,5.573307354736715,11.207955984572136,3.6086478924953203,6.895238574441889
1,1.8009472348832944,-0.0,1.985351527004794,11.908205040916657,7.386382326624126,3.771271568296851,6.0827128356006845,4.279078672642645,6.847436560626054,5.789307311068814,3.83786145846111,6.6804481265960165,12.644447404512242,6.839541727526323,10.408829017863141,6.343480982093672,12.523158795281853,15.519526000329853,10.74135648454546,6.113197653534056,8.43171061104336,9.431911623491613,10.375034822775731,7.143117098771251,3.591749541684559,5.34701387365497,9.828121015091087,9.295420932596574,13.797537620548866,16.143380733452062,14.689079528422022,13.00324972141841,3.629915193248501,6.109088534888522,3.670314611982731,4.650578197507756,2.303976264690687,5.496175154498759,2.6301789482024818,5.275082100438618,7.984963486500439,8.561881161410618,12.936236127018905,14.84063815123963,7.3057938750039755,5.041350628177957,6.150336299216063,6.161142153223167,6.759994790692729,5.771409691124064,5.247243116049607,4.800238892530396,5.424213887570681,12.310848344278504,11.84550698752126,15.608073711692928,14.201353712934186,10.612529642014868,6.380834784118257,13.91595082893052,6.9380018178647695,3.9063297203931704,5.049935299730883,3.7607846438691763,6.134986224060876,6.969304031735944,6.742918742672413,6.388613837907794,3.6698556895559284,4.820037624064896,3.8496001608808608,5.044232626951492,4.62833301749963,3.8536548933850217,9.528633490246143,3.361266556561439,5.942069324116693
2,2.5373890228462064,1.985351527004794,-0.0,12.973318130469542,7.390493330092796,5.24664071845244,8.483581882337639,5.275425868083046,5.570327179165875,4.74529173597809,4.173907461377166,5.515960930476087,15.932115441097277,6.935755324990746,7.101402878595713,8.431102263258158,15.066133513036323,19.935072493124974,12.129973497915499,8.35470294532309,10.783864561447357,10.029194884671956,11.413277074634124,6.8916031612445305,4.161593483705268,5.117900413259551,7.1577817443193155,7.1814273636816495,15.463905358721098,16.057732089731434,16.48440089292798,11.886356652211264,4.30877480240728,5.668460369160621,4.360226334206753,4.726834910006465,2.827350871571435,5.571110948006464,3.1389409794118985,5.390678488151595,8.600588827970244,9.498925375137654,14.867548358120173,16.06910972457004,6.375421823618374,6.1589823571001565,6.547503132719798,6.352015501270377,8.818354712918575,5.464841446608113,6.329152049988496,4.8182268636334555,6.112060180077199,10.209403303360366,13.322811849301612,20.523231708864895,15.871250990992921,9.17644942319399,6.115042791749785,11.456067641133098,7.690025229544913,2.7947301688123054,5.34131252972373,3.199473448909895,8.87187144911135,10.264163886539471,8.100560078447254,9.622070894702299,4.029331029306663,5.140908405586714,4.506075673749005,5.567491261529429,4.803854910466868,3.720555204041649,6.887427364158941,3.988588649620359,6.022779019289945
3,12.45999104117354,11.908205040916657,12.973318130469542,-0.0,3.9415163388683734,16.187358038467558,25.053483999191418,16.410855345728198,7.23589221463071,18.164683235469912,17.4291587203005,7.912076567960814,2.5922135181060253,5.396145619817475,11.961990913838864,7.357122769802647,2.500488801338359,4.1145514798068135,15.15474269043827,6.902655477544755,6.426374068845768,4.244062371147579,3.1362592111078325,7.305962635725336,11.125967556496,12.074160628986757,9.237857759253025,11.478157387168427,4.452645807981195,7.117379481598347,3.856246340759977,5.228022586841772,8.466128627793776,21.104102552585445,13.571773917686011,17.899251045913665,9.825580568256358,7.592481601136499,13.33721056345061,6.300185105563097,6.53715709057798,6.123090745896496,2.721529385918944,3.9549817375142244,8.626041539262818,7.623350094040706,8.127931303204724,8.261306127370318,5.7582896578003,8.440864124448698,8.353265022467147,13.809137448724707,18.039478527221668,7.756760169885583,3.236663684958527,5.280257740875728,2.981794709052191,5.302543412278715,7.451257428103198,6.179771234767427,7.166737944388385,9.873415080628982,7.024080766250816,17.992350769770727,21.894084896349547,24.783700566277428,21.100938887526578,19.754163619150077,14.991381510478677,11.511614257447262,11.761073155195435,13.680112665995898,10.32059332356881,9.635854096853164,11.032976032002756,14.805923504322429,17.56817901656429
4,7.96361412322213,7.386382326624126,7.390493330092796,3.9415163388683734,-0.0,11.703388843203872,16.33080938058343,11.602303336573769,3.6517507934696654,11.392815604068952,12.234478075954982,3.7333436903655954,5.373714985083738,3.179627535823356,6.6470612860703895,3.8184331543626993,4.654282882472573,8.021673491196545,11.926988683932837,4.34196907681169,5.363047723691687,3.52914285845129,3.407999620968839,4.009885899662849,6.947711962074902,7.307476571073261,4.640518493830474,6.011485187528483,7.076591758246577,9.399673945740215,6.32340640439196,5.087602019098121,5.458936260680755,14.390026520992155,9.977628597712991,11.799180929491442,6.381781546175612,4.0371392304853355,8.956159916989286,3.3664670789621036,3.4152376104095183,3.3593738596714804,4.170821685717166,5.312513512826519,5.19289854858286,4.702788159472375,4.328691995251159,4.554685570858481,3.096082974850983,4.306142558885312,5.163762227639381,9.423251834949834,12.520497213797533,4.316777625830281,5.836085714341914,8.077719937405218,6.033392005285129,4.023029363979489,4.596740746988335,5.005405258761327,3.899985505610441,6.3063666899463025,3.8585073923679905,12.686852273330024,17.0814453589833,18.553152223833617,16.25689466461996,15.782950490696436,10.30103252766747,7.974017901212612,7.178203429246825,8.739653699670901,6.752095441889194,7.206571394093474,6.436527368186683,11.156414021028052,12.03406857967562
5,3.1012302484390992,3.771271568296851,5.24664071845244,16.187358038467558,11.703388843203872,-0.0,4.225547085101104,1.6716598273938064,10.475177561998356,6.763167840329456,2.2205865734174526,10.720416271721023,18.846394695399233,11.08803325284561,15.287056733649916,10.670099992119688,16.95779358701296,21.105546269794832,11.856407358336305,9.838116332591602,13.153913531744216,12.852469289039458,15.119850558700255,10.949977788488434,4.052832605321382,7.436910945873062,14.337317857195009,13.04356192894801,20.37629463313546,21.07482217084406,18.931737888488296,14.582310540649736,6.076169830409117,4.7947832104374495,3.430588469553037,3.723088886671218,6.117570250702604,9.80887501995581,6.003336108286648,8.961052819701754,10.970796754652342,12.074236956304393,20.35250689785575,18.338013794658064,9.975590751807486,8.29061239640283,9.88709861799093,9.031261528688091,11.669686723857286,10.135816352106124,8.227897507643654,6.050630842429223,7.008736861669694,19.25955575636801,16.784575457950176,22.32838829793871,19.136640532877223,16.22513603379776,11.659074761999479,21.11397138354943,11.122330209982751,8.221570214424938,9.560177601782994,4.850150654809118,3.6290111644870198,4.5027536037367355,5.450660435907449,4.208659054164759,5.8088996534200685,7.596907758058037,7.1244444866352525,7.64584042991415,8.612444647299027,8.3313965355215,14.240721721674738,5.804476871385663,8.520544412237665
6,4.672276362662019,6.0827128356006845,8.483581882337639,25.053483999191418,16.33080938058343,4.225547085101104,-0.0,4.613657359663674,14.894586539035675,8.207273230357552,6.310075510976131,14.300651247742762,27.356769586266637,14.920146271529918,16.48860134941844,14.68005266741445,28.198568762979495,32.2876441080947,15.647428811314105,15.094069975751987,17.989721536707254,18.72987273042379,21.402129108234956,12.236986614647087,7.1571946180605845,10.78986718175602,17.469574235688867,20.896220081371677,25.813365432923913,28.70586011194381,27.519121812911735,26.417237377476734,10.995975126775928,5.10628120117574,6.175683042766165,4.677168928122501,8.55729591633345,14.38729353882006,8.5148484216154,13.455521047639424,21.4662022767469,18.601586296180137,22.601168017510282,33.421956048310186,19.43298046664839,12.491526753816311,15.077251708541327,14.480271946714115,16.951519240105625,13.811636837960437,12.100354574769147,7.0398162537981035,8.300931674626808,16.42442398797853,25.662392114005012,32.666083967988406,27.596569204075806,21.5986721159137,13.762866266406444,19.170359580007975,17.094676283609967,9.516077298090364,12.736202995174835,9.89755567320774,6.5210145348546895,5.4000050470773715,6.9517925068215245,6.9978060698770355,7.6885258589420955,11.382777861537257,8.735444494082506,11.826233252532122,14.530228179766201,12.412688022936706,22.78132636740507,8.133808331735139,9.437264159763043
7,3.0281041068309165,4.279078672642645,5.275425868083046,16.410855345728198,11.602303336573769,1.6716598273938064,4.613657359663674,-0.0,10.818923940691205,6.243653400855636,3.1266767853848783,10.056434251687904,18.860502367468875,11.283047489175587,14.09329715356535,10.965632388164298,17.185243134261164,22.480235440107,16.10329456553917,10.520736156294417,13.160738677154464,13.70303428395796,15.310140157827778,10.24974411736403,4.651010405531285,7.350327611889271,13.35922722516011,10.99404760062843,20.42759824292885,22.705994116228172,19.04241132726397,13.04462035371446,6.588356122013884,4.090870380189035,3.498636109746351,2.292941556479773,6.541128936171765,10.69866071012232,7.303168722522913,9.434197333289886,11.840657255740986,13.217460943933403,19.327686543547145,17.986866780470706,9.552276589825219,8.790048536945365,10.859729801614135,10.660244479476562,12.452051085846325,10.745809864475325,8.746485092718226,5.360991169876599,6.834845631120735,16.54976705035929,17.508636338150765,21.978852562332158,19.123505186765048,17.164228354972835,11.586476705076516,18.251341084658335,10.373908000988532,7.55203780141746,9.49343559598057,4.2053753875463,3.816754839067547,4.206134212905031,4.460859359148609,4.420367226311664,5.339120429538571,8.568497471328605,7.332479365458981,9.218599788137254,8.80903117243806,8.707008208921712,12.874557057062436,6.384322320536672,9.692118729221065
8,7.204423044909139,6.847436560626054,5.570327179165875,7.23589221463071,3.6517507934696654,10.475177561998356,14.894586539035675,10.818923940691205,-0.0,7.186820344950771,9.492884311418615,4.31309114943863,10.46924703289154,3.1698097355682395,4.711883998506173,4.786882932789462,9.172949145519937,12.408154828526266,8.10534699787295,3.282021186947752,4.777122105679963,4.142053125029141,6.209192555904996,2.4790133646419856,5.935827116323791,4.3766794277742305,2.7299765824392295,5.703874971013102,10.65485201232728,9.93314944201343,8.996348554450122,5.398074014467891,3.8746365430075063,11.820896732932184,6.9931909821212885,8.707404391471519,5.217596996935297,2.934883206496866,7.5170452555746925,1.8680576470415347,4.157893352824271,5.7884267848994035,9.08603078835037,7.438418494506039,4.409478093156077,3.4888604319411156,4.794791853343569,3.3245456114183676,4.285387562965994,3.1200159162232644,4.901919788102369,7.435324380228931,11.74978169260508,8.228156218796968,7.935093623674429,14.66130699336997,9.538578320395477,4.311934036958489,4.142971936513824,10.388288548862514,5.708311585027832,3.575475543585947,2.7899333988522317,7.458650125807401,17.12136481395312,16.735220054404024,15.02107899430042,17.56340856852206,8.865627007810241,7.233557247342714,6.896351979141912,7.9631763319223055,5.379832000536614,5.489425401539246,4.053807315911921,7.685761676500426,8.709217551776971
9,4.146027299956119,5.789307311068814,4.74529173597809,18.164683235469912,11.392815604068952,6.763167840329456,8.207273230357552,6.243653400855636,7.186820344950771,-0.0,6.456616754653582,9.124404162542408,23.962372708394135,11.377890679061672,4.981740041074043,14.026965106392645,21.220037844197435,28.35225991932909,10.028627108739707,13.072634623309469,16.340014089601034,12.974015090403705,16.4260360162774,8.085352865112256,4.113796088819047,4.120075420297377,6.73776054232224,8.056530177940473,22.715036968071182,21.744377814651568,21.4916827340791,12.879182910477205,7.343626699571195,4.328668758920344,4.217988555869338,4.588307791208135,7.500577402692801,11.179082838221067,8.00624985710587,9.303307233874415,14.195468086722116,14.292831330835549,23.28670682475337,23.234826550963774,10.441307469951338,10.241570291217148,11.94472723384465,10.866950146933576,15.295037669345163,10.470623813286887,10.410085288097667,5.244543738303922,11.273299402830165,14.467251646796628,19.795217320791508,29.396045215987325,20.761645816513628,13.557977671322426,10.691882417790842,16.236686008711178,11.759096926281023,6.031994034218749,9.8084980251882,4.558208769863475,11.378318556956966,11.000444919705672,10.43512698534871,12.254460673542686,6.8450349678553115,10.787081823961397,9.431898599220808,11.258390605762177,10.456473911099485,9.678631134761236,11.907274482755946,6.6417349327041775,8.183052328137524
10,3.004872340632357,3.83786145846111,4.173907461377166,17.4291587203005,12.234478075954982,2.2205865734174526,6.310075510976131,3.1266767853848783,9.492884311418615,6.456616754653582,-0.0,9.553937825775298,21.535211889056086,11.544666674899869,12.938913723603019,12.563144291869023,20.781619254108875,23.99639121458885,16.80673627666622,13.394455628042223,17.12452059067962,14.247127127126024,17.04878650798769,11.880993606598674,5.413365363956436,8.606093430687697,12.641671517334206,12.24649906506761,22.021374420963703,20.75098556627553,22.24892968799482,17.556844766119884,6.996802660812411,7.752644067564858,4.031906550079208,5.7021583441122115,5.86176982236875,8.853881206936515,5.893594034838514,8.756190917990278,11.608640216128792,11.167946720721051,21.57063152627115,21.492439849741505,10.085706832412178,9.918345373899127,8.632010344343609,8.438089006651078,13.132486939766345,8.747848922268894,8.941926008021985,5.200781654151826,5.3293137354105715,19.05264872317205,16.32473148866729,29.974332744485107,22.603243245247135,14.989241566724269,12.401924686149027,22.250215836877544,13.295403623988301,7.174155685443468,9.923837296778753,5.491595821903646,3.958580976610089,5.198681773330754,5.4591343443269285,4.742658774794129,4.733602931437498,6.428547380289698,6.330846416033189,6.132755005914208,7.2485896469063285,7.699253806990849,12.98095596921691,4.952821205329258,6.885792327644167
11,6.932105272677687,6.6804481265960165,5.515960930476087,7.912076567960814,3.7333436903655954,10.720416271721023,14.300651247742762,10.056434251687904,4.31309114943863,9.124404162542408,9.553937825775298,-0.0,9.977166095248652,3.873071009739253,6.24560321893054,3.7105170828239267,9.847594407732021,13.848976203091219,16.451809952682297,6.101822119745189,7.7586764340558485,7.160839952719303,7.337066577773552,5.972577538489079,7.385089320411334,7.065766597361213,6.015440083767925,4.835210526287123,10.68747937559152,12.545305005427618,12.607740808649925,9.04940769877682,4.314622073991595,11.672498515522365,8.254346174475954,12.431686804455952,5.67162494460854,3.060987308931646,6.8092364880123215,3.5562279929787506,4.195882408299376,4.841881892667227,9.842691231049479,10.173897340184924,3.5919032192404616,3.527163353405847,2.7254922470817893,3.4055152540935016,3.8257767699410596,2.594227414686959,3.602464048304029,6.234703066433026,8.6687809435908,5.575209496962232,8.932160321402005,14.682408403393021,11.439263450732597,7.177127513100755,3.8523933334296316,5.616196456995921,3.687214768233766,4.050688125456894,3.801139725602649,11.394608963219424,12.26812395033836,16.225900447815548,13.331567523953208,13.06290601810488,7.058302235587112,4.948769258372727,5.1119937287649915,5.210772666833684,4.401028845247725,5.465829641786249,5.792513285424217,8.354545088640108,9.64753465586718
12,14.580981444588856,12.644447404512242,15.932115441097277,2.5922135181060253,5.373714985083738,18.846394695399233,27.356769586266637,18.860502367468875,10.46924703289154,23.962372708394135,21.535211889056086,9.977166095248652,-0.0,6.922835753799283,16.805427092754226,7.668450476546308,2.8202428484877364,2.8836752947577353,19.6608738107371,8.285848980990929,7.4765888364868704,5.801696063978671,4.337895243512608,10.138027324061133,12.401707805347526,14.773488950227538,14.032827860969276,14.321112690174642,4.301060272542828,8.018718202082656,5.026179665889408,7.308062226239205,9.849804883440113,25.09694092455351,15.517417874987716,20.474931719741136,11.145261447847643,10.394681350708588,16.12925422577384,8.181214560988922,7.573777455708955,7.196431848259109,3.926776214815434,5.166228916036801,9.803259177787956,8.660597702959448,9.750804233594229,11.350300438338778,6.479430483022545,11.908508155983558,8.990512917232062,17.377091848455084,19.752617607583847,10.580488276658098,4.428593320416996,3.5551055541211833,4.2103791073776655,7.9675950489922265,8.929909395344394,6.560940362118343,7.3178749206648295,12.280442265500369,8.26308633546449,22.892405340609276,24.113141971972205,26.884003459410117,22.735513511659896,20.17506076510283,17.286148745920553,12.523579776455074,11.690882928815842,15.27348560281243,11.107169628824348,11.075379061579682,14.873646258920953,16.412981503716264,19.55400632009012
13,7.321126313186113,6.839541727526323,6.935755324990746,5.396145619817475,3.179627535823356,11.08803325284561,14.920146271529918,11.283047489175587,3.1698097355682395,11.377890679061672,11.544666674899869,3.873071009739253,6.922835753799283,-0.0,7.794056949386132,6.400463460385876,6.860820001248197,9.9009757635224,9.82997947691496,3.3231535712694638,3.40460925433231,3.0642390643054958,3.3443360681122574,3.570117558758083,6.901080485978203,7.70778194663207,4.391776501295493,8.388314700318153,6.654138760605762,7.607313165321313,8.014800974175271,6.162293121685744,5.513084639503383,13.223916591522753,9.252549550117234,10.078364117067107,5.252391898650857,3.3280602014837553,7.571582117195766,3.9264346868780455,4.736536835316794,7.165736509028502,5.7204633178382505,7.075238583551321,6.6658530862759005,5.132625836656199,6.261892475631943,5.112173027499538,4.822165387232615,5.232759162970011,6.906380239359721,9.944016763750291,11.870680755615522,6.722769190844794,6.8766880084869815,9.78041669192973,6.990125179998523,3.6964866229624445,3.569105131912639,6.096213873030974,5.161005512611723,5.4446808684304875,3.957349906041476,11.567005232772543,15.693618739238852,16.21049189402516,14.38119016101415,13.744143860346469,10.240934672374136,6.908218722171916,7.265110363532977,8.128738603750978,6.061145685354039,4.428486179998316,5.016924179625692,8.793386991339931,10.674390108555627
14,10.58999960350376,10.408829017863141,7.101402878595713,11.961990913838864,6.6470612860703895,15.287056733649916,16.48860134941844,14.09329715356535,4.711883998506173,4.981740041074043,12.938913723603019,6.24560321893054,16.805427092754226,7.794056949386132,-0.0,10.005998860290365,14.682754886915749,20.858150573636493,15.376741010741931,10.122522760213922,11.634953340072544,8.314787381747085,10.231519032166213,4.884919196840712,8.592071208910339,3.5290859318817667,2.9061288594918517,4.052009372089592,16.24472253416993,16.115229490894848,14.887227670774068,5.590830214504855,7.223073506054949,12.217411488593223,9.270161517185793,10.454064019623084,8.911843410440227,7.594447006136457,11.142862562500842,5.769130387944521,9.442462217255517,7.868750263864298,15.034733640035977,16.980290410179226,7.310456385609614,6.992402517116131,7.689469729230969,7.20174968741098,10.151216147021646,6.099099602690878,8.69871395003448,8.862644158887266,13.374208122264017,8.896771655444773,13.367649782156555,22.838528569715123,14.935751901973273,10.025315172999049,7.523518998231738,9.93498310480703,8.017495905410366,5.676653052321659,6.766402441216969,8.984155099753318,20.15154287381093,22.018123848758247,20.415170674250625,22.312315705208956,9.373050117925306,9.603688046901398,9.290620219435045,9.816897958737176,8.42250297723143,10.432029273321717,7.427957903759648,11.445466819940734,9.542872348506025
15,7.207969373961206,6.343480982093672,8.431102263258158,7.357122769802647,3.8184331543626993,10.670099992119688,14.68005266741445,10.965632388164298,4.786882932789462,14.026965106392645,12.563144291869023,3.7105170828239267,7.668450476546308,6.400463460385876,10.005998860290365,-0.0,7.44161497764737,9.874874246160926,17.081939947107305,3.9897605021803457,6.613310397641895,6.284221856085753,6.443276456295163,5.646671456980612,6.00768532417274,7.141004226632443,8.363872667859974,8.662293746370718,10.71445279722784,14.538472584602276,9.634140508118294,8.860303224391174,3.2002416690443596,16.27272493986159,7.506109132831012,10.480653163643014,5.864626975692218,5.647860318552631,10.932797373688723,3.6394017992931116,4.206356207139139,4.023574080381538,7.195309127125348,9.59803758167459,3.9276003289142807,2.4100019268618804,3.652838778734415,5.505463475329319,2.195913023213685,5.5791086568582235,2.403261877033464,10.324286122891579,11.3600113140216,8.131809998705066,8.090130425629582,9.461117599714024,9.729500158429243,8.11381767006711,5.206589858357813,8.299685002588472,3.9102427459594358,5.963990914988377,3.9552926575259053,11.48533576665936,15.274396608261258,14.610222860866559,13.90838012961552,11.185623328131518,9.836861986234263,5.305538818002306,3.864128305654597,7.538114251765149,5.386140890900157,8.971083213596122,9.625481978529237,7.796021081865931,8.309382166373577
16,13.708481376884933,12.523158795281853,15.066133513036323,2.500488801338359,4.654282882472573,16.95779358701296,28.198568762979495,17.185243134261164,9.172949145519937,21.220037844197435,20.781619254108875,9.847594407732021,2.8202428484877364,6.860820001248197,14.682754886915749,7.44161497764737,-0.0,3.406940136265622,19.389742176842386,7.32258896183782,6.805566214890262,5.486356099394867,3.3590552260809203,9.673641562603027,11.727845727592083,12.117977880053884,12.687117383888793,13.909036334609366,5.899653057307911,7.699980294057231,2.7993817530343814,5.463442506198322,8.702823286977923,24.394687837764536,14.053286970946143,19.676348963851915,11.291167589221745,10.678330347507591,16.827967317318805,7.8091351784051515,6.608584749176574,6.368219212185693,2.866224749054312,5.043352890190754,9.039552409518539,7.826900692404176,9.84521288198138,11.321564186147066,6.0671918712194985,11.790218292309898,8.755951698730934,17.34620068899084,20.926567077469485,10.721764800356182,5.363555771738916,4.260256059429588,4.832125485386987,8.139868587370158,8.497972334276678,6.87145955950111,6.950105408835926,12.21059539355815,7.902669383892185,20.33199479165306,25.022932632848885,28.126563019339986,23.18228748392289,20.701884502241946,16.83909204909421,12.992743592438002,11.89269448420844,15.934262410186586,11.09536976805128,11.387920422061,14.176471337976166,17.09736768729865,18.157154621341967
17,17.904252866289323,15.519526000329853,19.935072493124974,4.1145514798068135,8.021673491196545,21.105546269794832,32.2876441080947,22.480235440107,12.408154828526266,28.35225991932909,23.99639121458885,13.848976203091219,2.8836752947577353,9.9009757635224,20.858150573636493,9.874874246160926,3.406940136265622,-0.0,22.380155502912018,9.813047068366267,9.376808815858698,7.463460319298712,5.900756800285186,12.957795323550938,15.048811314402068,18.447678839137232,17.476697722242914,18.065043304640483,5.983489619675117,8.227611824788877,3.793650658317579,8.651641128542344,11.342403841551553,30.538607281870604,18.799654433422614,25.456518226930562,13.291316379789489,12.555921209743644,18.806622118037765,10.089750449609525,8.716077373583827,8.109757146990157,5.593017138498761,6.84325520951879,11.978792480971833,10.551051987205346,12.04515917946696,12.99192452251218,8.212641004766615,14.242922749195483,11.3147149303375,21.38030616814549,24.823124597107977,14.349304625166507,6.143571774064744,5.28200477294443,6.1308482075456565,10.444154313827946,11.525771767508509,9.890897457675498,10.624202896203547,15.635922661055774,10.770895953534376,24.925709801999485,26.012568863219713,28.182041197165123,24.61009472907616,21.82520641626645,20.957837905767846,15.326406122054882,14.175573173998707,18.67537983589704,13.894400250250621,14.119325643527716,17.6745512505854,18.933413870671448,22.671014253597598
18,10.914202862684633,10.74135648454546,12.129973497915499,15.15474269043827,11.926988683932837,11.856407358336305,15.647428811314105,16.10329456553917,8.10534699787295,10.028627108739707,16.80673627666622,16.451809952682297,19.6608738107371,9.82997947691496,15.376741010741931,17.081939947107305,19.389742176842386,22.380155502912018,-0.0,10.767427074270024,12.885560190518474,11.172942544405009,14.935295376322488,8.243339733370197,12.654789599440559,14.633983073654843,11.544132676440666,18.04864007093721,18.64652038251993,16.518214977289617,17.977746058748426,12.290002384673219,11.497398080278927,12.019345422166223,11.339433127858733,12.74902166223169,10.121039213914251,9.606178654771897,9.166143767907062,9.092589405340675,12.018992265567272,16.181570431982085,16.570779473849104,14.929643936881877,14.02924720154326,11.951504379713569,15.754904212660998,9.27066366141068,13.301419530267962,11.164611486740755,13.749552647286121,14.355681979611068,23.23124796652342,16.893924202890084,13.01975847153314,26.906935206863555,18.056126928731597,10.756606517739376,12.376825581232504,20.328206491096676,17.30497630892121,12.474169671349758,10.112200786838786,11.349483872380194,18.894147309823875,15.51482653066349,21.298223899538307,21.487164851457475,13.772342128119869,18.171382208489245,15.629555522303813,18.198649016442772,14.965869211318743,9.968085955302783,9.917890771605762,13.12359158601251,14.648496665318055
19,6.793972182392709,6.113197653534056,8.35470294532309,6.902655477544755,4.34196907681169,9.838116332591602,15.094069975751987,10.520736156294417,3.282021186947752,13.072634623309469,13.394455628042223,6.101822119745189,8.285848980990929,3.3231535712694638,10.122522760213922,3.9897605021803457,7.32258896183782,9.813047068366267,10.767427074270024,-0.0,2.682650839437859,4.453572774274806,5.40799250710852,4.960359731530958,5.277835163786891,5.227277763844891,7.768472774564636,9.47428769529629,9.329747798929503,10.987784478267544,8.798122096940341,7.202928674519046,3.3731952060672876,16.08699224957886,7.482658556215466,10.765501032253182,5.058624758623193,5.417228798769324,9.631357811409044,3.467683950218112,4.052657729527102,5.239242229462895,8.258032431553545,8.608067570838909,5.9118214566251535,3.6030469106590823,6.12457533114769,6.102637757366972,4.321005204621488,6.776444171671326,5.066361677308011,11.844269295247337,14.054758850235306,9.914373735228379,7.75966940021328,10.053802946854415,8.93095135770785,6.330812770904869,4.026261180623932,9.751961341015305,4.861023764247304,6.38152973067246,3.291631986204025,10.43404046775773,15.813890682365159,15.151911057770665,13.3287392505542,11.038879713933547,11.12040952825487,7.599497931651559,5.881083243489825,9.586712372935883,5.770895417137183,5.139602087844842,7.523220873246042,7.290969907561448,9.062204816169416
20,9.33169682904775,8.43171061104336,10.783864561447357,6.426374068845768,5.363047723691687,13.153913531744216,17.989721536707254,13.160738677154464,4.777122105679963,16.340014089601034,17.12452059067962,7.7586764340558485,7.4765888364868704,3.40460925433231,11.634953340072544,6.613310397641895,6.805566214890262,9.376808815858698,12.885560190518474,2.682650839437859,-0.0,3.1421541323214113,4.376583699601407,6.806537290849863,7.449347087893782,7.200912673625174,8.93794947745015,11.132196610800186,7.314936360418357,9.227113327788876,8.148218226243044,6.6352365559819155,6.004825427583776,19.328782210506986,10.649595167240118,11.916636180394216,6.8546427856226355,7.772618261039205,12.657684795028839,5.848729936510619,6.199987615461668,6.927768758951796,6.656661560388782,8.353547760124538,8.808289697024012,6.621261969371056,9.456394727811086,9.761143225736383,6.8965856461943575,10.268368407256922,8.748624187438015,15.499064460486744,17.20452017990374,10.696630157686748,6.774514509149459,9.543325771445645,7.930466240250423,4.7134962936126055,4.645426709250818,8.028730079574629,5.931988593549866,8.625926540236525,5.053269388719351,13.524853456972975,19.83283709817161,18.59396851645001,17.10825288915538,13.600561483433847,14.231699083681502,10.013829210657327,8.18241946507368,12.655802300592537,7.176869434570994,5.996379474538539,8.381693157636853,10.675636844411859,12.504714505213762
21,9.757505669493433,9.431911623491613,10.029194884671956,4.244062371147579,3.52914285845129,12.852469289039458,18.72987273042379,13.70303428395796,4.142053125029141,12.974015090403705,14.247127127126024,7.160839952719303,5.801696063978671,3.0642390643054958,8.314787381747085,6.284221856085753,5.486356099394867,7.463460319298712,11.172942544405009,4.453572774274806,3.1421541323214113,-0.0,2.9072000131258986,5.135988491981661,8.136470786011175,7.9061311756478565,5.722361920678141,8.581730755475936,5.715133427899534,6.638001775332375,6.5997420640292415,5.319724607549409,6.414894260276353,16.735358078478523,10.497282923901398,13.407964436373797,6.737564935593146,4.972861504277722,10.401869551298358,4.139349996014313,5.141802084256453,5.6302394222125685,5.960032876660364,6.133376130230552,7.611780844987074,6.369156996547045,7.214006215111379,6.6577313860374145,5.89931776302572,6.80174938680962,7.5542247239099,11.836967999320164,16.029506263968127,6.812864726938568,3.9516641427746078,8.579431899608773,5.171116292742799,2.0078015800833517,4.216542960073422,6.035744019319746,5.130471086441022,7.329329673545689,4.496223265024639,12.297131085483516,19.081580218439342,18.95353394588221,16.492547311175393,17.001055094759135,12.33217941580376,10.359967739594536,9.670774007565079,11.874533796308443,8.475940287014847,7.011750331093869,6.568505094804428,10.912561276586585,12.818918168677643
22,11.14621270543434,10.375034822775731,11.413277074634124,3.1362592111078325,3.407999620968839,15.119850558700255,21.402129108234956,15.310140157827778,6.209192555904996,16.4260360162774,17.04878650798769,7.337066577773552,4.337895243512608,3.3443360681122574,10.231519032166213,6.443276456295163,3.3590552260809203,5.900756800285186,14.935295376322488,5.40799250710852,4.376583699601407,2.9072000131258986,-0.0,6.382287172923508,9.280377582638362,10.097022776243204,7.571495795063273,9.830029194957781,4.848244126283368,5.535079408037551,5.012634458205747,5.05084544512331,7.310233982294517,18.916851575732196,12.100553726322433,15.313803641540385,8.356125966373874,6.599573749080283,12.33890664380442,5.498374345929337,5.700758733319555,5.590961009720969,3.9861199271708627,5.310076371020818,8.154057087812118,6.686276966904156,7.6877022489354125,7.983270511422311,5.6762628153658214,8.023809587796007,7.850359011622125,12.841062730622067,16.57293891268538,7.5157793073197565,5.008723856887518,6.521440531665596,4.441738608945457,4.6063761588167855,5.595919508280113,5.162431343912028,5.654201899906189,8.523482430700765,5.657718831937536,16.15003412240545,20.525369478916605,21.80127052024182,18.874982347632038,17.454845478520088,13.159499163979815,10.263194608390691,9.923482274456704,12.364642546049328,9.355673167019605,8.079089461260422,9.292616041318109,13.707619120059446,15.0977967248959
23,6.5594691247547825,7.143117098771251,6.8916031612445305,7.305962635725336,4.009885899662849,10.949977788488434,12.236986614647087,10.24974411736403,2.4790133646419856,8.085352865112256,11.880993606598674,5.972577538489079,10.138027324061133,3.570117558758083,4.884919196840712,5.646671456980612,9.673641562603027,12.957795323550938,8.243339733370197,4.960359731530958,6.806537290849863,5.135988491981661,6.382287172923508,-0.0,5.503769762333188,4.909212397256978,3.5938254195004977,5.368803813525509,9.667902856800811,12.004983554804133,10.23253143445834,5.558795451136889,3.9869080120674516,9.157128755813616,6.722390064960084,9.227687300747158,5.39429062417752,3.449851423787877,6.208627268005728,2.5466908850543635,4.810224247658516,4.480735978128005,7.721274331038208,11.109995446715246,5.230744653523942,3.7336903009386813,5.109685726079443,2.934901358283167,5.313903676960206,3.2910592928460938,4.913048657638446,6.439279007938107,11.869802608280047,4.306842116918504,7.881748263956876,15.007829219327576,9.225552540841022,6.034038940643683,4.089833623730823,5.747054492961685,5.883591578428724,4.62150581354599,3.003422135520918,9.322062098759323,12.478657566809998,15.425846173985084,15.234031618547549,13.374263895798318,7.205945611347507,7.695851822959246,6.816849425507951,8.66060988308679,6.867206391153749,5.557925103748289,5.531579854990313,8.033600043020186,8.540305813709963
24,2.527283459581925,3.591749541684559,4.161593483705268,11.125967556496,6.947711962074902,4.052832605321382,7.1571946180605845,4.651010405531285,5.935827116323791,4.113796088819047,5.413365363956436,7.385089320411334,12.401707805347526,6.901080485978203,8.592071208910339,6.00768532417274,11.727845727592083,15.048811314402068,12.654789599440559,5.277835163786891,7.449347087893782,8.136470786011175,9.280377582638362,5.503769762333188,-0.0,3.6451273136243407,7.974354853223192,8.098686691827556,13.636280239647139,15.750460833424727,12.957794908857522,10.584196294183108,2.7981971573106916,5.1420478561667755,3.9272116345947143,3.877828760530381,2.968232270110343,5.9331902020144325,5.104591041013712,4.553804831282397,7.757919549488021,7.715812865686582,11.247746346785565,14.246121123542308,7.088289271864443,4.462885623162856,6.874731157511358,5.993052182801351,6.922385636722484,5.9626503764456595,5.4634602754296315,5.070465799024245,8.835148533834209,11.819838291291697,12.710993388504455,15.667562600754485,13.495069417578678,10.95953308998027,6.815397828718579,13.279887757356727,7.210606819299331,4.305754598554632,4.8217715539225035,4.287684848439682,6.673076748578061,6.785082580067077,7.234826862765951,6.82584899631983,4.191188371058027,6.039632303302051,4.801688815910349,7.20989081086039,5.851139197598398,6.242515878566172,8.889416652296111,3.9516735781758006,5.5451081778073235
25,4.791100873556856,5.34701387365497,5.117900413259551,12.074160628986757,7.307476571073261,7.436910945873062,10.78986718175602,7.350327611889271,4.3766794277742305,4.120075420297377,8.606093430687697,7.065766597361213,14.773488950227538,7.70778194663207,3.5290859318817667,7.141004226632443,12.117977880053884,18.447678839137232,14.633983073654843,5.227277763844891,7.200912673625174,7.9061311756478565,10.097022776243204,4.909212397256978,3.6451273136243407,-0.0,4.663280313682772,4.722370202967048,16.037064844217987,16.6398441421054,13.414301356052396,8.159287148219994,3.4896201259448074,7.551548762487965,4.2124493930561515,5.385016232842333,5.273430509743125,8.06129874482161,7.682323703099508,5.558532925599947,8.785616114740856,9.777891252606876,15.55701041125954,13.857204132706897,7.13450623144944,4.816803780162372,8.586976258579345,8.159263780737607,8.772178508852521,7.561526967576709,6.487394430393839,5.943626527444725,10.503944012032443,9.386257442154132,14.242263108247354,15.48661386046901,13.508983890081653,10.02592755727595,6.8209458393639775,10.068001816626232,6.473159693215127,3.8089030394208567,5.816333651370614,5.8951841652714485,12.272210205724145,12.453462323756616,10.971067145920621,11.326555492264362,6.275082946391412,8.46731471836165,6.316755552608513,9.487595608782746,6.831522089696493,8.234437354087955,8.405809528213656,7.201735940005587,6.800771131013078
26,9.978816079524266,9.828121015091087,7.1577817443193155,9.237857759253025,4.640518493830474,14.337317857195009,17.469574235688867,13.35922722516011,2.7299765824392295,6.73776054232224,12.641671517334206,6.015440083767925,14.032827860969276,4.391776501295493,2.9061288594918517,8.363872667859974,12.687117383888793,17.476697722242914,11.544132676440666,7.768472774564636,8.93794947745015,5.722361920678141,7.571495795063273,3.5938254195004977,7.974354853223192,4.663280313682772,-0.0,5.034750806666012,12.53583761958164,12.179138470297653,12.244223449896912,4.620926079366635,6.269946877485033,12.571313582584233,9.811930689754208,10.339890973885641,7.500132773958072,4.665028691639158,9.640452678951437,3.8951494580724555,6.725267717135618,5.408321438645446,9.971269436749813,13.575969726201418,6.887004098695154,6.300544669876658,6.81605206203693,5.531242764123656,8.073076287328691,5.045780149005569,8.124711412445965,9.587649792275807,14.074076971811921,8.245557483819296,9.939809840769156,20.74600369845567,12.081960075240048,6.3775203716299185,5.381012559085129,8.777188314128304,7.258130263674899,5.707188951569389,4.7194641337067385,8.875918970994656,19.31721600777766,21.46927345252844,19.18932683145109,21.261161207067754,10.433969697566248,9.335940581712629,9.177611525307299,9.949707327575084,7.57641527647218,7.458683465980748,4.170261613595145,10.73251357023844,11.071565280741382
27,9.494462382921013,9.295420932596574,7.1814273636816495,11.478157387168427,6.011485187528483,13.04356192894801,20.896220081371677,10.99404760062843,5.703874971013102,8.056530177940473,12.24649906506761,4.835210526287123,14.321112690174642,8.388314700318153,4.052009372089592,8.662293746370718,13.909036334609366,18.065043304640483,18.04864007093721,9.47428769529629,11.132196610800186,8.581730755475936,9.830029194957781,5.368803813525509,8.098686691827556,4.722370202967048,5.034750806666012,-0.0,14.649576210814109,16.997046956408013,14.681977477034227,7.685143494253362,5.791075000825573,12.23805768414614,8.200867263503602,10.577926173977902,7.919752416020861,5.983541053467592,10.079776662279395,4.750493039093451,6.981584299339433,5.223084323415929,11.836874547778587,16.046532569355193,5.449644269352854,6.394628540778267,5.25487998132544,5.786686811737831,8.593957387835431,4.444554317974283,7.182323967230598,8.490812002015305,12.05791260525727,5.502870347777503,10.150041857982462,20.843816153747017,14.727373608958342,9.692185446585547,7.177225103995366,7.389819630472024,7.165458406206436,5.67814637805415,4.79812869409372,8.30951901114594,14.461083191077288,21.4759262675382,17.946097193138684,17.567517988966827,8.854849841985986,8.420158566467874,7.418501678087088,8.031548877732135,5.398683828487321,9.257018261480852,5.713802089905804,10.363139182211944,10.491350700962322
