,0,1,2,3,4,5,6,7,8,9,10,11,12,13,14,15,16,17,18,19,20,21,22,23,24,25,26,27,28,29,30,31,32,33,34,35,36,37,38,39,40,41,42,43,44,45,46,47,48,49,50,51,52,53,54,55,56,57,58,59,60,61,62,63,64,65,66,67,68,69,70,71,72,73,74
0,-0.0,4.11771018333921,5.408409141747814,18.39450551569318,22.54245783841921,21.094790447502394,22.462753882852052,23.478912635353183,17.715762109853888,21.182503428078274,17.841596728098214,20.389074777564876,22.84600074509811,18.912199981464337,22.046848773536176,16.215549277925103,16.838146391215737,18.331545513237597,18.36174693158112,19.36891633454827,21.63780754139936,23.643413062283077,20.761458724271534,20.76038130301576,21.549105654080222,21.314146244032816,9.820668348686944,4.594619913155779,17.935437401835674,6.248008923814945,18.558739072580003,22.458369609533168,16.833404058213812,21.615973350716725,8.288922011406907,4.2066360630813575,10.691833927270402,7.066297253771963,5.9377400907608315,23.593153329658982,20.47669746332883,22.634621081631412,24.205215227647308,24.477495859333178,19.665881956733934,21.884977392723826,20.813385128819938,21.660806775641117,18.056739280446873,22.110240090093576,18.55362961907355,17.290204459788136,17.9554439734202,9.06491071750162,16.328114378398176,14.326068675994387,15.871637224224342,14.23415092277948,16.999494213010784,15.706047402493146,12.955418792390535,13.925864291294433,14.073195376897946,7.523372663740528,6.531795567693864,14.04155275353488,16.92621282768273,18.600428335918128,25.370003312207707,15.996679816171005,12.067826586331604,8.139486817385201,6.336813179383025,3.5262021196457294,9.52528795817396
1,4.11771018333921,-0.0,3.103809300568443,19.842241462932375,19.058506527508758,21.373162981227658,20.416194339741526,24.15735619401715,19.244236448261212,18.33450321747664,18.696313447901048,19.748459277621553,21.687785422213423,20.89735332627805,22.88360271584841,21.764560845834588,22.01885820554035,21.116330323463792,20.721412540004696,20.613333424297593,23.74220116176122,16.47840649965205,22.079709444494014,18.254790869003845,21.4366631128808,21.671358014755715,13.715575626922263,4.853052069566996,21.641731333878948,10.491288678696923,19.83017561974475,19.675201564207352,17.68649325545025,20.593516009616774,12.556304806658062,6.15289352117805,10.999131497295217,11.690846102884965,4.147856911814255,20.75003151154194,22.365752963941812,22.01755121202342,25.819880594581623,25.672378084798154,22.30842210016766,21.035619130887486,23.02534376523131,16.168247493611585,19.732991024588,20.614122361065878,18.767276392576022,20.892513679130058,16.30940496853388,12.464901581227398,12.876928349628495,11.445414029148528,13.203401917251481,15.172102719310006,15.611942783348931,18.001790633826463,15.377400147126407,16.91525161855442,16.845541130974684,11.211687121208277,8.657256260952545,17.899610258509245,18.71469648095634,21.234379250872088,33.21067512187191,20.90905105458364,16.014855238775525,10.243624552418854,12.320314826798564,4.579004954085785,12.77993801946735
2,5.408409141747814,3.103809300568443,-0.0,19.964455412522263,20.072017975695953,21.233851385833823,22.150903656040942,26.059435703506303,22.37843195241095,23.398160823882186,19.591134636085716,21.82722174079626,21.885127757481012,23.596294392740205,26.664308440380818,22.17468803268295,22.6179883274786,20.23583075547672,19.016958728644955,24.463163217827883,23.403333588912776,16.400696998897278,23.574587394695033,21.377429902422435,27.05059404284796,21.542542522883117,13.776491346413968,4.80100894734091,23.01744707684737,9.840847319174184,21.60799020075364,22.695398052178923,17.573820889848886,20.53954101901225,10.083451987147411,6.325434435126542,10.829891431355065,13.837613125405104,7.518235916946165,20.285562831144,23.18522735698477,22.441190209861535,24.577568182673247,28.106147226478168,23.661771766961987,25.433447414272823,21.646454978570247,16.965463483915027,17.875371694909525,21.490096228725484,21.51467263767607,23.01546003808646,15.237619317754195,15.441620976715262,12.48979211898612,14.85012969779557,13.164577432291884,18.423751943425934,16.060390632303438,17.225677408046852,16.794791294979635,17.52205723705988,18.38570700473851,10.004859404272613,9.660811483687466,20.744551898032025,20.827122856568625,24.957656691912394,23.965769054928916,21.767795686706503,16.115789333389905,11.03287064187429,12.422341201618954,3.870476840860899,12.681773088075182
3,18.39450551569318,19.842241462932375,19.964455412522263,-0.0,7.179471718984525,15.132051622010898,21.239883362858166,21.996284415719618,12.459227502992409,18.934359724805567,21.99354914278387,18.75845546996245,20.594266782878343,22.339036094257708,17.921206470663254,4.95111302705947,5.020464703358397,8.711483529723896,12.26738371564342,18.846034770534786,17.988380890623933,17.389358715990202,20.892990118914184,20.823191426094702,23.522221393389948,22.19690416130351,21.062805427207238,20.784239500111102,4.202391100560627,23.668601454742134,9.628878429216936,21.101264227590626,20.107057064061227,19.353053600203882,23.02382576069149,19.378682226203424,21.52318500980155,16.423502748752384,13.376345483950713,12.20207616435619,17.032771277282823,20.113515151911148,18.5941791515041,17.1607102376229,21.841351420958276,21.692184774450418,15.345836575017941,15.824355851015374,14.299030127896177,21.45465117896658,21.577196169716142,15.08649293096163,8.580605647239809,14.481189909585163,13.026358858809003,12.74668772092769,13.940823280963095,10.035736950551193,17.3717575097268,13.172302515779384,32.90104179671201,34.34297077870323,31.505945317888763,23.451646046721624,26.901284078073434,18.184548496362954,17.23324056844248,19.2746736066929,44.35400952490286,25.73183694326228,25.115694367862798,23.431338549724977,22.02107228229015,23.41165307013134,25.340815891799444
4,22.54245783841921,19.058506527508758,20.072017975695953,7.179471718984525,-0.0,8.889468905909911,15.757317291791582,24.161212968141538,9.616800896098201,16.551061145515533,21.414507532209907,13.64014264076153,19.955843507655892,18.579677636072162,17.12550871332406,9.458628132691967,10.043676794200149,3.558488156309093,7.04204910354823,19.22720012672444,16.964133239502672,20.654296072073073,17.21599317096511,21.845731597591264,17.91502286428503,17.07774573077819,21.174829166523658,23.78726938366485,4.331236140173362,22.12279467761836,4.95714743436389,15.977502122737615,19.3738238882822,23.375770656473406,22.61045356965927,18.176761758804993,24.695252910935437,15.209268998980177,15.067667357128395,9.896417873053345,14.455124617682788,20.3218305992796,19.324790296515935,18.774707539941932,19.653128063492886,19.818485559226062,17.362036732715456,17.580596047614037,14.42864861135291,18.409383795454048,21.508125001576534,12.947706181112192,7.585059878470816,15.588012671126327,11.193576384670585,14.265748932424792,14.609632592220635,12.608026744143006,18.060928754611044,13.734088089182181,34.113600788104456,31.888143896300328,29.831718769639387,26.55851501886788,26.87356116278342,18.26048346346451,18.827593142279486,19.745247167497723,39.30207793308573,27.496499612897363,27.642931930698865,20.285769743345092,20.158476123412825,26.375435080713256,24.03056194253618
5,21.094790447502394,21.373162981227658,21.233851385833823,15.132051622010898,8.889468905909911,-0.0,13.599761765158968,23.604121552564315,7.094614783223778,14.714716457045407,17.328433120656253,11.97634403427627,11.168991376446407,14.164827597151982,13.457124528251432,19.79086304123462,20.81155051841192,8.65787771729158,4.530053020473814,13.52262079192598,15.552767748027726,21.45434897232337,17.600991315156147,17.490795205284194,16.990378838021904,11.601171935188487,20.936157601668246,24.006770627204087,11.771516996405085,30.83240614307066,5.293276257178927,11.11852469195913,19.694952959664743,23.389813665155874,22.41091022601144,27.656200154859196,26.605401276541087,14.871433960080482,16.925975372398902,4.015605680017033,7.944151010167762,17.456766819528493,13.903721490418777,16.47099732376488,16.462075715890673,14.99423423207242,17.674724052264377,15.616652192807653,16.978496492115745,12.82215887612233,25.081720322163445,10.68132649181283,14.962492093722192,10.544254561554988,12.704453709205596,14.673987662883539,11.893373211130108,13.47860653620071,15.30615741885099,12.764190277408636,33.38769544639239,34.68994021638088,33.38145541901489,28.194156985683716,26.621223490682752,20.72405661846315,17.86992049037387,15.300252389088321,45.709377355334524,22.719974571402506,22.200440794939567,33.40632011988618,23.891260324640378,24.1299468846258,34.22032533226755
6,22.462753882852052,20.416194339741526,22.150903656040942,21.239883362858166,15.757317291791582,13.599761765158968,-0.0,26.64092618929513,12.626431337767555,4.230668703442067,17.534942563500447,5.858409825152856,6.421004762634434,15.609445175026842,11.769425122776203,18.92483688288881,24.4503565677343,14.182191221313266,14.618039627110969,9.072930540478573,5.08968660250761,19.31928589319143,14.551634574919234,21.148222625453688,6.276304081851248,3.942945950541047,21.52441670448649,23.590719819057306,16.86458713997342,30.6849108715886,14.889987825824111,2.6423811670410737,19.108613976665403,16.225561619804505,20.715593937979612,25.75748867559316,28.369393252229994,17.25800795096909,15.99183142278252,11.493574521945117,4.11859893375522,11.699831124856393,3.4367604091787616,6.159177784456523,12.947781296183075,4.111321002167665,17.268817702636483,17.096941498832496,17.43804486223538,14.33102152345177,24.512868409108556,8.534748157157587,22.82973455935457,13.940047982905899,10.308412488651566,15.981182595296255,13.335527624646652,12.820859629480015,9.900095361801897,14.032286828065466,30.047057394491116,29.87947285264266,29.94886426476184,31.218506774985226,26.59584618759019,25.40602037551018,13.486088883393297,15.580114355564854,32.8919743131836,32.243377309168125,29.222990399435286,30.012006370177986,20.92117188638524,24.65038589421202,30.66510193759963
7,23.478912635353183,24.15735619401715,26.059435703506303,21.996284415719618,24.161212968141538,23.604121552564315,26.64092618929513,-0.0,18.346194307479013,22.769614043240843,26.117661858561274,24.69245572383376,23.51462737054169,20.4739460239814,22.74676018710849,26.058884868527972,25.153578632809904,23.19122191742416,24.034500378636356,16.500036872887797,24.608351138094022,18.23844454647779,17.791366776055458,16.96764941204863,29.414981010653637,25.059795819808794,31.333601283858968,27.99743182715813,22.283020946979576,28.50748204743692,23.15213036847812,23.989613674863538,23.21659773502126,28.210151892498082,28.613386025075503,25.182307569575524,22.179116160070187,29.219701802836138,17.960632465318376,16.50826878169387,20.085925414203835,17.75028722866607,25.074605349474197,23.61139938278121,18.87641343709042,27.90468629283125,17.150425559140064,21.436486458844765,23.56679852479671,24.485883371035985,18.73771465272498,16.98337515739674,22.213519878131674,17.38223931619112,18.748340673798616,16.394197928439286,24.218798654419043,16.84723648400485,17.00825024577114,21.353018781019696,35.91357829235543,35.022678447061736,32.796395588596425,28.810939805876348,31.17691859686853,32.67280974211471,18.45474675053022,17.067948652132902,53.1801775939802,32.60239556818231,29.25563894939157,28.673243033992993,25.619502064384896,28.019318319295948,27.662918389433823
8,17.715762109853888,19.244236448261212,22.37843195241095,12.459227502992409,9.616800896098201,7.094614783223778,12.626431337767555,18.346194307479013,-0.0,13.905718131492161,20.634422885646167,11.80350047587918,13.339267492100909,18.498778819816284,6.850217898860865,13.293005406006044,17.407435784899544,11.55517386410182,3.5874714818722446,13.23208713440408,15.353221040723415,23.573098210363028,19.22532319300758,24.065215048433046,17.59918081288539,11.539219263975268,14.947111264063974,18.751213607445532,12.135426640202224,27.74509076715179,6.889855999641093,11.461131914179658,19.837173454772373,23.319714715962505,16.653596123987384,22.908802916521335,21.25542346593723,13.356744785616616,14.933969671201275,5.239747576406358,9.000421051748864,14.3756486746498,14.528080663205689,15.426588122157076,15.914797006668309,14.787490603547726,18.112911246078554,16.836817120551334,17.63669542843516,19.33188154866977,20.193309479012964,7.663855335138613,6.752493136495191,11.6933720064232,10.787897927753777,14.983431579461945,14.672442361276703,13.044629072155045,13.242030635373306,12.522536241477583,28.070452833163674,27.458858543050777,32.346922748527014,26.67749501376216,23.935058700438088,21.74343115173678,19.853438204830287,17.77036681166232,27.408610936353345,23.278596686396984,22.71479756942304,28.28075717516553,17.151892265316025,18.635231999992886,27.729539221450135
9,21.182503428078274,18.33450321747664,23.398160823882186,18.934359724805567,16.551061145515533,14.714716457045407,4.230668703442067,22.769614043240843,13.905718131492161,-0.0,22.196816854564524,5.537255742593837,9.028463064885244,10.09275337587957,10.417599163640334,21.020623548404437,18.42660414633267,15.015601601433312,15.547476509463147,10.464618553912715,5.367143369032109,24.284723001309214,9.776074736479286,13.02306501459236,5.528834005035656,5.163993967368593,20.494698834977772,25.747988627511877,17.86781721766349,22.42279129588584,16.321976764335314,2.523483823052908,20.51507769905067,25.217495392497828,23.168849594551556,19.889866320098296,27.742715696194356,17.15852521037566,17.173302501983976,10.637925279687419,7.108958371052989,14.778613596413285,3.830651927616109,10.451758268260793,10.673820872321855,4.238892247309887,19.177343779910228,22.31812622732,18.268787107979097,9.333623790890615,16.755745251715343,7.8671702311480916,21.59331279758864,12.041974737742198,12.714806743540516,14.415312503555601,16.389338470778732,14.338792876754882,12.40759454332615,14.5628667585598,29.057684316103135,33.218028537380576,31.75334497158195,27.00796042164392,26.22461585851847,21.899782579256716,13.801071330975406,18.623085582328482,39.990914889796365,31.363967470618295,27.103302003921726,24.49246538727394,20.034771832072177,24.960544514971527,25.16300084413611
10,17.841596728098214,18.696313447901048,19.591134636085716,21.99354914278387,21.414507532209907,17.328433120656253,17.534942563500447,26.117661858561274,20.634422885646167,22.196816854564524,-0.0,22.482905145321382,23.580952085647297,21.502418375898007,21.810074666111195,29.269795085267702,23.49282403925125,20.180577405369824,15.347604110084557,20.947269795745385,22.291298076386337,4.930249356868317,17.349143081299687,8.266257699806859,22.920253264266865,22.62964404670982,29.085596461508842,21.599103949890832,20.427774973288916,31.092976281084763,14.00282455252403,17.827403782790373,7.461149861933477,17.991788748381914,27.58008564211348,25.363430029657383,28.587490516270954,24.06821366456043,15.725007588700858,15.775648206864947,18.789971713047002,16.506158923397123,18.270282176520574,24.298376270073774,19.304056057522434,12.213893077308413,4.722861888768514,7.242098721049286,7.8357822736082845,16.940228689100927,28.273900846478437,18.07031798375531,23.977558978486112,15.60670795826474,9.450744056416308,7.720454607270812,6.975614083342725,8.4905971208324,12.005453628132457,20.80516505862514,34.86239369480295,41.093933079529286,38.35665464189451,30.72651316608791,27.66466739231785,28.16685749301507,12.231986421103041,12.225314790506538,31.35356197556043,33.605723267476385,32.18786064184971,31.94675709026554,24.467441445333826,22.320968488888813,36.71290027831308
11,20.389074777564876,19.748459277621553,21.82722174079626,18.75845546996245,13.64014264076153,11.97634403427627,5.858409825152856,24.69245572383376,11.80350047587918,5.537255742593837,22.482905145321382,-0.0,7.798997979196351,10.318882758313688,9.792692586477543,16.504402136000895,20.97584033517649,14.263670770766284,13.133900564885101,12.10341298474276,4.7592604813618555,26.174006808349137,10.431400031941077,17.796676645427652,8.09588696556422,4.54415359453871,19.784190935002503,21.719650025987544,17.778756677944717,28.191107836856588,14.241700792055505,4.280846032788262,19.010539458226585,23.870027867043884,17.609783412291506,25.64276306021051,28.614784668707294,13.150530884905361,14.34275471032866,10.251657733515934,9.535982784647846,16.696608511023467,6.330511425731549,5.502855940020204,15.185397786855509,7.730312334462333,23.377920521284203,21.641213930624293,20.9634628566337,10.368183136033865,19.295077088281523,8.452118543703225,20.306885144964486,10.037083035322498,13.865317622908911,18.840781237252518,14.152705246763718,13.449700025035895,13.076328506824824,11.077928668385292,29.554420441732752,28.594211055736242,28.921446294880543,26.38103854076424,23.226606335790155,22.27921709909464,11.960879309540829,14.045511904435713,43.934633098081854,23.61462108746908,23.40004325730828,29.07540699739853,19.00277250586529,24.131751076150877,29.957085485387218
12,22.84600074509811,21.687785422213423,21.885127757481012,20.594266782878343,19.955843507655892,11.168991376446407,6.421004762634434,23.51462737054169,13.339267492100909,9.028463064885244,23.580952085647297,7.798997979196351,-0.0,14.493486437015987,14.109905504579233,24.008854943479903,18.449025299709525,18.847401178566898,13.423036670838405,8.79571342041771,9.103121895423595,19.680530104153764,14.565113209992386,20.114241166291116,12.72389399050654,9.953070033192313,24.05036293016957,28.389952142427564,21.805362314763176,25.47679772756461,14.786946325660097,6.489266658254248,19.826523045544516,25.151155369616255,22.640937890896396,22.4835745480342,28.074147732645336,19.29594643208526,17.729068110379572,11.238041599129968,7.055071440928255,21.328935361012253,9.833711570777034,11.47122523829583,21.535349819819004,9.962605193333468,19.990269054068147,19.121840790441322,24.90930476613303,17.59250313170695,22.432664418856948,12.772957802014202,16.79825327892443,11.423754879727484,13.499614053620002,17.316847212839143,16.75542074756839,13.031975887717739,17.30031815565844,13.286254792752665,33.41032331591596,35.25179853541315,33.39893136349015,26.030936686507676,27.342946295547275,20.297304068377798,15.62711894391875,14.461510341856842,41.22546339817607,23.552160651441564,22.05571909026133,28.795415787287297,21.295540290581275,25.600580445893097,29.62755383670167
13,18.912199981464337,20.89735332627805,23.596294392740205,22.339036094257708,18.579677636072162,14.164827597151982,15.609445175026842,20.4739460239814,18.498778819816284,10.09275337587957,21.502418375898007,10.318882758313688,14.493486437015987,-0.0,17.246682858641936,21.28904005183675,21.963314040447226,18.753594007763397,18.695454095283328,14.986509838343537,11.492207417564686,22.712296788481705,4.422432078324116,16.513832608104757,11.009991048470429,10.528675470263206,24.80602863741159,23.50681035871887,22.250585201421284,23.70458776633423,18.14294771513015,11.285690236105598,20.076475230189185,17.287093969320825,21.750448052539,20.36522320473823,28.26025056540021,18.05711231898598,14.739551572297923,14.07773795934963,13.106504249039476,8.520646501618232,16.589194103976997,10.067838890853253,7.019971880534381,19.82670001972395,20.86492853175977,18.435125548695513,23.002279274523648,4.283454925464301,17.11172947036926,9.829271030990869,23.91322836556065,10.053480750001032,12.551282737486654,18.45599094798611,16.35730898135883,17.000580046476475,7.259898018323202,12.802690148687345,29.467451917592335,32.705685513712005,28.634491395089512,24.496555388708163,27.095056744178642,23.603732860975647,8.375502340513291,11.413194623779239,66.3384228554385,28.56002717509083,26.289490660715824,24.669633840408274,20.620937131931843,25.5107421347705,24.151125382811486
14,22.046848773536176,22.88360271584841,26.664308440380818,17.921206470663254,17.12550871332406,13.457124528251432,11.769425122776203,22.74676018710849,6.850217898860865,10.417599163640334,21.810074666111195,9.792692586477543,14.109905504579233,17.246682858641936,-0.0,17.405364491493575,14.957570504134331,18.024886162782497,11.632636241087424,14.926605722715475,11.764587729391607,24.742543385185822,16.75504625717074,23.70564930780348,14.803079643059053,10.96787374113017,21.979210207429492,25.007599669619893,18.216110260974904,27.183899089905196,14.175941618364323,12.539156655968387,24.770540243181713,28.602926764658683,18.711771813317473,22.112173321147967,26.9255787911214,17.342464188832864,19.18880733773059,11.547354401657406,11.66974634220506,21.200710482758502,13.15005843644409,10.862108019506891,20.12197508571218,13.212444353322635,24.254507464427252,23.888331868738735,20.624583440541038,17.255049100453274,16.961749316158333,8.338956262705615,12.859874820450907,12.065217028959514,16.094644971554295,21.241100363370393,15.495740182215311,17.062511267768045,18.41228429470936,10.918419188125137,31.954298912934025,34.61925944004066,37.88318790372713,25.702364696157584,26.583739970799396,21.766048678990632,21.07515132223897,20.58913173843627,39.39266745365725,23.45719120067842,24.875031137585953,26.21574199760971,17.371233767934303,24.20956873959908,27.119959260884933
15,16.215549277925103,21.764560845834588,22.17468803268295,4.95111302705947,9.458628132691967,19.79086304123462,18.92483688288881,26.058884868527972,13.293005406006044,21.020623548404437,29.269795085267702,16.504402136000895,24.008854943479903,21.28904005183675,17.405364491493575,-0.0,3.955434426182698,13.860629655010651,14.678843480084007,21.471690927154903,19.992141090703896,23.399333653973375,21.24132521328121,24.79191660925207,21.62806841036521,25.095217555005572,15.54124232491558,17.980963153668416,6.942929446244164,19.69949345830885,13.891336943143568,19.949426788846324,28.03764528296023,23.896676078110968,22.36819177039482,16.55092293228191,20.434446721536517,14.331120781507376,16.554950324793896,17.205318580359442,21.23532890671775,26.006625673328653,18.22107146573001,16.66940372499269,24.902257843083607,22.541449059930123,22.585763790012937,21.839378147754754,20.6283103224843,22.260743041768745,18.021347645458842,16.17496748922571,6.8183121628862455,13.96726478895578,17.06308617553234,18.60093747088349,19.800462115489026,16.46136907508932,21.84882267077139,12.667712629317977,26.987519948637907,29.63242538208203,25.10773033924148,20.611601482757717,26.282229705827604,19.289559458495233,21.341234431587388,22.82863507622964,37.12789117232397,21.61045649853165,22.298786921515397,22.141888063966817,17.577740273605187,20.741134748801638,20.81719258287506
16,16.838146391215737,22.01885820554035,22.6179883274786,5.020464703358397,10.043676794200149,20.81155051841192,24.4503565677343,25.153578632809904,17.407435784899544,18.42660414633267,23.49282403925125,20.97584033517649,18.449025299709525,21.963314040447226,14.957570504134331,3.955434426182698,-0.0,11.344523561181509,16.032644612127182,15.705059727850635,21.112469378907353,21.36835346717855,24.714471647671896,23.272984718323325,25.433020852009843,24.924424276736186,18.361365808395746,19.339488822154856,6.98479679371671,21.11419020463906,14.00044144259581,23.527804405113756,21.543407354283058,21.598068066002458,24.109635666118674,17.48641871718912,20.034249289798073,15.781462888116836,15.743276114872959,16.58996864865009,19.848678096355385,21.311051900356734,21.32871237693846,20.01264841176139,20.940826124615818,23.44107995335617,23.442954947716988,21.527008568257273,19.05821971685312,20.53729966777599,20.138067423898736,16.334865780323554,9.951963392029732,14.064241256262243,18.46250744606762,18.08429455547115,15.606868577556014,14.053442710937292,17.962333323014406,14.94616034802667,29.38301577086971,31.756570217495394,28.103486245372554,20.91426172400443,27.549781365167075,19.335633989591507,24.245673489820106,26.039996323229207,29.07217357452897,23.130556632320992,24.59556915377248,22.94561560461387,19.492179992128566,22.6691649059697,21.796179517937343
17,18.331545513237597,21.116330323463792,20.23583075547672,8.711483529723896,3.558488156309093,8.65787771729158,14.182191221313266,23.19122191742416,11.55517386410182,15.015601601433312,20.180577405369824,14.263670770766284,18.847401178566898,18.753594007763397,18.024886162782497,13.860629655010651,11.344523561181509,-0.0,8.397619701757442,17.96396391683465,18.313679894837062,16.38831762769326,16.673659271351845,18.31482759350889,15.730127970095188,16.304415854241267,19.60662781741403,19.73289207529187,4.293661801543776,21.970009200375756,4.446134527129791,14.337648067742492,17.654482527318752,21.315578724957014,23.53584595533693,19.823264627672327,21.74334723794048,13.985421462162913,14.253315694188034,9.605275684949104,12.80323410734466,19.2259891296955,19.29000253335891,20.30633315878728,18.75725405286566,18.430505460536576,14.677049376076278,16.687493740409014,13.17420457154585,18.649034409335048,22.457001437777954,13.293265855140323,11.768882498199693,13.302662181959736,9.10598127660285,11.906360289898211,13.306723688890477,10.347090266346623,17.148739517866566,18.084773914266897,32.846853085961854,32.63478311948468,30.297291980341097,24.78270501245347,27.232888493370442,15.29579725335659,16.08462016007299,17.121458238708048,42.73453631487661,25.08145048669216,24.37275509978389,25.36089212698827,21.492043714621328,22.263400779483018,27.175885791051623
18,18.36174693158112,20.721412540004696,19.016958728644955,12.26738371564342,7.04204910354823,4.530053020473814,14.618039627110969,24.034500378636356,3.5874714818722446,15.547476509463147,15.347604110084557,13.133900564885101,13.423036670838405,18.695454095283328,11.632636241087424,14.678843480084007,16.032644612127182,8.397619701757442,-0.0,13.972167343485234,16.713876757913617,23.258705325503655,21.22178221098836,22.815534852415315,17.916635548258878,11.840282463354,17.544094139535826,19.00859154343358,9.212454044660278,25.96311342778685,3.112165142027656,13.115662337890255,17.978336146867075,19.427086634980373,19.604576294745776,23.78260229807311,24.572398468925847,12.406157035647684,15.944847010265736,4.22396667240844,8.951646823861966,14.88763568315829,14.45934430095914,15.720344738662748,16.19255723613661,14.637464629332516,19.78849724657918,15.508037498370742,14.62253482153559,16.749729127048354,24.14879885119432,9.722304464888737,9.572270947436786,10.584287456663638,12.082260609942713,15.311443698382234,10.431447882854034,13.135473961278006,13.321462191569895,13.68874514453463,28.565647464725554,27.62166684928316,28.59407299866057,28.534328463005572,25.296775340406104,19.83152513674332,19.77577785185133,17.162019674595594,23.18668988944682,22.483161776245293,21.5100031244475,30.223135033124688,17.355977093517975,19.063350748132976,30.018239570502338
19,19.36891633454827,20.613333424297593,24.463163217827883,18.846034770534786,19.22720012672444,13.52262079192598,9.072930540478573,16.500036872887797,13.23208713440408,10.464618553912715,20.947269795745385,12.10341298474276,8.79571342041771,14.986509838343537,14.926605722715475,21.471690927154903,15.705059727850635,17.96396391683465,13.972167343485234,-0.0,15.145352629759431,19.898652642860753,14.915040837773187,17.207534885719348,12.888480115413747,11.947215207402758,22.951866937221087,23.129286553632284,19.140602172128624,20.257473166761084,14.55667399724095,9.318619834021922,16.87210326193172,20.974186588842795,23.425343690521764,17.296331811323356,21.94463556191318,19.532140959555008,14.410911774232446,11.282540859246836,7.1729937301208695,17.604397240336855,11.809084016678094,18.30710175838172,15.435515353676037,11.474166050232832,17.26220773434163,16.628304854572697,21.798376411817596,17.284944117186548,20.032530691338028,11.706123142377084,14.863285916979851,12.04125376552684,10.202380933551717,12.092778890071534,16.722352215587318,11.492306848065793,12.916273633802984,18.103744311441048,33.6775389678979,32.99005236632862,33.13816777255189,24.36153435087632,29.5760847785126,22.177910301838438,15.199698339250535,17.2545790811911,33.293990538559235,27.91407482468649,27.47736751002737,24.71747715628084,18.0181107611797,23.444361394319454,24.625880458405753
20,21.63780754139936,23.74220116176122,23.403333588912776,17.988380890623933,16.964133239502672,15.552767748027726,5.08968660250761,24.608351138094022,15.353221040723415,5.367143369032109,22.291298076386337,4.7592604813618555,9.103121895423595,11.492207417564686,11.764587729391607,19.992141090703896,21.112469378907353,18.313679894837062,16.713876757913617,15.145352629759431,-0.0,29.178148149068534,9.9991327912122,17.587884498332357,9.607105667470236,5.7135737351712015,20.677031714762055,25.607210628983054,21.86749958565956,29.33191204779316,17.963531353489085,5.294094677179345,21.24988409538322,26.52716596082296,21.99751753167305,28.474689332603003,33.28109634328572,14.686375479502647,18.928936853635562,13.127036775458622,9.351505306975673,17.520616056768397,3.595650418895832,3.1287622276954665,16.443868694173037,6.596710981468026,23.34339708246531,23.675573824110852,20.787565966528817,10.116238128372416,18.60796547787619,11.30383072933157,20.534967069593666,12.564746183426447,17.440856321660366,20.41628146635435,16.052431780146154,14.774850184305912,14.31640810637435,13.235004560620133,31.646051580176547,32.09272611495684,32.4311079134642,31.045277995387593,27.875017092253646,21.876470917499912,11.260537833076063,16.750800491744904,44.243831605795855,23.76630272051848,20.999076125922283,33.98387162221737,23.346471731902696,24.471488474651387,34.49160488405257
21,23.643413062283077,16.47840649965205,16.400696998897278,17.389358715990202,20.654296072073073,21.45434897232337,19.31928589319143,18.23844454647779,23.573098210363028,24.284723001309214,4.930249356868317,26.174006808349137,19.680530104153764,22.712296788481705,24.742543385185822,23.399333653973375,21.36835346717855,16.38831762769326,23.258705325503655,19.898652642860753,29.178148149068534,-0.0,18.586386417087642,12.508228793597915,23.5352447514884,25.041948967657973,28.27773606994512,25.472504999804904,18.310952335670134,33.503889330684714,19.39217089789359,19.72032846331588,1.8759508592496243,8.064900291793586,28.35992206745269,24.02469935077702,24.408518912524187,26.802938584831995,15.620284418443308,18.97877514044353,16.097178355879173,20.944519682094253,23.93299732544923,25.20547623827422,19.105596754010175,22.888186704118954,4.382098832832182,2.722325803417603,9.965721133043205,18.51058145551291,27.568941775337162,20.232710059309806,24.19954732234468,18.15159700558728,11.90952218959012,7.674235904235985,8.721398423799142,8.79108474495464,16.883419148276012,25.270550830559042,37.51939382104484,38.482553809486554,36.25549624664073,31.024115284375,29.36869219779262,26.775856660439718,13.706511158882982,8.22941654218191,52.305684002879175,37.295923960268176,30.956675462201368,32.92668208169949,33.940337738921684,23.29543552211558,35.7836475994636
22,20.761458724271534,22.079709444494014,23.574587394695033,20.892990118914184,17.21599317096511,17.600991315156147,14.551634574919234,17.791366776055458,19.22532319300758,9.776074736479286,17.349143081299687,10.431400031941077,14.565113209992386,4.422432078324116,16.75504625717074,21.24132521328121,24.714471647671896,16.673659271351845,21.22178221098836,14.915040837773187,9.9991327912122,18.586386417087642,-0.0,15.277066409522122,10.628864556898833,10.021342165744365,22.993627219335984,25.088107396622647,19.883130313237242,27.1600453697772,20.237218928071627,10.727269412698504,20.701177520364404,13.422670302827303,24.800123153092162,24.054608654556315,28.849596455278665,19.23134470314328,16.727952557420377,14.904462188104374,12.692238712181965,7.274310704188217,15.102086782141257,8.385882825655136,6.222381921806855,18.910814147448963,19.93130868762882,17.988580955564164,22.441950864451396,3.183381339648907,15.294445972616181,10.889006393293714,24.32846144818879,11.587150100077357,13.725033889659777,18.735494756684194,17.10353816985633,16.472879711232252,6.732339275328757,13.795573241058236,28.12639339578747,28.53241238828465,25.29022552072118,29.205773447211897,27.61536014744766,28.224638603458487,6.460257487572564,8.615497203831673,62.877292619336494,32.626004571213784,27.409721586579607,29.85688136233952,24.56409552346789,24.55790869200118,28.1697424525212
23,20.76038130301576,18.254790869003845,21.377429902422435,20.823191426094702,21.845731597591264,17.490795205284194,21.148222625453688,16.96764941204863,24.065215048433046,13.02306501459236,8.266257699806859,17.796676645427652,20.114241166291116,16.513832608104757,23.70564930780348,24.79191660925207,23.272984718323325,18.31482759350889,22.815534852415315,17.207534885719348,17.587884498332357,12.508228793597915,15.277066409522122,-0.0,18.427718676819243,15.422775846684168,27.085907546314612,26.204559763483534,20.962449558404238,30.923550656411653,18.631237611896854,15.010030843823865,16.552973830917416,22.998958422629748,27.881463999668423,25.837249528133277,27.488883723551055,22.201018629834227,16.056382468201964,15.808242682848181,15.238945152511999,9.05975780883779,21.723144539750628,21.57728310234573,11.37536881342159,21.646342503823238,10.735998306621335,16.534606945342595,16.09890497558927,14.035878978890779,19.81311710564538,17.85329594640906,25.431848843234985,14.706150402404477,14.82182594422051,12.452816884585857,13.96249446472275,12.328550316000484,11.21082497752823,18.69593454265666,33.296852919667145,36.9686783175289,34.50003731719384,32.13387217691225,28.309606736644415,26.341864390654138,10.12670512789485,9.300085988537058,57.39995496878534,32.06246402217824,24.82772625066653,30.901858139565643,26.492646913739264,23.635404603222046,33.880456250233905
24,21.549105654080222,21.4366631128808,27.05059404284796,23.522221393389948,17.91502286428503,16.990378838021904,6.276304081851248,29.414981010653637,17.59918081288539,5.528834005035656,22.920253264266865,8.09588696556422,12.72389399050654,11.009991048470429,14.803079643059053,21.62806841036521,25.433020852009843,15.730127970095188,17.916635548258878,12.888480115413747,9.607105667470236,23.5352447514884,10.628864556898833,18.427718676819243,-0.0,8.157116449787745,21.936881106875205,23.331300823436464,20.141893357566204,30.66262944319527,17.620201471975008,5.050756240361891,17.618368394926303,20.915346029229774,23.717656675217565,26.498330084286025,26.87112284940304,17.261711556655477,15.797430357744622,14.417024449181616,10.942165112785162,16.21270813385933,9.4967019054633,11.925139142533277,14.66475205790777,6.372882248053316,21.311595555222528,22.104305864054528,20.87878526000964,9.335346383633842,24.045410733317482,10.496821710814656,26.784778892400062,13.55275150674119,11.67881206292129,16.59974639382894,15.499213336063297,13.614487866426494,12.617293400755523,21.08836801172848,31.76908738322657,36.475759890824754,33.776877751391375,27.747924693808102,26.80859202448022,25.08165067010358,12.728981662547024,14.742268847301363,47.04742039095301,30.889502830535108,28.286663646209227,29.607986869138013,25.213278128910915,26.874547747945527,30.089094620978223
25,21.314146244032816,21.671358014755715,21.542542522883117,22.19690416130351,17.07774573077819,11.601171935188487,3.942945950541047,25.059795819808794,11.539219263975268,5.163993967368593,22.62964404670982,4.54415359453871,9.953070033192313,10.528675470263206,10.96787374113017,25.095217555005572,24.924424276736186,16.304415854241267,11.840282463354,11.947215207402758,5.7135737351712015,25.041948967657973,10.021342165744365,15.422775846684168,8.157116449787745,-0.0,22.615694386836914,26.109417959495172,19.557424132417335,25.722194971314376,11.777529155106757,4.7841018525336425,17.5221962062169,24.06619048981216,23.14696374411959,23.30796857656309,28.21890177670224,19.15993081524015,17.679122634396123,9.53412077537411,6.380613187383609,13.932317343843506,7.454108922678358,6.38757692484235,12.677625285815774,8.483206735142375,22.74409423643593,21.212776356686014,19.706945362628343,9.307258389057603,22.193786281887068,6.437486880287769,21.30415232408886,10.898228011598036,13.853230420471592,19.409090010442434,11.934750822313827,14.388253139051633,11.938317445700369,10.565782706391891,33.410212067695525,36.01212302221988,30.92318959662239,26.134758383747076,28.180175556498128,25.71169200720598,11.24030840292077,14.842037504884695,42.669014809850864,28.56424017577371,23.391655738796686,29.81710329811008,23.38767496199563,25.8788795893275,30.24193371401775
26,9.820668348686944,13.715575626922263,13.776491346413968,21.062805427207238,21.174829166523658,20.936157601668246,21.52441670448649,31.333601283858968,14.947111264063974,20.494698834977772,29.085596461508842,19.784190935002503,24.05036293016957,24.80602863741159,21.979210207429492,15.54124232491558,18.361365808395746,19.60662781741403,17.544094139535826,22.951866937221087,20.677031714762055,28.27773606994512,22.993627219335984,27.085907546314612,21.936881106875205,22.615694386836914,-0.0,11.921961014308163,19.175012561732363,9.53026764648601,20.688776402558577,24.24650539001725,25.931506664429175,32.06138194184757,4.594330534832411,7.452369479786906,14.025972628118318,7.070851191843531,15.662343951578872,25.167625631261583,19.98083110973747,31.491871037271387,25.82587697795517,22.94943427201476,29.916631820496594,21.961822863762105,28.055214646715307,28.225748397790614,25.461428572661923,28.505823183665267,23.18097600902974,19.640422925529883,15.573783029239472,10.672679667031753,19.66352950385785,21.083694937555506,22.348415705616958,20.07280788034558,26.814349925692248,17.423465615412155,10.3878557785589,12.804691808276736,12.721365753427857,7.224675814473489,10.318928968763162,17.471110984367105,20.95043381322149,25.080227158137696,37.159498867449614,10.405887987645709,6.52585202545108,10.414947353625092,8.119044675576728,9.718325575478042,9.019685963693497
27,4.594619913155779,4.853052069566996,4.80100894734091,20.784239500111102,23.78726938366485,24.006770627204087,23.590719819057306,27.99743182715813,18.751213607445532,25.747988627511877,21.599103949890832,21.719650025987544,28.389952142427564,23.50681035871887,25.007599669619893,17.980963153668416,19.339488822154856,19.73289207529187,19.00859154343358,23.129286553632284,25.607210628983054,25.472504999804904,25.088107396622647,26.204559763483534,23.331300823436464,26.109417959495172,11.921961014308163,-0.0,19.392833267546035,6.395345857314914,19.919226545935402,23.192677566693366,20.298777543410655,23.110147789022196,9.376578465728635,4.288427143692309,8.547629490973597,9.315936059016204,6.961582103473662,25.843003973778217,23.982840434240966,27.29138520204746,27.88564647510855,29.184354811583077,22.44455179292069,27.68616064439303,22.91374629282128,25.374962712624367,17.178429464169678,24.989597862216993,22.471569092122433,19.289723820332625,19.647299743226412,12.55932640784349,16.770971140090982,16.045620413819133,18.416672537250925,17.662872558865857,19.08445668359062,21.46477918792777,12.695843480479718,11.761521734633797,14.096931701465602,8.370110689883576,5.70359465304201,14.81967851559109,21.62790980856911,20.3905548169836,23.20424994086846,17.102080562915415,13.547599306420516,7.505266772839624,8.509178445023615,3.0921729756313394,9.301244195343633
