,0,1,2,3,4,5,6,7,8,9,10,11,12,13,14,15,16,17,18,19,20,21,22,23,24,25,26,27,28,29,30,31,32,33,34,35,36,37,38,39,40,41,42,43,44,45,46,47,48,49,50,51,52,53,54,55,56,57,58,59,60,61,62,63,64,65,66,67,68,69,70,71,72,73,74,75,76,77,78,79,80,81,82,83
0,-0.0,6.739007419106083,5.711199998432634,13.224399644634888,14.578676264854154,14.945391257517006,15.824571170867944,15.222576223758859,9.130024937221725,12.035774796294552,11.791897456339528,14.557651539969987,12.90207758530357,12.0363760516881,14.389382573225623,12.821678418160031,12.229156648210562,12.843190957994455,10.416132202535154,8.143252325131014,10.569885738234449,10.774872100941911,14.643711350878169,14.568661633378406,8.618602148216802,13.020704680648926,15.90465872666045,13.027239792383352,9.835530188349288,11.41352128483749,9.226329834276068,10.378549751734088,11.10694915936133,11.8204150049174,13.278387707260974,16.154273829413214,13.247527927717451,15.601107443804754,10.801857739777455,11.223748712650575,12.43090065811456,14.875203494260846,11.868956483887548,11.142593015025536,8.911442698530326,10.817219632189605,10.484645512938389,12.570555746535284,16.99007342229285,9.308881132776163,9.479978457352923,11.887821840976255,9.639231995085305,11.344790972712548,9.137876401265432,12.035330152841878,9.425809581113858,9.921025496122503,10.856579925890689,10.382125317437488,12.269438428973642,8.640075670632674,9.199665852768668,10.19890467971948,8.981032725646873,9.50278473946291,7.757668743879471,6.53077814942773,7.089153797106911,9.288450635392453,6.579808938855443,10.570199123562887,7.504149437968037,9.848779574974246,7.8220874133161375,8.455880722037564,9.324952129406062,9.392241582771584,9.562244544236734,9.61820175576258,8.320368276234904,10.455901584372832,9.286520925969713,5.904566003248274
1,6.739007419106083,-0.0,4.5384581477875665,12.486851327194906,12.141920656553532,12.91603112632605,13.135212268619643,11.058298638597437,10.453905607249986,11.416400561364823,10.909111446203193,14.143548261061145,9.292703224913462,10.310250673517949,11.414152261955604,12.360800522919755,9.893294172941088,10.900092432000282,9.067937206614541,9.89445918296667,10.408832234846052,8.368848604365967,12.30460389943353,12.444002481326418,8.759979479087086,10.130395325968141,13.252937952054122,12.189796851039643,9.818782371796978,9.731606430311919,9.203194943317998,9.442405353200762,9.893481438446488,10.640329357481358,11.106312083981585,13.263269554160473,11.503682890715721,13.277291070804424,10.134797563321811,10.995017467323692,10.718643696264168,11.487804162037499,9.027740349941066,7.462187694317243,8.594575910802325,8.416261053494305,7.63822079728004,7.13554538850963,13.991732549891626,9.108921961577089,12.743314211732434,10.581308260972648,7.152747834237393,10.07373781775404,8.871177663224396,9.98359013503664,8.583203728835032,6.8954245915765595,10.57078721758149,9.629248526543483,13.44426018111408,9.100158592635989,7.870328803447088,8.979888938427585,8.184811583067997,10.6371971361415,7.57023906140297,7.061456645811742,9.678053937601197,9.240568652811378,6.739933037207886,11.171632456182325,6.482097512274953,9.610281370952135,7.674709421436431,9.43061739612074,8.37873116089155,8.33029934801464,9.660558369182896,8.52683338507956,7.982535732743564,8.523694101647324,7.70641002964863,4.808750234714011
2,5.711199998432634,4.5384581477875665,-0.0,10.05712948348753,9.684164919720962,10.648568278654663,11.349867683926213,10.24712397040015,9.456260502491718,9.92837484379502,10.329083567313353,12.700737882545939,7.831178660331227,8.553235351182053,9.909728802512126,10.255301366409194,9.037529142441,10.371885592077794,8.453515722021598,7.524822030351108,8.698990716857315,7.3196828695103155,9.833416040763915,10.055480823554337,6.780265192566685,7.792913246319665,12.552660403815034,11.325615765639002,9.05724948282915,9.254737599371305,8.125297861456751,7.267537506574811,8.027088138988226,9.384453535272792,9.881723144060473,11.278919731455243,10.937904693281473,11.663415542365836,8.714887796476058,9.140110018136385,8.961810426852269,11.173097160997544,8.22175031520528,6.039437127970517,8.010973834418012,8.201209805894718,7.856587815102271,8.093062743558232,14.131254755237567,7.248414286851899,11.458360428864351,9.2135847154948,5.224178212409688,7.532541838690447,8.726523437474553,9.31137060256803,6.586667815807433,5.823990723438251,9.240296795380273,9.583500612935824,10.673065167204372,8.468655836589893,6.676085689710903,9.151613592359842,7.309695705265473,10.40165630874684,7.247374762304348,6.093940084411275,6.605138132502055,6.753664375851842,4.988854113849415,10.27645306762273,5.32043839874453,8.923155025087155,6.990172524187844,7.329839142245125,6.6228341688024805,6.2302763387016515,9.471062662935672,7.430032686410405,6.6598273049413494,10.065908476145575,6.786776087018651,3.510520380756583
3,13.224399644634888,12.486851327194906,10.05712948348753,-0.0,5.934047466828708,4.5639801361430195,4.254581989777136,7.8450629491147845,6.9992110124365,4.885838808274983,7.729118288481499,8.906060504270043,7.30009293427334,4.673456066426946,5.517562559263422,3.8737302463794223,6.000729961952124,7.770434442405068,7.099522095504578,9.31079349482108,9.62654590807816,11.604741442819627,7.936484502369808,7.925148302041937,6.861522624338695,8.971149889835807,5.000315249817455,7.767899729935807,7.809292237081837,6.0049611610205815,11.818129345568023,9.429248272217109,5.705667738420996,6.3724397174668646,5.105975360324658,8.594794259042004,8.579903499593756,6.225703195376933,6.2581309689313445,5.779474304819412,5.790146666079379,7.073171063611816,8.77285904977886,8.429806572519135,12.238940455026745,7.610616092418129,10.618518877537186,9.552004208562943,14.636905707216748,8.655318330760444,16.20707902092591,8.291387182664717,10.009764318350065,7.744455980107586,9.330567885359844,11.353748995987,7.324733565657832,7.929860961164665,9.958748742616256,12.497182762314987,11.517084177470224,9.033023423953383,11.681488035466861,14.796618257025184,11.781559449912896,12.508133580586332,12.69581875257489,10.466051129105066,12.048260919101953,7.819244078753692,10.327549468126916,12.428683680641985,11.324824270588282,9.544549615669405,8.774176316184027,8.179703585586658,6.093396828920228,9.115630015775418,10.20681369065369,7.8116695074388485,11.974705235529308,13.513039165435892,9.090162829594183,11.805994483305186
4,14.578676264854154,12.141920656553532,9.684164919720962,5.934047466828708,-0.0,5.6973956118268525,4.732293764782481,5.667618043346503,9.719950479626394,7.233071229322212,10.686830152852542,10.56039921426961,5.408208328090007,6.594402745644176,6.24856459649207,7.182018124562505,7.652741843335234,8.202625600567533,8.623100846627057,9.992915813521037,7.6466312718500955,8.735616989034103,7.806578049956509,8.33830698626325,9.58415053095308,7.755101346457437,8.553653373361135,7.2661393068981095,8.09500748916813,8.796640112366262,14.277721728994065,8.359007957571182,6.742998219714941,9.25416840406679,7.273319846903157,8.49573863072704,8.181304005471867,7.863027112995228,8.01736992711269,7.87504604205217,7.039938657233472,8.230951074380545,7.683141461443334,9.905307716946396,14.165292928774303,8.497950867043599,11.03988372384033,8.959632293940219,11.933558010927413,10.478670047908885,17.628439679853955,7.221458004155911,8.782625808671193,6.644558615320991,10.362102789599758,8.743107601378224,7.339150534295496,7.177019506696976,10.75998439729269,15.257366427278972,11.727593685965296,11.985803589262005,11.174689037523864,14.348404753918535,13.033381640673486,14.553542416068893,12.770487407258836,10.352387818342836,12.251874432616741,8.484999985588482,11.59437941414425,13.20365574734623,10.172063698362162,9.625265998394974,11.193542955404487,8.811891652046786,7.444773775641893,8.637660379867826,11.430175934504438,8.627816707425605,11.090753806720011,12.512384619699583,10.025763845527079,9.470215250057482
5,14.945391257517006,12.91603112632605,10.648568278654663,4.5639801361430195,5.6973956118268525,-0.0,4.5425334715084595,6.03281453615758,7.840385958330903,5.826480069009407,8.39041585052693,9.818630984950508,7.248501301713461,5.824238168877394,6.2635589494749855,4.640579862568043,5.366525030187221,6.1883635744583785,8.131588853785827,10.1623115434422,7.159731467719684,10.330699206685692,8.209089638940126,7.694645392205637,9.727557144888946,7.944717216790693,6.141021888741787,6.732811484370479,7.637148337693255,7.373821733413631,13.726921988260283,9.349030947238655,6.974631762802894,7.218242227990479,5.9783059653053146,6.923725812655236,7.940450985240825,4.928379623509929,7.239553045922628,6.7830030783222846,5.539954237849615,7.329808632908346,9.614735852957114,9.831540880292442,15.055414869704125,7.196232480037939,9.61637026840854,9.814485329976339,13.8648124672334,10.227543611031157,12.33263666458965,7.558271452018444,10.144128927911446,6.829411137032299,10.646322804048534,10.535782050155197,7.913002899972021,7.7340818037044965,10.382455094538766,13.16017858832221,10.612519919426502,10.375124482602688,11.507238074652204,14.598089096904937,12.33688724471933,13.863623487934776,12.551114355034901,11.437608265164693,12.081418886994923,7.513890438800315,10.741993045396612,12.083121886417127,10.717393191722618,8.212813625024719,9.501462591943529,8.808205613285113,6.916863362268754,9.290068796884551,10.576716744369257,7.584559152128847,12.680687856772138,15.155762787511646,8.734796199922265,11.29587497691212
6,15.824571170867944,13.135212268619643,11.349867683926213,4.254581989777136,4.732293764782481,4.5425334715084595,-0.0,6.51086831247321,8.491576688970529,6.745093244601313,9.553231629561282,12.513125690213784,6.549214716553661,6.826156453109315,5.836325300501921,5.19421968983577,7.856268199340557,7.4012187248577455,8.162116421709282,10.111041080929866,9.068296944283512,12.136313102692556,8.26834133872365,7.151506910486555,9.754668858372728,8.784511566000903,5.257864998031151,7.03547174775237,8.439401050904628,6.740198941922353,15.126936138180017,9.418235428907904,5.977788656463504,7.728939492310315,6.1688702724658455,8.866166587086424,8.01270214828186,7.109590785274489,7.824656181375981,7.014472888137663,7.11142005700634,8.377977592086898,9.48094017501691,10.255631483222489,16.32789659438179,8.329868364051244,9.398845986028592,9.37819901731988,11.925452567369504,11.525274949397238,15.815849708289146,7.444160767162359,10.44539969277643,6.576864512724776,10.959081994594223,10.57678800871802,7.54102586659206,7.390992690370896,10.686641800557709,15.286805167798235,11.147079399733274,10.548355167112806,11.210688132551569,13.104209001947586,12.814927465864422,15.6287952257742,12.645859629158025,12.354713858270216,12.863803476980168,8.47954058329356,11.986403849915622,12.768799430561991,10.884741397072464,9.361978241876729,11.5685075965695,9.400470785378253,7.406491666999148,10.227190457461155,12.669337672541557,8.531017105233284,12.269630243322199,14.162952294519048,10.573487582185797,11.255999434366084
7,15.222576223758859,11.058298638597437,10.24712397040015,7.8450629491147845,5.667618043346503,6.03281453615758,6.51086831247321,-0.0,10.037766722511032,8.787064323949672,9.097509933968652,14.02452788798474,6.547024393732348,7.993780664391315,8.289646528745218,7.723425946590883,6.2642248577251145,4.650230504348965,10.635586656016104,11.993868098478346,9.061047642925205,10.706917006378166,7.404524253618344,8.028247792026962,9.765459472899005,10.005966396934955,8.69219192876278,8.167435945634823,8.61354146472261,9.851714453858534,13.25849842211784,9.002524145078235,8.470615092750212,8.866310698841817,6.709851352361314,8.540647952894915,6.220993266765992,8.89702066855537,9.36434748392282,9.50106911735756,7.352776764977549,7.010679831163362,8.04909171882552,8.492176751082447,14.351587424392779,7.933378017027758,8.214705872750773,7.435240294000761,13.036282074395611,11.442798860394849,18.11737441865048,6.905707080467453,9.980361054183124,7.762727832079112,11.963700511703362,9.660078483308515,9.636467321353042,6.248873508986125,12.82251053950784,15.794140609055159,12.725545700373797,11.480688182076983,12.11234752412805,13.42232941237238,13.443911276556635,15.11499651541502,14.234152970470324,11.828448033166154,12.276406366088485,10.23426133967179,10.29764865373592,14.289961326589673,9.880590416404399,9.68562126169319,10.926383007465994,10.796845030912225,7.727133079706696,10.072663623577364,12.68620957147247,8.21853619887239,13.449692521387302,13.965872070209928,10.448510024381493,10.3499116177259
8,9.130024937221725,10.453905607249986,9.456260502491718,6.9992110124365,9.719950479626394,7.840385958330903,8.491576688970529,10.037766722511032,-0.0,6.238500765520276,8.139571745919486,6.711717131398858,8.425173196537266,7.325895380394704,7.366393381136947,6.717979677529356,6.629320554081799,9.10911629437559,4.609189820168071,7.338004246605676,6.953431859707126,14.939081767532436,9.348095187237943,7.78625724121617,6.042076797868221,7.729269949509039,8.264483727738922,6.995482784806003,5.138588991037855,5.336022288434343,9.068831807776355,5.04608523116581,5.645339307310536,6.36111665611202,8.20841894085793,12.48485228185633,8.301415754753222,9.236114855398377,6.8056785436257865,6.456136971396258,7.2460458676729464,9.568806940269612,7.467826067741554,7.600045074934013,11.194145729151158,6.522252766896589,9.938434432337383,9.426005624408386,19.05744950676343,6.265657696153755,12.491848696507466,9.764109132270447,8.938923151722543,8.606061472646683,7.913776822955525,11.8465425578565,6.696802755640001,7.173595114915882,5.736927016327877,9.745238273142736,7.769872601931605,5.542047958743832,8.259751273971307,12.906297352840339,8.606743667605606,7.197227008352501,12.133253858465716,8.735885128495477,9.84010433054066,7.85939606938325,8.68187474166961,11.236550513738798,9.364666259775996,9.110247808889412,7.204171996404293,6.554837413073859,7.649509160374842,7.835529426061076,10.086096516455726,6.393348687426239,11.276749202070484,10.367746463817648,10.08915491157289,11.297588364034262
9,12.035774796294552,11.416400561364823,9.92837484379502,4.885838808274983,7.233071229322212,5.826480069009407,6.745093244601313,8.787064323949672,6.238500765520276,-0.0,8.350808733827398,7.439637418712025,7.281470441584456,5.186774684319626,6.4481554578256235,4.996054759205011,6.72103973408984,8.312486740791657,7.003078160741452,8.767863552406466,6.895212370809957,10.202829893058126,8.35111965082261,9.511245001663305,6.0972655476082505,8.50246483459486,5.838501646530308,7.9585488149458765,8.464448922701052,5.78873053734167,9.787510982350955,8.29777040262264,5.30517881503468,8.233986130113252,6.286712752498566,10.158319002271567,8.416977710438884,8.0181564133631,4.974990354186526,6.452976003418913,5.741448022431883,7.652140235143834,9.023088435313293,8.365587186583603,12.93772080446096,7.017913461072694,10.800632102539987,8.93805166462905,11.442361843782557,7.894891169948238,14.770116029913382,6.6285476056013755,8.161593835825936,7.406840413903264,6.7741641465242886,8.088424819267374,7.345463839818997,7.633392477169251,8.99160674200367,11.422447729140417,10.457702578049304,7.178224005570235,10.609832179191757,13.639862819686611,10.710407041044654,10.26498711786312,10.681347329299228,10.153101063450793,10.507488283042424,6.591836185533173,8.383256119743866,10.2599398032455,9.872764689880674,6.994257691202784,7.753967479649561,5.8457342129365255,6.006258839818764,9.381044488349538,8.27201541592419,7.503988761279904,11.244304277825435,10.153233333653672,7.431236558686407,10.288281701050114
10,11.791897456339528,10.909111446203193,10.329083567313353,7.729118288481499,10.686830152852542,8.39041585052693,9.553231629561282,9.097509933968652,8.139571745919486,8.350808733827398,-0.0,11.59706526120167,7.79257414670999,5.7415576008474165,8.360438139924886,7.482913318261148,7.472971394885226,5.952789050763231,7.694798037202552,13.032119251121445,9.189305124167591,10.28138639469596,9.718950627767663,11.816688821824405,8.004992449084542,9.715943103192041,10.933218878321277,11.104377253062136,6.267219850929295,7.240274134032664,14.877945195949945,14.814967988835209,7.16569628805248,10.612926253348908,10.396821203308413,10.653822989741615,9.655313622527098,9.564209251016443,6.984806904720441,7.660244651011213,6.2561767655683544,6.972006650298601,9.232043151852404,9.314680011600176,11.433340084250323,8.38608237109482,11.342995152449557,7.7404130817681835,16.10766256795351,9.045053531086008,17.491916825152867,9.348651516521414,11.03059437514785,8.65953294753076,12.982624528248628,11.690700459054113,10.220022844677729,7.3047994715797335,10.073826647610812,13.154328345427036,13.125515973984626,8.393232528359302,11.548639777632456,18.67771076687443,11.145471709965861,11.946863689893702,13.213427798054694,9.45398884827144,11.850963928692183,10.428537178245769,9.796250215757661,16.666667508087738,9.838980244063366,10.256479786454982,9.836856406102934,9.660861537322102,7.235829589791872,9.829657739953783,13.708101264440533,5.576116175382425,12.524000116553891,14.141471585695308,9.708867067714552,11.238936899188714
11,14.557651539969987,14.143548261061145,12.700737882545939,8.906060504270043,10.56039921426961,9.818630984950508,12.513125690213784,14.02452788798474,6.711717131398858,7.439637418712025,11.59706526120167,-0.0,8.903034171452331,7.0888153953196325,8.018824303405262,8.37937215945815,9.457648978016717,11.664946433528883,6.519072273566805,9.91476536584298,7.1300543679596515,12.380743831896126,10.238742617340284,11.009878631106771,9.432058013384342,10.43728018392599,8.764372029667122,7.607969586345101,7.777998250914256,8.189571649933356,10.97260297934785,7.315489807500617,8.314970653972136,10.731938319848037,11.068755802568981,11.231294081682101,11.324475506662132,11.96049528273802,7.279423807687824,8.345342470884916,7.800147764050657,10.849789635266118,8.849150953284308,9.33431387168146,12.381667600526548,8.62873982739754,19.032015447312993,10.547977888179238,15.175246556390874,7.510611926742414,16.85218369335236,9.519911821961198,8.709558147969926,11.471454756485645,10.965425258827263,10.953721053862942,11.094156931009968,12.842865113801484,7.134016999073425,11.2866097437942,9.453399518353477,7.610473847035678,11.160088517753113,25.063024671354757,9.673920530557744,8.657654078344814,12.792089955349747,10.4576973514361,13.914458483975416,10.328230732405697,10.027504794686495,19.75331887893253,16.662450813576104,10.140527109605747,11.015937627717893,9.448741998844044,11.830259635512162,11.104510685687554,11.444609293355118,9.77716013219806,12.941095337233289,12.926846304714172,11.000161710953508,14.81036094197645
12,12.90207758530357,9.292703224913462,7.831178660331227,7.30009293427334,5.408208328090007,7.248501301713461,6.549214716553661,6.547024393732348,8.425173196537266,7.281470441584456,7.79257414670999,8.903034171452331,-0.0,6.144072225099229,5.675720599910149,7.093309666680932,8.056305056051606,7.377751941591358,7.223169085921875,9.605533904923423,7.661643236553824,8.179933418486254,6.664738937844423,6.798520498294062,8.873758986425052,6.553240116918224,8.728065942788929,7.311126467338044,6.373078008814503,7.721065836180749,14.151656884334392,7.3806321068142715,5.236317697050119,9.815337917222484,8.056701860513083,9.168368924597884,8.247781984209542,8.879484070972039,5.940819459257204,7.623394832105039,7.235193234876167,8.537803648656622,6.067031366199429,6.8810122539471195,12.113326727628136,9.61110462230641,9.332927401862719,6.091189957097622,10.830049368556425,9.475197684667002,14.345986371995082,5.939919097977177,6.861466267234281,6.559552340876998,10.20825935996375,8.470106258590741,8.42953218573256,4.948895352839241,10.030897233428885,13.791124822873511,11.053289246743585,10.015325045241685,9.075943597093849,14.430004075714942,10.08789338369537,12.423422637067123,11.228273092224086,9.974396274744167,11.723840295510943,8.148613565214983,10.495765286629839,14.920957136984805,8.842465202716586,9.344363718889214,10.260584684602028,7.869509195775404,6.739774812281075,8.314752495115108,11.619278065148263,7.413768496375488,10.397689187303369,11.10541742417314,8.883999341924486,8.427024850166827
13,12.0363760516881,10.310250673517949,8.553235351182053,4.673456066426946,6.594402745644176,5.824238168877394,6.826156453109315,7.993780664391315,7.325895380394704,5.186774684319626,5.7415576008474165,7.0888153953196325,6.144072225099229,-0.0,4.176832218912486,4.433196475812306,6.1058675102768305,7.745196500447111,5.877571719182734,8.786237520000384,7.446160577198559,8.84919512789505,7.152928527689097,6.782329586878267,7.13368362567888,6.183447411644836,6.714620786379883,5.822853151505502,7.467764269304168,5.665934668491527,11.831082656012601,7.312344717274056,4.927411227621562,5.8413504431643934,6.283333020377692,7.552128154014617,8.879223579776802,7.099037200372257,5.039603824667782,6.6876412704049235,5.465342997738888,7.450601317885005,8.768614582795793,7.682751764592726,11.371986385870837,8.390911352597604,11.317890514372989,7.008481549434739,11.591683526534952,8.100203145754417,15.649618171497073,6.711156756609821,6.674210738644463,5.904751099806881,7.94724139057696,9.197059649631791,6.338133572392082,6.380943674122078,8.730653488211539,11.028641790242228,9.771932267324889,7.278517643030526,9.101009052555552,13.974306449115627,9.693893685100484,11.294177398146937,10.490689818174518,7.700781852237795,10.268074064544532,5.98028444937522,8.327986198183403,13.36432542943513,9.711412344704112,6.882624111899289,8.085994757596913,6.780912960862715,5.002871307099346,7.214528186727036,9.405126884246691,5.936074996619539,9.70071403319143,12.934457609791151,7.306820051878063,9.902817010375534
14,14.389382573225623,11.414152261955604,9.909728802512126,5.517562559263422,6.24856459649207,6.2635589494749855,5.836325300501921,8.289646528745218,7.366393381136947,6.4481554578256235,8.360438139924886,8.018824303405262,5.675720599910149,4.176832218912486,-0.0,4.821858837384801,7.070085462474225,8.301365874260641,6.10826969249989,11.640512951399474,10.610108771965189,10.118766048583264,7.527596958918461,4.958256508090829,8.495868180491495,8.56423552002427,5.792000489271398,5.234656398375761,6.874128486132449,7.370806068836541,13.449982594826777,6.941170290861646,5.326945822252065,8.571443259006502,5.460369254049033,7.4277358478204984,10.144820389833647,8.476824140465398,4.996073583487718,7.5315567675688495,6.759748471607688,8.963451647234166,7.787269116664449,8.585584607840918,13.493556911901129,8.378070068574528,10.846357022494612,7.547606986976533,10.885990342829391,8.796453167712802,22.912610454677075,5.921392594841096,7.544541435226574,6.75951426543565,8.804396766401254,11.187671385986285,7.944595868214725,6.649885811681941,10.033350373490402,14.325762644097276,11.523254377055435,8.852154684510186,11.161729141120349,12.895579117339427,10.901786638209597,12.004758397101574,13.40561353392396,9.951264374596743,14.158738226913414,8.63647724103823,10.085934917403103,12.663103594081564,9.882895936918143,10.089505239693668,9.819834674059939,10.987106595115959,7.8894207718761855,9.850788258462595,11.73154588698501,7.284130498763777,10.745784168893836,15.199051837923427,8.349286281136722,10.469023548208897
15,12.821678418160031,12.360800522919755,10.255301366409194,3.8737302463794223,7.182018124562505,4.640579862568043,5.19421968983577,7.723425946590883,6.717979677529356,4.996054759205011,7.482913318261148,8.37937215945815,7.093309666680932,4.433196475812306,4.821858837384801,-0.0,6.433532469310657,7.199757361801627,7.274165119819386,9.267019706172691,8.044366081141801,9.805636157622837,6.487509234470092,6.988809387816023,6.191063328839077,9.212195784692536,3.993971334015844,6.177124836994019,7.902341932259528,5.545471722519639,11.52866567001672,8.678377186632337,4.36184698725616,6.999767574109066,4.489222319905038,8.45589081838017,7.69866681922755,8.217478332051408,5.34895937843227,5.5481944936535905,6.123419668976764,7.880579370572894,9.775329170059823,7.9660857136596155,13.417112574835933,7.610878412101408,8.990339192801503,9.167127253625763,11.664626932661577,8.942821741454202,14.41536081350167,6.513927559400238,8.381977648222783,6.597085569615217,9.066367689676499,10.695827552788094,7.6201049534440095,7.098480581200429,9.099848858334763,13.121122935306959,8.800448773113004,7.226855444834679,10.951986237871393,12.752691745983142,10.016873267530945,11.095536474690961,11.628389574452896,10.032069404265531,10.584712649124686,6.622004773872309,9.668915790513056,11.362010119367575,10.116409142817957,7.957946823518988,8.494318132969166,8.466042423684272,5.882366590597888,10.222510305782464,9.456454114996545,7.259907001698347,11.444513021109502,16.00168951200352,6.796885182302887,11.108154954115511
16,12.229156648210562,9.893294172941088,9.037529142441,6.000729961952124,7.652741843335234,5.366525030187221,7.856268199340557,6.2642248577251145,6.629320554081799,6.72103973408984,7.472971394885226,9.457648978016717,8.056305056051606,6.1058675102768305,7.070085462474225,6.433532469310657,-0.0,5.5622194107426735,7.709194506975763,10.43487858673777,7.588723577697208,10.536939208991901,10.004445049708428,8.319763144480849,5.771701597407028,8.127308722013407,7.948051660252613,7.884014838752542,6.094056092284092,7.27163167063388,8.935924731039115,7.865062767213665,6.092187457119312,4.7354022529781625,6.2070456592422225,7.418240110944837,6.7865214233314495,8.147120824623823,7.462713786877588,6.449087362620113,5.431306010298826,4.831597291855414,9.164178300489182,7.429745188463189,9.867780649832557,5.131673055809014,6.719804546011885,6.8642958466471935,18.160892102704626,6.862173383932582,16.291243205231567,9.330658750748743,8.666867669847834,7.858859576505508,8.521747721349689,11.847595643932808,7.3238438547536555,6.809754599490119,9.594924807952484,11.373774206511282,11.038680348891404,8.323688026870016,10.653732905882805,11.495194940874876,10.40901390935667,11.403815937761808,12.555775964197252,9.644979951712756,9.885374816143024,7.840409556612709,8.607562664780781,10.635614748095625,9.215332270588119,8.352280409487465,6.967761491440508,9.36714820615353,5.247356900985977,8.827190159282237,9.64724956598343,5.742438750224608,12.412628617812608,14.547558242998289,7.766191757078595,9.963626473789555
17,12.843190957994455,10.900092432000282,10.371885592077794,7.770434442405068,8.202625600567533,6.1883635744583785,7.4012187248577455,4.650230504348965,9.10911629437559,8.312486740791657,5.952789050763231,11.664946433528883,7.377751941591358,7.745196500447111,8.301365874260641,7.199757361801627,5.5622194107426735,-0.0,8.809434914872831,10.34290347130035,7.9264177782708884,9.836945786665332,10.384848111307377,8.314939744820542,8.514549413550084,10.785271567683122,9.158598205022496,7.813325585269286,6.307832995918125,8.496147688881635,12.034977189142955,9.511375752843264,8.709072639123653,8.621936519488095,7.456782698046345,7.251432229985534,4.993419072152853,7.811038338445591,6.865311481796723,7.762223271016107,5.296062163693984,6.3507670952099184,7.7820658064894985,7.619981103159854,13.082159928771606,6.661459018600831,7.143475782710932,6.912363854257308,13.070132617253169,8.261720846814812,10.87822446685935,7.4520343800425115,10.40511641509804,7.090168736174906,11.540686496936203,12.149769911835712,10.224708180346084,5.984275569449635,12.516079243776895,14.242765254712383,12.449432686116577,9.353482923674424,11.846011405440002,14.55446501951884,12.92959319670561,13.173479664616602,12.491222418508311,11.042341850902082,11.927010109391905,10.408541686501488,9.920049138631795,13.452278141650185,9.986338796795112,7.945702673869469,9.541100223091512,10.520627213740976,7.171221477863758,11.055249830876491,12.716089850191453,6.268526617058635,13.46160798042334,16.2532059381582,9.919200908874588,9.886796399235509
18,10.416132202535154,9.067937206614541,8.453515722021598,7.099522095504578,8.623100846627057,8.131588853785827,8.162116421709282,10.635586656016104,4.609189820168071,7.003078160741452,7.694798037202552,6.519072273566805,7.223169085921875,5.877571719182734,6.10826969249989,7.274165119819386,7.709194506975763,8.809434914872831,-0.0,6.322195848791188,6.764481923962167,11.466317062046043,7.936899980171356,8.143289818486492,7.460905440392037,8.389930024416609,8.66468884617416,6.256817828277221,4.813635426268519,4.66312235984883,10.72752631436266,5.474988316933914,6.140299414017147,7.257117107189272,7.552146177597638,9.404157737085109,9.259452517226679,8.422045913221005,6.383984900198114,5.56074530185139,6.625523983116271,10.573907999711707,6.644125755533313,7.470345859329643,11.37492084813604,6.875494553990051,10.871032974299697,7.714016146550693,14.99301921399932,7.072286085682784,12.600744854882045,8.285365157908673,7.496580159494461,7.64546522417091,6.703962729100738,9.492003997421138,5.547583127373419,7.241188936129296,5.936313380106997,8.52810045323876,8.059739820401488,6.540033031471533,7.69284240092049,13.295873322473486,7.698996953490714,7.916002227528491,9.307117378941955,7.740395595733982,11.745875010445662,8.191623084471493,7.842472205684308,13.290972372219487,9.56550949538085,7.008151229514784,7.992963476341466,7.52156025114003,8.132150616584582,7.745204667964096,9.174056694856583,5.514104405524996,9.316159140734559,8.79107177336858,8.134006774254626,9.679967020457196
19,8.143252325131014,9.89445918296667,7.524822030351108,9.31079349482108,9.992915813521037,10.1623115434422,10.111041080929866,11.993868098478346,7.338004246605676,8.767863552406466,13.032119251121445,9.91476536584298,9.605533904923423,8.786237520000384,11.640512951399474,9.267019706172691,10.43487858673777,10.34290347130035,6.322195848791188,-0.0,7.583948468036307,8.628476112026373,11.508539816993729,11.039236314136991,8.50687069464045,9.170639873452151,11.265614434037046,9.217829181505227,8.29195198610905,7.316926820884472,9.47576651313682,6.160350745192229,9.789846824517932,8.1403619132011,9.282392711020243,10.28572490497193,9.262317230038018,10.654165696367846,9.466312299206061,7.614221703355824,8.78417830149279,12.402234186211068,10.068114731855239,7.6221036259072035,10.624840036980919,8.905423270561796,10.616240324571855,10.552760408231913,11.136405357765932,9.114775417060912,8.199052766825881,10.250245956829625,8.923808489995968,7.216747138715803,6.642545191092158,9.923648528880628,6.246027601683982,8.005403881601431,8.118317498654655,8.679415114307236,9.606658023290791,7.520906783645971,7.684123007294397,11.111587642875254,8.342064212282416,8.886889863124704,7.220367419455216,7.085274024420454,7.561013975745648,5.783835302182706,6.845317314383968,12.183058140312411,9.62630910369684,5.858807709264545,7.195197896610194,5.28938876579475,7.550615050255597,7.897777148921308,7.480314876057416,8.454959521516747,7.912505703478246,11.628424694095608,8.856504711307345,7.681077443192922
20,10.569885738234449,10.408832234846052,8.698990716857315,9.62654590807816,7.6466312718500955,7.159731467719684,9.068296944283512,9.061047642925205,6.953431859707126,6.895212370809957,9.189305124167591,7.1300543679596515,7.661643236553824,7.446160577198559,10.610108771965189,8.044366081141801,7.588723577697208,7.9264177782708884,6.764481923962167,7.583948468036307,-0.0,9.157825641490565,10.836926907907923,10.542545782563963,9.074346147344182,6.459851636891485,10.55619158742952,6.2357471627537375,6.701900927694332,8.273410893843122,8.938071863933386,6.353538378127579,9.91537736355967,9.047410418423935,9.598249824643284,9.813554616074887,6.856018974496275,8.79070712897532,6.586685922013402,8.041567502775463,6.02475462972823,10.21871291477626,6.966194286436126,8.009078550608258,14.863788132831186,5.590128679929154,9.400717684329225,8.656406081348903,10.319620299956323,6.7925734515866685,10.787646720889665,6.51495653321694,7.307283386841419,5.922809985749196,8.471962993480782,7.313069526754805,7.91067257900941,6.601686468271629,6.490530309507856,11.168768034893985,7.692805002736939,7.272224454469279,7.898423239176777,14.21704199858861,10.482446740569772,9.13083724122524,9.567099376751752,7.818992492994772,9.023345348974352,7.550539114959638,7.806228030497977,9.979691058573366,7.880520179649124,5.989505283458434,7.956150267241834,6.946690608899522,7.953494259549523,7.5616463948975925,8.622015030740368,6.664544559478869,10.483593268829656,11.375177887126734,6.301900567582506,8.392483938499442
21,10.774872100941911,8.368848604365967,7.3196828695103155,11.604741442819627,8.735616989034103,10.330699206685692,12.136313102692556,10.706917006378166,14.939081767532436,10.202829893058126,10.28138639469596,12.380743831896126,8.179933418486254,8.84919512789505,10.118766048583264,9.805636157622837,10.536939208991901,9.836945786665332,11.466317062046043,8.628476112026373,9.157825641490565,-0.0,9.818848126246609,14.652730581869411,9.48767618698885,12.056759710126983,13.500469813652765,10.346350909440705,9.51162933233009,10.887204643088523,11.857691926032597,11.395418213721474,9.25952534695865,15.446396507621532,9.751821690988342,9.282031786379953,11.16715271192786,13.688650618992854,11.44161908979946,7.6372181509581845,11.105977263642162,12.284171180268865,9.908197254386117,7.543781978362562,9.799936405068964,9.501722210384836,12.988272968625967,9.422229458313616,9.681135376141421,10.447873064110759,11.487073352490949,7.632238712765253,8.430076035854027,8.474881276145661,8.91527381653286,8.474208188728703,9.258601645401544,8.131562921217764,12.221120407625142,16.952049548792225,12.270475654923871,12.732037917663096,10.531877159000855,11.925003695446101,9.27283334437745,10.409356188852302,8.677726183989256,8.498713098577706,10.20251233316742,8.16234139931795,8.335892902402955,12.24231006883597,8.29220171506216,7.183257530545738,14.252346234550458,8.999318514217228,9.530091833800439,9.468192426582167,8.085441898257326,8.11154153226828,9.2312833365041,14.016941767013584,7.906003278425689,6.24877414337301
22,14.643711350878169,12.30460389943353,9.833416040763915,7.936484502369808,7.806578049956509,8.209089638940126,8.26834133872365,7.404524253618344,9.348095187237943,8.35111965082261,9.718950627767663,10.238742617340284,6.664738937844423,7.152928527689097,7.527596958918461,6.487509234470092,10.004445049708428,10.384848111307377,7.936899980171356,11.508539816993729,10.836926907907923,9.818848126246609,-0.0,8.386532269874513,8.30673084184857,9.293272789593097,11.543656037983075,8.765006015103825,8.393627993960589,10.452186589405871,13.77876210627001,8.288194657452355,5.870852471441942,8.475794223896608,5.103628727864148,7.273174725778377,10.397083817707399,11.200489792860182,7.184908511959923,7.952310377475644,8.615575003884018,13.755618176972837,9.37164254888597,7.407962831879872,11.803799304819725,12.032236405732792,10.224088573177701,10.78937701462773,12.836484841017617,8.7687270674223,23.4274475078912,7.724629303923371,10.088827925440482,9.623085571738526,10.685790372707622,8.549529867337203,8.93408031360794,7.330393360132152,11.327092699549185,13.991542428375714,9.918092531635912,11.14244591584724,11.855790457462708,14.229487436190398,12.300292005128087,11.467393745949732,13.974232381834776,11.050728151657209,12.834256306583063,9.549265954352995,10.109846788725058,18.203301211119598,9.416405444979958,10.271891398131169,11.173520068169813,10.406588504865125,7.523094417407132,8.434349494445794,11.338072262253817,6.973902525545464,13.397088694803568,17.457535480673226,11.483378632270739,10.24981462739184
23,14.568661633378406,12.444002481326418,10.055480823554337,7.925148302041937,8.33830698626325,7.694645392205637,7.151506910486555,8.028247792026962,7.78625724121617,9.511245001663305,11.816688821824405,11.009878631106771,6.798520498294062,6.782329586878267,4.958256508090829,6.988809387816023,8.319763144480849,8.314939744820542,8.143289818486492,11.039236314136991,10.542545782563963,14.652730581869411,8.386532269874513,-0.0,9.36043516829548,8.766715050264077,8.17200500818512,5.922652638664331,7.473382372625767,9.101509866152847,13.791472816271247,6.951265819355716,7.110718482243526,7.536069068978403,7.097589169162332,10.752966989316866,9.366291912138005,9.69596736926063,6.778468895635843,8.96373481641889,8.110431573475092,10.62541210817001,9.471950763222877,11.47599622865365,15.01573433656985,9.994232016924553,11.149687973237999,9.591722554246696,17.227316789985885,9.369381881595977,15.421210459642923,8.187701337412559,8.794147858136489,7.841926419455632,12.08165166474654,13.14283145523778,9.669054291278696,7.546023400505848,11.457387831221988,16.066689943642896,10.826629776115142,10.071313167583416,11.060789959674041,15.081714353891384,12.626736572641796,14.52783786108356,14.1368776526187,12.133444011951745,13.0090060011606,8.999635161184056,11.239816041630043,14.623163126828397,11.185800457912979,11.157167736044583,11.172934754703686,10.787400347923324,9.045802164157745,10.459445506109473,14.310825045309745,9.528563418466153,13.092956541672862,16.6832498036682,10.4351196452151,12.169765063816556
24,8.618602148216802,8.759979479087086,6.780265192566685,6.861522624338695,9.58415053095308,9.727557144888946,9.754668858372728,9.765459472899005,6.042076797868221,6.0972655476082505,8.004992449084542,9.432058013384342,8.873758986425052,7.13368362567888,8.495868180491495,6.191063328839077,5.771701597407028,8.514549413550084,7.460905440392037,8.50687069464045,9.074346147344182,9.48767618698885,8.30673084184857,9.36043516829548,-0.0,8.831510035353134,7.825366120623926,8.121567305486623,7.309732220236744,6.972706431262977,7.619485220615433,7.2534125529280065,5.09755061603694,6.172085810795918,6.544724590138913,10.482297468904532,9.004634471430665,13.571293758604599,5.6927461639030925,5.545329658250457,7.112244404250211,7.421681580357107,11.044314589615906,7.496572626250759,9.309338025709131,7.34790459095113,7.416493552782578,8.017159248763058,12.799694316491195,5.749178239940788,17.03323333365423,7.1934528121822865,7.52684153091281,7.874102824830261,6.73909187917831,9.713074031958318,6.338630409399633,7.308258813997073,7.633453510063131,11.823080034494652,10.110408329186546,5.0644838334407245,8.92695421916221,10.514731740314042,8.223085916657821,9.397512785002318,9.484843745296912,7.833996127984639,8.372410381250514,6.185502067195198,6.577874658418551,9.789778647095194,7.850237215357982,8.208660361959943,7.286853527247832,7.607322653518457,4.7462709457569305,8.369753327340272,9.12040182632947,6.404022722838533,10.436844093469821,12.700157062428767,5.629384501196015,8.207905224064138
25,13.020704680648926,10.130395325968141,7.792913246319665,8.971149889835807,7.755101346457437,7.944717216790693,8.784511566000903,10.005966396934955,7.729269949509039,8.50246483459486,9.715943103192041,10.43728018392599,6.553240116918224,6.183447411644836,8.56423552002427,9.212195784692536,8.127308722013407,10.785271567683122,8.389930024416609,9.170639873452151,6.459851636891485,12.056759710126983,9.293272789593097,8.766715050264077,8.831510035353134,-0.0,11.144434808685707,8.982606590829215,7.832930581293715,7.978501579256976,10.306519582820748,6.8890377756065755,6.617779764481401,7.49269139623049,10.450062793147485,10.933385999352131,9.043074852357163,9.322323497435654,8.06677894256531,8.182466263605189,7.287962448620813,10.015656509951485,10.137527548679671,8.339797601683063,13.385478204735168,7.431171913901387,10.547697102409424,8.29091789774419,12.46367784181819,6.745491968433025,13.768967642037236,8.952197404027487,6.507650199395057,5.178069794078042,9.891782733216697,6.620208726221618,5.893273959922551,7.7844327473257735,6.270791629726292,12.346319663196134,9.135564345343687,9.01944482329477,6.130995419879966,14.864149237588377,9.05854498508563,12.966655156514475,8.375123008295702,9.381000132515672,8.672292045358558,5.4988292207855896,7.65417321685772,13.184924475442246,8.725527681266282,8.532187173154353,10.746754167100903,6.200718739167019,6.499939288602032,4.953697860932953,11.70630957814196,6.292884518765632,8.547817648470996,9.585832785612151,8.538621581382673,8.998235861620968
