,0,1,2,3,4,5,6,7,8,9,10,11,12,13,14,15,16,17,18,19,20,21,22,23,24,25,26,27,28,29,30,31,32,33,34,35,36,37,38,39,40,41,42,43,44,45,46,47,48,49,50,51,52,53,54,55,56,57,58,59,60,61,62,63,64,65,66,67,68,69,70,71,72,73,74,75,76,77,78,79,80,81,82,83,84
0,-0.0,3.915217012341488,5.761315848942522,6.170979840717963,5.6940469656179475,7.185903187366601,6.716193916841666,6.013132796415782,6.469812326125279,7.116831824121414,4.851636264873114,6.0563322129067725,6.139562218201417,6.059863522734261,4.492417075092597,6.14931874607399,6.384230725777056,7.64226024296729,7.721157583264284,8.487961144513097,41.29011030414636,5.286405248690563,7.050252396676861,4.512222990790578,5.398049624299473,7.04361256021048,5.711159379565425,5.443986674854641,9.69231194594828,9.795813976303819,9.753848583746842,9.058131110338307,5.068939643917879,7.810201096092566,6.343827245428141,21.69986974177293,6.743978027771579,2.718035331685078,5.278071055856682,7.488371372544259,8.78781583442087,7.162895583977499,8.6597480862221,8.443768569478237,7.204407507329442,11.110657487613784,11.934498556874335,6.839851154960071,5.5208949550857,5.755584325778205,7.298288725731403,9.063207250366686,4.965473111638536,8.554187279605097,9.571183877681431,12.356845911943916,11.960329292761148,7.327810805612255,7.954290562719924,6.702383127814227,6.924419885054143,9.559563821222868,9.787785730359525,15.963403717969411,14.444982982638116,10.131824340459845,6.6554710619945725,5.42353892781116,6.399098022695886,4.522348513895129,7.690298614550931,8.933555639981336,5.753635652346692,8.415816580607874,9.287392351498543,11.44580709222955,7.449868487737647,7.802664726668888,8.584256967645732,7.525246355599814,4.95344849135779,4.896661881367881,5.319809236520024,6.718868797341652,6.774659116779821
1,3.915217012341488,-0.0,4.925843307443486,6.894735021338362,7.196118718939576,7.518081779007673,7.4540830387630965,11.815838919829782,8.07250460684619,6.46693685041013,6.279072685511718,7.022244751980969,8.287626697713167,8.335420633974639,6.469928058350567,8.91141634123409,8.568186879331485,8.026786921044353,8.388764400291079,7.219247120970075,22.55472785736312,6.507062649856023,7.068275015963371,6.537848194610029,6.444676613033082,6.596665922196415,6.836581409248931,5.4724712187773035,9.892300783658312,10.358896920010412,10.588273327878499,11.08123471470897,4.436556569902307,10.941537712337903,8.677610520005501,22.89115553471289,7.9814016386228275,5.3911300019607005,4.551207889714516,7.3669357195866105,11.486650241930503,8.914478015153357,12.490884151991656,8.58218825229776,11.400953616401022,10.265046107495097,12.844588273576184,8.496336894478917,8.442389378596372,10.075643392413394,9.785184799756747,10.942275483931764,8.705575201279803,10.308930096686671,10.111220686791514,12.225349530031416,9.233406457448227,5.785571273606974,11.996425739938084,8.854150180028181,8.991377261448566,12.499561446915498,10.595370989870704,12.857870709133767,12.025271862465301,10.853794126255435,8.952078334479818,7.881786359775509,6.839433401649043,8.049481675805138,10.589984242615879,8.929869753445521,10.649328012406226,8.562352290209022,11.888732912688612,9.043540922536758,7.791691187588827,7.342810062216663,9.489986092338995,9.360423176379928,8.137517673924876,8.001454517444955,8.186980466175928,8.261117346428062,8.497213638016191
2,5.761315848942522,4.925843307443486,-0.0,4.466239701753735,5.168488852996665,5.754286403872853,4.134960402779247,8.954839533116536,5.528777431241137,4.4300485080643,5.837543643768105,4.222798611611337,5.400297124061172,5.834180887960882,6.2945451348259285,5.244572973540665,4.974978105477338,4.319335856715606,6.799468335173999,7.4163242910466325,23.742132132241625,6.318696931135077,5.811059261220731,5.889059744872965,4.280301693728869,4.292109174741377,5.103139592363854,3.100208163404783,6.656072780101712,6.599859800386922,7.225373345699078,9.789628671206508,6.256862018779208,11.438380675128254,7.817747326037149,27.537814517736482,5.18100213863431,6.953694423772808,4.44335482017998,4.3193074658094375,8.339272206061443,5.812482446396703,9.18315411433395,5.787146589584455,7.871472633701944,8.275087538762852,6.8215045060482264,5.30586780908369,4.641724609297924,9.793001683117323,7.308724968023084,8.454742157477677,5.692711350275585,9.792303596211386,7.129555597762021,7.4693957364180115,8.129458346544011,6.074546246602285,11.50191585910277,5.387255783146138,7.249601917558746,12.03111760218152,8.116440575193067,9.643824898832017,9.439245860947311,7.178245344872775,7.410997053382189,7.91486620917837,6.2878034227019866,8.780974288768041,8.142956959844216,8.426805617779547,6.4769881436247605,6.977380435138393,11.306099542904903,6.82587409769691,6.994596496267042,6.144246726529863,6.727473335737711,6.693870678960351,4.425203829354555,6.034882554246975,5.804616660307524,7.617294129816256,5.240061081618692
3,6.170979840717963,6.894735021338362,4.466239701753735,-0.0,3.926590605971982,4.459176478984344,2.7774288372601306,4.046419200716008,3.322204730793244,3.2057807261666738,4.0105249715642195,3.9043222658528265,3.2985426659416808,4.474292059981453,5.848066891200895,3.630784469273998,3.050092631928881,3.0529877352665777,4.671175355222955,5.417566205957741,23.86502840104562,4.257596492783562,8.257634955507756,3.8019601639059757,3.033548550089277,3.180558285139878,5.593943354682746,4.412401042333788,3.7009248113457334,5.560693596919099,4.854467087364874,5.61284470315186,4.48784809765507,7.697228664325197,7.9925577149006815,22.97356395332316,6.340352511780536,5.616009409439985,4.639430051794224,2.491083749596035,5.228310832930604,3.3234467909820706,5.753650837304685,3.853011139928965,5.550277995728521,6.054300003727235,4.991713947572348,3.708273687850629,3.3883166298286125,8.48098856090801,7.6458918803794855,7.345465437227138,3.238301374266301,7.667618430530828,4.897340988239457,5.323018310805552,4.796885673344621,4.632577699271225,9.019687867055602,3.9800852442452648,5.300662749680922,10.152824798169739,5.655017715667685,7.183518708814693,6.3215907000781515,4.341282147802356,6.250365857646928,6.717958398500217,4.982938259692966,7.125947542190413,6.822028678942954,6.28046391346024,5.9090518696203755,4.973778305670369,8.39879279183518,4.850118745848209,4.9385517799108,3.573844812923161,4.635962558371749,4.654396775905414,4.177567704668723,6.246048399136204,4.574500683015524,5.876693362676678,3.8707571754294525
4,5.6940469656179475,7.196118718939576,5.168488852996665,3.926590605971982,-0.0,2.6406708451390464,3.678068360775896,3.319025956793535,2.2619652844820246,3.2985163181878407,2.249337148409548,4.117327714890701,3.1437235686287504,2.6377197217818686,2.9213434730892387,2.2891674706362672,1.4106977487935302,1.5735297441996892,3.0349946044257345,3.858238380281094,35.225988806790525,2.133444607315523,3.825592739481861,2.319149456075698,3.4427207761844283,3.328603728320967,3.6592274809616554,3.629551675015718,4.026710841994876,4.570800668738228,4.61419966241954,5.685979068586104,4.393959360441818,9.414159708345752,5.58147061663668,16.829392083099968,6.0297853234909935,4.8373197743827046,5.429895356123636,2.427271860365784,4.239406024267784,3.68766161835298,5.4496818698743805,2.647661738555825,3.9664787304909273,6.076893951482916,5.9027820629234435,4.460506295711076,2.4580213277557688,4.624758298344516,3.8368595402787258,3.6757470050136107,1.675382476753257,3.9281594316384454,5.151079659226114,5.90405735072859,5.180525559919787,2.641012806415075,4.7618733918001315,5.269436217928675,3.5206757913463576,8.306502470892731,4.038129922347908,7.670568546400372,8.667150857104021,4.4072761786312515,2.0306464171121412,2.761252259374449,2.07920971532847,3.90251067555173,4.264370550969537,3.2645222118243855,3.541458765709671,3.441481155092694,5.141435574484442,4.722196894932164,2.4686510248376816,2.710167013215737,4.09496391703338,2.4156205580774546,1.907178336593466,4.1210816500028,2.177841709360105,2.420909664124597,2.423177922103546
5,7.185903187366601,7.518081779007673,5.754286403872853,4.459176478984344,2.6406708451390464,-0.0,3.551424733647293,7.83364654899855,1.785235590709579,2.8832953289163905,2.564008501443993,3.643309487435656,2.4965828994436237,2.480646568376879,3.785683304324112,2.096285372626039,3.1948239677670545,2.5273776901112366,2.3267933272500416,3.0897039529728776,18.8825594083908,1.9277367988703464,5.029292456507587,2.5222557511115435,3.683427636327617,2.402460658375118,3.2646176589222433,2.818221835830215,4.997542576185247,3.8617599968999565,4.358544127115219,6.2614914936224375,4.8581531633303685,9.168774562274,6.880112630948469,16.117410892770653,9.234291737066723,5.566615389651488,6.369556986177965,2.3441298985552415,4.071287834586008,3.819078497464909,4.383081746716181,2.31348368875584,4.414326189238214,4.215788056109096,5.604355043486801,3.4913719889954504,3.1431270523813577,5.209185979956835,4.597259118056335,4.956641353933568,2.8350388699335913,4.2197494786158005,4.309181687508501,4.530394413060309,4.4041123331328125,2.9258635759198914,4.344574030423175,4.832553046132978,3.0116693412373285,4.341921332545894,3.5143542970976687,7.504664358915855,5.824281593732403,3.7670487256230443,3.0059509925755763,4.222828015497272,2.190961563970658,4.2672819782109555,4.477373263223835,2.304717718221975,4.174345546336737,3.3564823382770537,4.533875052935418,2.684896728850664,2.6950302638363763,2.2768221869159917,2.3082591277817746,2.009163636541832,2.6655592251655333,4.2010317612030805,2.693578707593612,2.481804864838604,2.3361825622936108
6,6.716193916841666,7.4540830387630965,4.134960402779247,2.7774288372601306,3.678068360775896,3.551424733647293,-0.0,11.083268881541578,2.9881769819210247,1.9209932120049749,2.606770003291324,2.0999679371619213,2.251235874423628,1.7810596614282879,4.226725270038411,3.7368113966071794,3.1738200337577673,3.5844808522046847,3.223853978628277,2.7925789382955353,20.619103519606007,2.1029492967608854,4.29972497878553,2.627944825958646,2.675611617439642,2.49391581095391,3.639199131356196,2.8792788273791707,4.942933208452964,4.184552890404304,4.30542760201511,5.220958518601025,4.324850086880124,6.148128051780486,7.704755929761705,23.404957175237946,8.961092526503077,4.756447021555874,5.475062525727605,2.64778739417851,2.990582112573324,2.8156980576558412,3.2413858464356706,2.6189636134062573,3.192866917705326,3.344413651549233,4.207434561490302,2.297539820851396,1.7325169252422847,5.298605600660309,6.811064152905019,4.4298047895870925,3.5492337574386643,4.256072150009559,2.2940920062699104,4.172632884737837,3.4217005498113786,2.6735841371343017,5.103077038015618,5.041703942585979,2.540493759676575,7.763960996284094,2.613502820210402,6.959817235628658,5.970154610024544,3.1861192776809433,4.075728387804224,5.700930212882761,2.904989688693501,4.986020741470828,4.266230037279575,3.132723569285475,4.381937804330858,2.8041790465149834,4.716489573832495,2.7100874579490952,2.2673338792242155,2.0478302665488686,2.6511639404402296,2.422195151716449,2.8347297755455294,3.653903585323768,3.219012269502143,3.0590592949719757,2.9588195147640035
7,6.013132796415782,11.815838919829782,8.954839533116536,4.046419200716008,3.319025956793535,7.83364654899855,11.083268881541578,-0.0,7.2542750344937215,12.433137575048775,5.871687240606312,12.7813622029575,9.341945602373277,8.965342629849248,4.387699591761389,6.508746273061116,3.5572598809742977,3.673708416744926,8.495492192031115,13.13178024461138,29.898188295893522,8.532885695643234,12.579325805505583,7.574004479004774,11.829265384661847,11.686577415908001,8.089693060717808,9.350760157719698,5.046760026014245,6.051692373316955,7.748872192892975,9.815695703066272,6.8872467244268245,9.173157274987911,7.235958068107413,21.64446142819982,6.2001177573363275,8.413205605203126,9.31368815510876,4.310839040000547,8.994060334469879,5.8172599732143775,8.716185364562888,7.5044325437514345,7.736479056466154,11.00767131668432,9.58820978449177,9.540129921170138,6.823689087519913,9.456623940044318,7.517090809784708,5.722112092633582,3.3641936948829336,9.287568580525873,12.75714728853439,10.939766478422658,9.508514527269403,6.301983287348749,9.378488181829388,7.424230096205019,9.325660917106497,16.288292966845205,11.914407865454262,12.445507974144524,13.336091400639948,9.271691164622965,6.691641700171912,5.623479105661164,8.141112566027699,10.268729461318049,9.242044098765252,9.52152132227655,7.008982572596994,10.876126469361447,12.845232725474926,12.156282139361348,7.67002689016561,8.255291434279137,7.363748813675408,7.231087683554935,3.5877104755855607,8.969900593489925,5.736678256371603,4.996060827185543,6.8799349597163095
8,6.469812326125279,8.07250460684619,5.528777431241137,3.322204730793244,2.2619652844820246,1.785235590709579,2.9881769819210247,7.2542750344937215,-0.0,2.35339754178883,2.7526586735493965,3.4816374090068205,2.5226634131179537,2.2313378448434373,3.8703792908534123,2.0367421226405074,2.3917168557532262,2.146153913716755,1.4089743085701472,2.0855586240817803,26.17461335698342,1.5609063408026838,5.094216327958325,1.6000569439752106,2.6737611988021617,2.4457858420568424,3.4149187655162363,3.7730821974565236,4.418197810860894,3.6053904905229213,3.6431028667157603,4.308615557466541,5.881478733743467,6.055836137930542,5.17864569487364,23.090794473296306,8.533086718177818,5.2201844952576915,6.974266857566074,2.4161734195291436,3.1974877579894194,4.5622711712365875,3.6499704368171275,2.8063021901251712,3.0672336535252254,4.254886865458871,4.745865639996288,3.2679659996531685,3.1307193495736887,4.268734713644161,3.6609329934239105,3.8539504149379353,2.3895689230006405,3.4334737964414477,3.7581459094683356,4.578792209664472,4.042847993140764,3.0433268725320124,3.740374881310328,4.451337182064635,3.042177348884971,3.20281287775015,2.94183373195455,7.208659130287294,7.577078203597259,3.7085444783601798,2.6044883263202103,2.253193993431437,1.7125013277152288,3.337388322283742,3.5408775232344825,2.7497123198025584,2.5631626382730506,2.6568208563243836,4.3703170543762475,3.1907762504986406,2.1312900024274577,1.4418897017488974,2.732537271058389,1.3208418089099216,2.2409997561223856,3.194689508905189,1.7728275191826293,1.5735750033509521,1.9363627099369118
9,7.116831824121414,6.46693685041013,4.4300485080643,3.2057807261666738,3.2985163181878407,2.8832953289163905,1.9209932120049749,12.433137575048775,2.35339754178883,-0.0,2.3223148101907163,2.641790633185282,1.8710703304371386,1.7813917899924183,4.6018347970343125,3.0359064585730904,3.378932442583048,3.787906055373426,2.497155693402869,2.4880105639441275,34.73105957109309,1.6797525679321277,4.5952073021696185,2.6457941199827095,1.831381721407141,1.6192897702225084,3.158676864096911,2.563086537206277,6.0093627450339895,5.296042349406158,4.631647599609925,5.6737895778001946,4.430983282601175,8.68613328478526,7.6623647239176895,24.42092300430552,10.664087403671244,6.40898675685351,5.561169420423388,3.304309771789155,3.7298057958093818,3.1994970621810728,4.300722368477495,3.231007157559877,3.8305342196462546,5.5067756711901525,6.1339767107300425,3.0780330868094996,2.852724107978641,4.942088146358513,5.297767440780056,4.9954317891953925,4.458058159715211,5.05445117375804,3.8532474744902188,6.017165374381538,4.29205511641676,2.4157651950563195,5.455836219779003,4.800770825200475,2.7485640705423284,4.73389007568331,3.647424842406503,7.827773540581602,8.159692101185962,4.226818781791125,3.663974073636991,4.628522920751633,2.315796681168055,4.295742453197299,4.190338992957504,3.313812220155049,4.611455025053918,2.9993932410847015,5.017986883253622,4.2337681146939,2.2894606628776955,2.172437927512478,4.08658486047827,2.580819539634843,3.079208800901932,3.5591789478995755,2.976174713604262,3.3277476217329225,2.3578278051121244
10,4.851636264873114,6.279072685511718,5.837543643768105,4.0105249715642195,2.249337148409548,2.564008501443993,2.606770003291324,5.871687240606312,2.7526586735493965,2.3223148101907163,-0.0,2.227798510656082,2.757638135480255,2.2830341253576045,3.1465960407751803,3.396557630870949,2.5963453773455067,3.072226875055421,3.226179012506662,3.1829757552111464,23.92023500131739,1.3873495321501303,5.597214231922926,1.650778286569631,2.8078762725002067,1.937349886390709,4.413472213719437,3.8033395374443444,5.843072328451571,4.8731144300327065,5.903022218191747,5.689758930318645,3.947969247690273,4.921664540612482,5.932382189403577,19.663334126360013,7.654018772416307,4.066050539700129,5.653186820748996,2.995479327569682,4.24966734223532,3.365223270427865,3.8430740723300243,2.6643963525730894,3.8425600603388452,4.2436117074919375,5.456297163966786,2.7110861185668185,1.862757182234781,2.7045959851170016,5.348868394506279,4.359649273233549,2.7649502809357003,3.758511780832376,3.761762851061102,5.2363596976873055,5.491928184318004,2.693788192894876,3.6422000912879997,4.729996194841947,2.8157797553833497,9.065208531700792,3.650447285079823,8.498613699347494,6.890367722323055,3.9082810589409154,3.0717737087263774,3.1390388527810997,2.334809083270054,2.6726731139059154,3.2314441091109454,2.6855963404129293,3.1784798348972507,3.2107119006912144,3.384216702212505,3.9989131092060584,1.8282485268045308,2.2672493241664298,2.9121007214430623,2.3618306715013206,2.027479284967989,4.418316338791838,2.3478199070674974,2.053101922730928,2.1713808284851988
11,6.0563322129067725,7.022244751980969,4.222798611611337,3.9043222658528265,4.117327714890701,3.643309487435656,2.0999679371619213,12.7813622029575,3.4816374090068205,2.641790633185282,2.227798510656082,-0.0,2.6426957462892195,2.0493212876917264,4.979463354550632,4.052428631488384,4.538075357068768,4.5754017790348644,3.4052265164867515,3.1959820586485224,24.284081931617756,2.077937649323497,4.014976864247675,2.791539497205845,2.922996040866213,2.062515148691498,4.810543685964823,4.033251677098438,5.538518139018273,6.13496967796056,6.187333029841457,5.5571843125529155,4.7865327882595174,5.923047435909982,7.35442821711673,24.094725078318458,10.182394225396036,4.8977324038651835,5.304620352135667,3.6925647871332687,4.039029375023625,3.502005105729924,3.275506138943061,2.8880170722214857,3.707356482214893,3.9560103534098823,5.476653372846393,2.7493283794721166,2.947356684158876,5.135561465288036,5.501694450886889,4.6891747975950056,5.092282660608141,4.120088556044153,3.2459387447883605,5.237505116016908,4.943408312232109,2.270475217046036,5.606309602813824,6.165677738460707,2.6432704311906323,9.014930305021053,3.740412008378474,7.557259082840653,7.180390983180479,3.8299240010889424,3.8355980039705275,5.756397538285953,3.152179054978281,4.755176529932554,4.77138288507896,3.2009484040466964,4.289742290233248,2.120978256364771,4.944761209678077,3.8027182452383763,2.615722187787417,2.6659999282615177,3.1889563832020933,2.837487652703454,3.8317113927219544,4.853243666741947,3.4007423932476666,3.457610944862094,2.6074136780930712
12,6.139562218201417,8.287626697713167,5.400297124061172,3.2985426659416808,3.1437235686287504,2.4965828994436237,2.251235874423628,9.341945602373277,2.5226634131179537,1.8710703304371386,2.757638135480255,2.6426957462892195,-0.0,2.430833885303311,3.660649176119759,1.8796123604243427,3.0862507334494325,2.910163909862316,2.47483428284279,2.3703764809061827,20.404853017687753,2.1133611412288453,5.727210695695452,2.1952231117097747,2.1663863962934173,1.918964514841263,3.969158995921303,3.910145947624959,4.814699201422613,5.158210924209892,3.9577863011001866,4.434929204850532,4.650578128027479,11.717898335384593,6.497255157243817,21.463213145380152,10.567482754333728,4.927046185529026,5.289600788416593,1.8544948203092277,2.448558009585413,3.2766467807631283,3.7936705976516776,2.605047011595283,4.107333948296017,3.956990593849291,4.7998435926528416,2.449043012639052,2.8561688402127507,4.2371223345623905,4.961345390279267,5.482292283850882,3.2710412154501785,4.837284466151331,3.506765878154355,4.957408835157307,4.30389862547937,3.256599261588352,4.2294692457577066,3.86470654727816,3.7548845808913076,4.727618276242403,3.3676003246632993,7.283187132846478,6.031443850467207,3.9052080627630676,2.7864468120550003,4.12953576653047,3.1101595542547447,4.227593207701365,4.862339617138344,2.5994159128406538,3.9159132652714446,2.639368315475786,4.091779503030204,3.5135029116599217,2.0849705553684923,1.9952032798838983,3.031956247792091,2.2770347633619195,2.945223792334378,5.098992807972187,2.400920696945243,2.062753848899743,1.8120112607645666
13,6.059863522734261,8.335420633974639,5.834180887960882,4.474292059981453,2.6377197217818686,2.480646568376879,1.7810596614282879,8.965342629849248,2.2313378448434373,1.7813917899924183,2.2830341253576045,2.0493212876917264,2.430833885303311,-0.0,3.3253980603231166,2.390601155028662,3.016176598543365,3.331999448018913,1.8371629138105188,1.8206341135303883,23.648591555329116,1.5801889302689516,2.5807737054664495,1.8750098468160943,2.497789166061364,2.5443150257914633,4.950457183951633,4.671589618224213,4.939066036041535,4.610459149522143,3.944583825060384,5.446143238920302,4.793789101648785,6.175818767340392,7.437610007431109,18.992066237706155,8.808054121158005,5.551384962605085,5.828955680057796,3.0536218768128363,3.3473360366736973,2.137549344865467,2.979556203763023,1.784738342443206,2.4311241738746254,3.0365124190520607,4.174606793908227,1.9354543280164653,1.9506352552253974,4.276782819729396,4.95091851729968,3.7816640992835286,3.1772200341376284,3.4247425200004553,2.583900951274392,4.540163669588906,3.7400810061820393,1.8264594233906652,3.7193410003484795,4.927697691618069,1.1186213339320026,7.349756935146618,2.1270503659639077,5.722731722390631,5.277683847897038,2.871298792964595,2.7439616074402204,4.6122425553932755,1.4908424054725835,4.315396429667409,3.5291239453477,1.8825280325433538,3.412509982430195,1.6606972952535477,3.6191117120220455,2.5841579395614147,1.9581880725848282,1.7272628226446747,1.8431409932169645,1.309501254872837,2.324104642167216,4.811712920238781,1.9490005881106927,2.0359289290223317,1.845799692939311
14,4.492417075092597,6.469928058350567,6.2945451348259285,5.848066891200895,2.9213434730892387,3.785683304324112,4.226725270038411,4.387699591761389,3.8703792908534123,4.6018347970343125,3.1465960407751803,4.979463354550632,3.660649176119759,3.3253980603231166,-0.0,2.859806726180786,4.262710102528726,4.0318749205630375,4.007951480838506,4.42987516412444,12.495270510187495,3.3964684372706193,3.793267655331384,3.1525800777573427,4.528847811471004,4.643033958488146,3.3642199731267612,4.507927536528361,7.457243557981394,6.743998932649664,7.37304326041956,7.20085093616971,4.3859935685312035,10.57869625739689,4.101906816591576,23.48893517331158,7.984959240089791,3.2186310443428545,5.599010879019435,3.9494381861220615,6.1250811034679336,4.862594985603376,5.861365498921394,5.25470599477923,5.795412168013145,5.595946446830386,8.269002087306285,5.081892387081349,3.570260862733202,3.1039825744341316,3.209246901302698,4.369313322893834,3.0512702947047408,3.6318218839557863,6.597459902287119,9.337665576681623,6.404523489271559,3.603485698892654,4.549319895513505,5.929409240970658,3.9319918219098096,8.255511296478247,6.236892687003836,8.656427646654127,8.142980710313644,7.225269057499079,2.53335744624678,2.8875533694822546,3.0035028902266125,2.6912073511589836,3.442697991620509,4.4046962469100235,2.5541274289365887,4.093394655412675,5.660228332732782,5.294326006830749,3.692156324239997,3.8269919936728516,3.5969796246058365,4.028048359875813,2.0066312925107157,3.901499041647345,2.255323127606536,2.772865918333854,3.197347067813637
15,6.14931874607399,8.91141634123409,5.244572973540665,3.630784469273998,2.2891674706362672,2.096285372626039,3.7368113966071794,6.508746273061116,2.0367421226405074,3.0359064585730904,3.396557630870949,4.052428631488384,1.8796123604243427,2.390601155028662,2.859806726180786,-0.0,2.440184048462237,2.3973633455849854,2.666410071415965,3.7959849567579598,32.837636017606066,2.7117728331106377,3.2439404001322663,2.2014831514014355,2.751755648190813,3.1623303135682828,4.925433081017951,5.005751935512895,5.045790350379127,5.720289591484496,4.5348456584362085,4.694492060511932,5.628708578531061,9.995963086750141,7.216164662071997,17.80750434497188,8.352197946653154,5.889494651477245,6.350290658634982,2.258541923226559,3.849188822865205,3.568048524387422,3.953386628984624,3.08717636529081,4.103089924489667,5.217832024152723,5.753258454682999,3.7309063530286752,3.733000997832275,4.525732850482658,3.273130782054929,4.428892001622142,2.5363645586526617,3.6827006227305654,4.791266022340999,5.900175406512824,4.815068654388638,3.4826590544777405,4.498329428945834,4.044108507682153,2.731546330081679,3.501130653330603,4.181649412824365,7.593162800647633,7.567743207647101,4.560368395467321,1.943357420190766,4.058861803744626,1.8232883611637276,4.581101525974977,4.355655965804607,3.0955818801339974,3.1681166524701423,3.298827884640578,5.111419424378556,4.582619330699392,2.790676069355641,1.9109635565414367,3.6001247757892854,2.384935052745954,2.5097541436602904,6.063909469713678,2.1897566433304765,2.302609526495552,2.0653136870785973
16,6.384230725777056,8.568186879331485,4.974978105477338,3.050092631928881,1.4106977487935302,3.1948239677670545,3.1738200337577673,3.5572598809742977,2.3917168557532262,3.378932442583048,2.5963453773455067,4.538075357068768,3.0862507334494325,3.016176598543365,4.262710102528726,2.440184048462237,-0.0,2.1650119800763585,3.4986666089476524,3.8495257344647347,27.859444951402075,2.91890653444238,6.701005907197991,2.7587196261567746,3.4740095200621974,3.164100128420015,4.234749285880722,4.101456717047347,4.780984675523752,4.47739220730347,5.258988114745353,5.728933725624521,6.237964496603324,9.322612059112231,4.926904892591871,15.792341288231775,6.41909842081802,4.8120174052897084,7.137572776679995,2.405178355400029,3.3591296610728563,4.084133750968552,4.647097401255176,3.6116974348612154,3.951102474622646,6.094932990631378,5.593701664533049,4.79819357337582,3.2163032989465132,5.559269532349101,4.943137557224778,4.033918177117845,1.5493642566772432,4.446727923289563,4.701363550181585,5.737301816732478,5.1699850327753865,3.7868200190857078,5.860550238279495,4.920131161627649,3.382738973592709,7.616522091171951,3.895386530066876,7.82200634489376,9.412367055873665,4.4146166388188215,3.074801928884717,3.4258001118705423,2.1256206709400494,4.260104470211995,3.544017821212202,4.387654339569448,2.8350515762344948,3.3188659892197663,5.564913596172142,4.194396271258619,2.803792021066534,2.424874888747242,3.597925797801208,2.3799024941637263,1.9721382556475917,4.099260091745732,2.577885769609598,3.189824015271169,2.5231733577548794
17,7.64226024296729,8.026786921044353,4.319335856715606,3.0529877352665777,1.5735297441996892,2.5273776901112366,3.5844808522046847,3.673708416744926,2.146153913716755,3.787906055373426,3.072226875055421,4.5754017790348644,2.910163909862316,3.331999448018913,4.0318749205630375,2.3973633455849854,2.1650119800763585,-0.0,2.9946212269340515,4.401651844861685,24.793290044771414,3.126038308357492,5.0499242307446215,3.4389133171846384,4.435159149812096,3.4218313964577085,3.6334897907353128,3.3789135331888547,4.390796748312202,3.1105528755323717,3.101576324332677,6.241356155599717,5.769110575401062,10.053268498595948,6.299837168965368,23.895368072858513,6.568746247243661,6.229581465768463,6.82664710022767,1.808301026606759,3.3105187457394,4.033676358332551,5.37987043152911,3.1752131253516165,4.381052184612068,5.168261674571758,5.3507313794679545,4.858206708562413,3.0522665196219383,5.704098589435801,4.033787495039569,4.142486034619466,2.5949293111794747,4.308487899724779,4.77297332379112,5.179336719363084,4.814460064302383,3.3772875811324834,5.572353160595803,4.898915611437388,3.8136734277718056,6.857391303890306,4.005621072845369,7.257912682374144,8.362484899659867,4.324259383757569,2.6739052854371397,3.4678548004073644,2.4226505471711692,5.133829482509209,5.386783780790287,3.6879116628684616,3.9628390029743685,3.655145014807758,5.988143011545987,4.127381389898539,3.076747160042996,2.260788273786097,3.5057439342638697,2.8824898081015107,2.5557285192451764,4.542758478265625,2.91116214604734,2.576727628144473,2.211884005814645
18,7.721157583264284,8.388764400291079,6.799468335173999,4.671175355222955,3.0349946044257345,2.3267933272500416,3.223853978628277,8.495492192031115,1.4089743085701472,2.497155693402869,3.226179012506662,3.4052265164867515,2.47483428284279,1.8371629138105188,4.007951480838506,2.666410071415965,3.4986666089476524,2.9946212269340515,-0.0,2.0133747877466655,23.73422028773449,1.8682849970080824,4.780192833652941,2.7518604335241905,3.3180879081676844,2.022151000238519,4.779746600255568,4.998676040562256,5.902342216165871,4.195525224716888,3.1421313443035883,5.637828271285533,6.034552604191308,7.6834189257454915,7.312033803976178,21.06120010818188,10.275120313227236,7.1257829414695895,7.044577165325904,3.5133449293545476,3.234807192187837,4.172448652508004,3.1173788807770895,2.922685582060243,3.1880388098087837,3.5097426993138567,5.592071451351108,3.0123179393752304,3.624183284239829,4.902065513767441,4.503574736049665,4.593013254113981,4.108373953545726,4.001390152723799,3.7620133711159682,4.937615631977268,4.349296481940955,2.949077359296888,3.938572640412954,5.361573465119233,2.326555241145583,3.8730624155108844,2.889609050439025,6.623596665226612,7.027665249683094,3.7368634604206523,3.429301332500672,3.8610416932600957,1.8667298112755941,4.423882980639601,4.218123133824805,2.548660083099099,3.5683986560488323,2.5167486622382107,4.358763793862733,3.18201358267545,2.6413592493619125,1.839196105535833,2.7433978946927424,1.5734420042498267,3.4578185697087136,4.922517938760021,2.4496543143454375,1.8098433673553835,1.891195010309322
19,8.487961144513097,7.219247120970075,7.4163242910466325,5.417566205957741,3.858238380281094,3.0897039529728776,2.7925789382955353,13.13178024461138,2.0855586240817803,2.4880105639441275,3.1829757552111464,3.1959820586485224,2.3703764809061827,1.8206341135303883,4.42987516412444,3.7959849567579598,3.8495257344647347,4.401651844861685,2.0133747877466655,-0.0,12.144036434331907,1.205109535905722,4.413671950621745,2.3524806212157867,3.3581112926661523,2.9086047377629,3.1939147487438873,3.822739112563878,5.742658323691617,5.890411268671897,5.291994936998059,4.246451363135258,4.830464311240151,7.4245565097491255,7.435301638065468,20.082257155315297,12.775800156701848,6.717768679103495,6.743921683138795,3.397776824684581,3.6262513652570303,4.118619162435999,3.8530028207670117,3.0108890029211066,3.2842024554928178,3.368241681555051,5.4588480004700175,3.1329568147997837,3.541327733996612,4.085432628008291,5.95109078400723,5.054658167095605,4.646219410916214,3.0665067442791605,3.235525677052073,5.5592588530058435,3.120824032447307,2.675623714924019,3.007910591151962,5.497345864171673,2.4895936471441344,3.6785805744739877,2.586196497544074,6.295415645280339,6.351682233458685,4.016139235854729,3.9819082477712895,3.8891078284685907,1.8635317155262279,3.45879775312692,3.81188275401439,2.563283838637517,4.589297691697275,2.327232201148011,3.3543524609681152,2.0834279740100445,1.8341995404817386,1.9753504394263783,2.7689053292649115,2.010062531843803,3.947387290946976,3.547297087832578,3.058508326184657,2.5252773938626554,3.1200239234959546
20,41.29011030414636,22.55472785736312,23.742132132241625,23.86502840104562,35.225988806790525,18.8825594083908,20.619103519606007,29.898188295893522,26.17461335698342,34.73105957109309,23.92023500131739,24.284081931617756,20.404853017687753,23.648591555329116,12.495270510187495,32.837636017606066,27.859444951402075,24.793290044771414,23.73422028773449,12.144036434331907,-0.0,25.30390547874217,24.0678308880729,29.0492321187226,35.79010682719443,16.292391430766887,12.232733865451264,25.784807467098744,22.17817639251551,22.57374882168797,28.41208383981385,24.609056821895823,12.901974682009234,26.478595628817796,12.62328298379205,18.06248208245357,27.482239577254628,35.56268502607918,23.559629775294532,19.87503412749116,22.914038483562326,27.386824319407502,23.34124995144662,22.672204665381447,28.829992907108153,9.94366392234511,18.62405239754926,20.909032769525062,22.61882437558354,35.555535024048964,27.92287153484117,24.26395028439955,25.19898375985446,11.564353503935731,19.709135912987023,20.831827541367485,13.953840245596098,20.73282259102104,26.351801241673805,25.14865509651916,22.57761405927634,30.270440606901545,20.52875861014593,10.44479663634114,10.108590626020062,21.351210072346596,24.902750404929364,33.06264069651928,21.633236992487483,26.41929412348365,11.349353170972176,14.057686900817895,27.571448421206526,10.802770196982829,21.291007206742673,9.062616960623462,22.79768518009946,20.615632255573416,10.811270332247446,23.88018135250794,26.37577768706944,25.48153024843339,24.719430372558886,24.132929485789983,23.4580726478241
21,5.286405248690563,6.507062649856023,6.318696931135077,4.257596492783562,2.133444607315523,1.9277367988703464,2.1029492967608854,8.532885695643234,1.5609063408026838,1.6797525679321277,1.3873495321501303,2.077937649323497,2.1133611412288453,1.5801889302689516,3.3964684372706193,2.7117728331106377,2.91890653444238,3.126038308357492,1.8682849970080824,1.205109535905722,25.30390547874217,-0.0,5.007124096307359,0.9648901903364232,2.444274603249349,2.3829738851759665,3.2514580219839155,3.001008908119363,4.4855897370775795,4.960535929377084,4.259808787211532,4.124646417295217,4.11413216985618,6.563899404351177,5.641016795109791,20.109735761660648,9.870079204270377,3.990561897243696,5.376530498452203,2.2655058588272863,3.4143115150607914,2.545412091343914,3.750567269281131,2.1407908008399166,2.9398400628170105,3.585301898365717,4.754041795433207,2.1856914899489372,1.8928332202864107,3.2753973781429155,5.409973048389122,4.880532865629224,3.118503379772613,3.7951292448718372,2.944363210851605,4.715667658773437,3.5637151302860146,1.6671202910438117,3.000880860895936,4.480847157427587,2.362265956365315,4.3316834534373445,2.9881237954563815,6.739260816734778,5.915645810174605,2.968457323956434,3.209392298916488,2.9731865260569323,1.5025141564454774,3.061881950369196,4.324809578122719,1.9130532610128597,3.841246688999184,2.1588339341432765,3.1777537294133564,3.122223843544386,1.1145728018909324,1.759990552809835,2.6362466518274186,2.0710784843167818,2.6358682518177203,3.435136531774075,2.282692200493145,1.7040899633186695,2.212947931527959
22,7.050252396676861,7.068275015963371,5.811059261220731,8.257634955507756,3.825592739481861,5.029292456507587,4.29972497878553,12.579325805505583,5.094216327958325,4.5952073021696185,5.597214231922926,4.014976864247675,5.727210695695452,2.5807737054664495,3.793267655331384,3.2439404001322663,6.701005907197991,5.0499242307446215,4.780192833652941,4.413671950621745,24.0678308880729,5.007124096307359,-0.0,5.256695302462576,4.916609639562699,5.672857811202089,4.1283135991087425,3.8414068989971435,6.880814058626713,7.095705103807681,7.4899476213003,8.671036648124764,6.4986702787159825,8.23558301760572,7.394215789837275,21.990909709485273,9.980537782180322,6.145341039605251,7.151641991488799,4.454407721453099,7.717130803479382,3.8984811459236153,8.664181155106007,3.402147155050821,7.1728468008059485,5.864597218523066,5.294909043711493,5.45593391563797,5.188560478571421,4.899252384472451,4.347248662755454,5.229283636116663,6.48532356670712,4.203010074149019,6.081850583297194,7.688663686937436,5.754391451954654,2.39325183289331,5.831401577822965,6.66522978238377,3.760498376566237,9.07847545741771,5.275687485236993,6.070972631589847,8.390044472190072,6.548215377703347,2.513314656008976,4.720212189166795,2.910279984917024,5.658710043980964,6.441597067150472,4.60895516211177,4.45719398738941,5.7143598992929565,7.45070072081197,4.983388814597385,4.290543973087334,4.57102414561031,5.293830769797713,4.272993761011508,3.5479662442933537,4.921494369238759,3.467995065362788,2.9567789457327454,4.134514856629648
23,4.512222990790578,6.537848194610029,5.889059744872965,3.8019601639059757,2.319149456075698,2.5222557511115435,2.627944825958646,7.574004479004774,1.6000569439752106,2.6457941199827095,1.650778286569631,2.791539497205845,2.1952231117097747,1.8750098468160943,3.1525800777573427,2.2014831514014355,2.7587196261567746,3.4389133171846384,2.7518604335241905,2.3524806212157867,29.0492321187226,0.9648901903364232,5.256695302462576,-0.0,2.187475358773665,2.707542608975748,3.9678960438359536,3.9039634531215057,4.380432054121548,5.858709709169068,5.357141234266154,3.2559827417573537,4.50741257285225,6.3125650790405,5.319172034986423,12.675775472733367,8.920669652639631,3.7554353191566436,5.535702221799157,2.73880200209212,3.0818747560452455,3.123927263822602,3.4880474008618494,2.754788682011405,2.3878475813506044,4.624722775850137,4.890566611078609,2.367784232305503,2.0616736068818833,2.693133980725366,4.772812666691647,4.527186632669156,2.48367736980632,2.8945308669198853,3.572131786295612,5.015758288733506,5.151119692284788,2.6200969370680114,3.0301545914674297,4.487628923743717,2.9690133263973606,4.018777663856044,3.3338805278640136,7.824063345502093,7.251096587595771,3.299041808760522,2.6086819264843366,2.5405963335019073,2.1359511101128255,2.8635266650832776,3.6884507429520736,2.8302447014614396,2.9909098740955287,2.5656752962993665,3.2741126806932215,4.305545893145113,1.8015504600564403,2.247929479599861,3.310662010119048,2.129762237633055,2.2180258396295582,4.017415276318015,2.1109941385491675,1.9301212767416835,2.3671580116642503
24,5.398049624299473,6.444676613033082,4.280301693728869,3.033548550089277,3.4427207761844283,3.683427636327617,2.675611617439642,11.829265384661847,2.6737611988021617,1.831381721407141,2.8078762725002067,2.922996040866213,2.1663863962934173,2.497789166061364,4.528847811471004,2.751755648190813,3.4740095200621974,4.435159149812096,3.3180879081676844,3.3581112926661523,35.79010682719443,2.444274603249349,4.916609639562699,2.187475358773665,-0.0,2.3817151548316673,3.5343470328639306,3.16536371818511,5.658107950673478,6.0719026084912295,6.0109281835421235,4.683755416249293,3.8215466397471887,10.502586444344328,6.452188096790017,20.122537850839525,10.20044395328154,4.273836124102295,4.739362917376838,3.3192718114123783,4.486624551033751,3.7314817912378073,4.365129333819305,3.9376402750981643,4.50687192910948,6.444622823211634,6.758286561388405,3.4847119202577415,3.4468859354958346,5.845521832598963,4.401157180906958,5.63161780871367,4.161849159139624,5.789445092743752,4.6123883369115015,6.312184738643956,5.210836738278826,3.135421986901011,6.541632358863951,4.412027600277165,3.8817494549381495,5.297217026306028,4.629659021081956,9.230572428973819,9.08523100522974,4.91256432644361,3.746640617331276,4.828789543748922,3.358369880503572,4.406881108229418,4.621299980266204,4.613899864919262,4.092997197999903,3.6478756647416675,5.538986355487537,5.256577126408679,3.1002744720778033,2.928577526801324,4.813832415910076,3.081380159540725,3.1125925047526604,3.513078984879531,2.8680670385022524,4.133075037967225,2.66617819289623
