,0,1,2,3,4,5,6,7,8,9,10,11,12,13,14,15,16,17,18,19,20,21,22,23,24,25,26,27,28,29,30,31,32,33,34,35,36,37,38,39,40,41,42,43,44,45,46,47,48,49,50,51,52,53,54,55,56,57,58,59,60,61,62,63,64,65,66,67,68,69,70,71,72,73,74,75,76,77,78,79,80,81,82
0,-0.0,3.249144277707919,5.036227171049329,11.294130640543164,7.232200493470143,4.182553724974096,9.232434433161615,7.6294631780337525,6.160457668846216,6.988549238299775,6.002012219072831,7.820900777978282,10.660957866468127,8.87438719874479,7.957951003418019,15.415241028184983,20.85405258815186,9.052339837963551,7.107230589713634,7.0060969670505076,17.696922544392777,11.67612912528001,4.081510649004495,10.785583472049954,15.534938797485655,15.24919457811715,14.661115260145106,16.413633110768718,33.80597260684469,27.778525542789847,33.39107962962845,16.505230012620096,18.08153661350163,25.754739861530535,18.324603375962337,21.53235293645754,14.67039287464979,14.358484396257555,16.880241183113345,19.634502937935277,20.02367475832052,20.988339273755418,27.065303040345334,44.05823404079081,23.288457785523043,6.9305815168203315,6.453498717296489,6.70364639182068,5.909796751352832,6.194123544552608,9.747879919292558,9.335164669707371,15.546518308609476,31.764855111865657,12.614510384006305,14.052295514255682,15.921370111881302,34.47032305936432,22.775378683305938,22.688468833156637,9.760670308523766,11.402707492680237,16.004131985631957,12.811692900603147,9.926731773483183,7.10505741692576,8.445591158643477,11.463894406698405,7.3898736329239885,8.053750737313425,6.018022808648664,4.583984243670368,7.651492259895826,10.434654434131847,14.353836083668131,10.512033143169393,9.065839669029568,8.9286647597831,6.25302379958374,7.209792117016235,5.839195763474594,11.155418140803588,12.10263146615982
1,3.249144277707919,-0.0,1.8090736458000103,11.799061513181154,11.879481166383458,5.952346066514455,9.011997527300226,8.848254982953597,5.828579611315035,6.953630909307356,5.338859855556925,6.435302390547127,9.47960837165889,8.587801583090535,6.774456258017002,13.537760099963693,19.90685024217038,8.431759762197403,12.569463884060777,7.927002414448658,15.521668557313001,12.505832631320445,4.239682730596062,9.93802883451317,14.47476562374193,13.958245362023035,12.795277781090201,15.880242706844438,31.95897104246335,27.893543408361204,32.63273794109415,15.219249408035592,18.36059500138432,23.493015807783383,18.298025498861577,22.004007467197518,13.202398345392979,12.570811593663393,16.340722705255082,17.432618972266976,19.862548199127215,19.392490737904772,28.002617110130043,42.40062692400803,22.681369435598654,8.026333559664659,6.4797553025919195,6.9259874611194725,7.962753749762581,5.2417703977759125,9.833819099667409,8.912274267272531,14.533329911948178,29.565492043518844,11.644323855553026,12.128870670692962,14.53122962835769,27.704337632593493,22.86644853839124,22.581063446840517,8.664794941443738,9.355656362234743,11.832043418117296,11.449706772178367,8.560777016601618,8.177535674928874,12.238293572940643,17.095106296747158,10.479365254644192,11.870048787222263,8.34312339205582,5.066247845832766,5.806527429840604,7.231579431964554,9.286858782708167,10.094779151733325,7.825054420480454,8.6874152358106,5.8220415198747455,7.785365734542543,7.269297524324148,14.107773686314756,8.523276019913524
2,5.036227171049329,1.8090736458000103,-0.0,9.715498656217536,10.575745729355017,5.248238208733762,10.308318660754523,6.030914848197378,5.077796228681869,5.922066861406172,5.124579355199184,5.966087721648999,8.100206735616375,7.580013772530946,5.439194279975708,12.933700217125576,18.421867864214327,7.317870539499399,14.870240596991744,6.634213203896195,14.290250564768783,10.90958700401844,3.827581483307324,9.007934909730416,12.90942767806232,12.88126659440282,11.81277417357574,14.389294860784887,30.47293880642783,29.82151728987769,29.99478561811338,14.417921801773666,17.103794289699017,21.25223220700826,17.6574368995217,20.069729777861202,12.30684867682394,11.791804685140702,14.699268884545992,16.830337512269022,18.237457181828468,19.49521647516824,24.80332818454345,39.674963116258766,21.02859637412976,7.477600988741978,6.498406860956338,7.34245187449526,9.091977710071339,4.996456298814392,9.24152549108105,8.216771676552323,13.002226125383158,28.403288412293634,10.684453017754697,11.062880830393397,12.803881119906512,21.8642812361043,20.29644088164463,21.941278492709156,7.576040633727573,8.464997571737634,10.514316138713275,10.4289852481251,7.75394620528586,7.155209214664051,10.201955495824503,14.748992867772847,10.888160381646369,10.58539137907331,6.372861424411012,5.372790264030047,5.172359599580346,6.958371577804969,7.504326479755037,8.71954654768825,6.901102784878163,7.863761983589028,5.80346907300153,6.801701070046901,7.327215898602555,9.507652131972867,7.070474082994518
3,11.294130640543164,11.799061513181154,9.715498656217536,-0.0,10.193194911365921,7.104479315114215,8.44725318742478,11.41515337959119,8.063780026404471,10.355022889233835,11.083825323005454,14.312722107033531,14.048336766165058,10.888404828593385,11.476008645585766,23.465918579421974,33.798837541224046,14.483311003450096,12.729775479488296,8.271942410807668,23.782457997563252,14.115325317189527,8.74466895082914,16.801289939950216,24.384716402485996,22.442065287223308,21.10969127517071,27.02670294352703,38.10724796695905,41.71986543296843,43.300443966881005,23.37879571122125,24.635772491876367,25.89959486971018,28.517112650842897,31.413269099682804,21.522190942916396,18.346285638525966,18.674161708546922,25.745183373622087,26.16420003311282,31.54736319034127,39.92486685539669,46.33988210037522,28.72542237751311,9.678214050268958,9.47759074446696,9.176035468083635,6.452557786832286,11.734503769064942,14.808686990721412,14.814358900468996,24.19845033411676,34.442203871482036,16.22773075200843,17.207396328301925,23.587621823213574,29.997705838845846,33.95622507116458,30.441917888175244,15.35291357629538,16.513555736905268,17.778368277274115,19.389655999405388,14.887058908794184,9.64367139903204,9.923897732023994,16.794969269508563,12.518992638736778,12.29401946512711,7.9782269899641225,10.57096448357511,11.083510161223083,14.008303772718934,13.258823739125399,11.23640125914266,11.801365891199639,10.599593689854002,8.223369406921636,8.607845970186343,8.200821877319118,8.268022360941679,8.880760731612058
4,7.232200493470143,11.879481166383458,10.575745729355017,10.193194911365921,-0.0,5.6757766527913605,8.674288490880992,10.113266350851108,10.897386921535988,8.944147612944043,10.196187006635615,12.758258730869796,14.006807931500285,13.318196963670582,12.070323363481629,19.85226763713789,28.606163940442308,12.63599600631715,9.91270104287273,10.096210240631132,24.64865410532837,17.50198947929353,7.881953327308596,18.06641014448212,20.729280424442983,19.952311492907384,24.539720244698067,22.325519924458163,35.40560538697626,40.77300712604633,43.86985438935371,21.74591190009876,24.181312811193326,29.50217526475643,26.995478524305224,28.516516639634602,20.721693145990297,22.178016617908717,20.854784299172103,25.419438351174676,26.07213907155062,30.282270047204644,34.70880558476258,46.70238314865024,29.473819616270333,9.282252384697921,10.609677762308094,9.290877015364183,5.075368021729138,11.758917963554639,14.838206503722592,15.362407494617484,21.97456888319709,38.582881020951945,19.027259744437266,24.79921908578142,25.749054455706016,37.35562447855176,32.831285511119724,35.868722322386716,15.944177198186258,20.177213298324173,24.128424692303483,18.884350558086012,15.117855186252998,10.862145659298136,4.640026251262769,4.391926309303246,3.5835145596322806,3.9850262609170715,7.711584170012646,12.04907135309816,16.637587676450032,15.768746218088554,18.417475492513233,15.446029668117864,15.212027047231373,13.938491759321392,10.607863619383044,10.887413154295245,8.523340481901203,7.407308354453544,13.867522377952364
5,4.182553724974096,5.952346066514455,5.248238208733762,7.104479315114215,5.6757766527913605,-0.0,4.455294253681762,4.957707927912117,4.62432283559649,4.28086609356844,4.735600254842006,7.55720834708413,8.497725148359256,6.989925924668819,5.804138043444255,14.02898340940733,22.38091575507439,7.408032686697199,7.5586984563370585,3.4209108965059962,15.704533566007163,11.54140127362658,2.228837844763244,10.479937042001826,15.046367845497297,13.371764948398104,16.946833842775867,16.787734328934548,28.536702222551302,32.07949696565538,34.461704008287676,14.394755381171597,16.180458732972248,22.20937412692779,19.534600807582535,20.568474946085104,14.209528731749975,13.201221539865607,14.159754393104675,17.54238678449968,19.00432307950537,22.931541936846756,27.601740750547343,39.36508900788543,20.78647125253544,4.1041506906795275,4.345215095382575,4.274955035697192,4.690608248327807,5.666141402574026,7.353131407942176,9.037083213584793,14.18651333995751,30.75680829077391,14.65101089997463,17.65994669827529,19.37181915764879,28.77791371115219,27.407428454018305,28.882772225439258,12.003398314210662,14.375584481154538,17.83532385374313,14.203358172932923,10.815484714869875,7.434533260322461,8.049188382906463,10.369414135230612,8.23126827361546,8.556858235942215,5.772138387352169,7.359437990078042,10.843994676678586,10.731283432277321,12.464052824582899,11.235898574316117,10.161630457267526,9.384537263246685,6.720724189573274,6.990006155094458,6.160721280828409,8.612817699989241,8.708391888329054
6,9.232434433161615,9.011997527300226,10.308318660754523,8.44725318742478,8.674288490880992,4.455294253681762,-0.0,5.925029952742624,6.284252754433759,6.021152452498813,5.306429320578361,7.517282879467924,7.837224089900494,6.727652318397089,7.073101081003689,14.227156369672233,23.646127464110513,8.996822681064456,12.053816641370705,4.113262693417758,15.277156020659552,11.694580587843873,5.666356487908953,11.326047735374788,18.867409578380233,16.36183605029932,19.31665585528585,20.43317534013543,31.043334537116174,32.584903368346374,34.46318644670332,18.60044450870095,18.97271673660895,23.9283319174767,20.085360678623363,23.04283005807172,13.410804831948415,11.965785037327292,14.926295816069793,17.18379825151321,20.1293590648319,22.805308336360703,32.154556549122404,38.9410861028702,21.245243580006484,3.5548904115649296,3.5952005303359256,3.87201508479349,7.575016650141595,6.516802895516902,7.135653858236073,8.585171574301361,15.928711614586595,27.261275756427015,12.845072308152636,17.04520478626629,16.73914666653748,27.995018422476573,29.38374964625164,26.570224715082627,12.222753494418615,13.277725130181679,12.835259894189953,16.036530519343685,11.339718857834594,5.466098953202198,10.15711308482986,15.448010732154405,10.805133430040248,11.045505087832062,6.1848603748515325,6.973788967198031,14.1217364449873,8.201560142346619,12.546538239302015,8.691501028172931,8.309078754413088,7.858790546219184,5.808824138468633,6.278594951751784,5.221742905405563,8.368186487976667,8.320075352943196
7,7.6294631780337525,8.848254982953597,6.030914848197378,11.41515337959119,10.113266350851108,4.957707927912117,5.925029952742624,-0.0,5.464522974278761,3.7477327103739797,5.412573409081279,8.749449555829083,6.205121161448274,6.695187099354531,4.372939154136289,15.412190606934592,22.192519654257755,7.254648376303827,9.348902222869437,3.039294587218892,15.65096535039563,10.799139381700332,4.265215824602593,12.631005794877042,17.119109120250087,16.313068481727285,16.572717817732617,19.370035922858676,28.85960458504124,32.20051694620907,28.660634431066732,17.3208111897229,18.703305170701487,19.91076642731286,20.748181434704765,19.613918801011454,13.692391384701153,14.931538913435409,13.197557017343835,19.104855603039372,18.27138093699351,26.260350157075973,24.481139955422375,37.86225205561579,18.556915611082854,3.1776584605475353,5.650534561620046,2.7089245913534916,6.882415535101181,8.018221079178048,7.019545919383743,9.981651028444972,15.389911176749182,27.38827222676751,13.408210668884802,17.176272150533833,19.682205924062902,31.263214555960328,29.002659915520972,26.098849234423213,12.173457221044787,13.307002117158898,14.668193112868215,15.144002902628669,10.821907254800628,7.7317098397949495,10.110978302305124,16.86324735369919,12.741175667591717,11.719628598211802,7.265326244752949,7.987456356905002,9.467409973784996,11.272102757826808,11.742806171643283,9.289332906959837,9.51738472060068,9.655564849759799,6.936989210814512,6.99819719130056,7.155152626049839,8.507520432730528,7.938397837611336
8,6.160457668846216,5.828579611315035,5.077796228681869,8.063780026404471,10.897386921535988,4.62432283559649,6.284252754433759,5.464522974278761,-0.0,4.2869655450888535,3.559084426847098,5.780099863508314,5.801995245351676,2.2872864104566486,3.6915537739001665,12.540985584080646,19.57494887300975,6.453823568693189,8.697314157139187,3.8887574040159048,13.310136641041113,8.646859380175242,3.754157512034812,5.78340184487957,14.09897159877271,12.622668197729036,12.756557483620776,16.051622283336552,26.570119972959702,26.994755351974888,31.533268251579393,14.320913246349765,15.996499027853703,17.53070557187972,16.284582686685038,20.248485203611786,12.13081954938737,9.22228753333697,10.705542404324863,16.216083817332994,16.65874012828563,19.91236606326702,26.53387126450078,35.256872159800466,19.275635990108494,4.3056961693429425,4.199280421322362,3.7217625979998,5.91109302050187,6.524734817479209,7.279543968860442,6.8501661764747315,13.84296292981922,23.141078950740656,9.87733904046432,10.249703634822245,13.648530948557646,26.766474911588315,22.537163907333817,19.997683397649883,8.239180495993397,8.280582066439806,11.023404859336402,10.360916394679503,7.095694109075143,5.674798957338163,9.744094018483716,15.159303346549347,11.668622491049826,10.874831863235693,7.165221079857849,4.83944537287487,6.152696248884438,6.5894873438895045,8.438054140547342,7.452734800539726,6.004021011652675,7.2424521651988165,4.435553107585003,5.5179093195672575,5.50907265954289,11.703943139428073,6.381664372971426
9,6.988549238299775,6.953630909307356,5.922066861406172,10.355022889233835,8.944147612944043,4.28086609356844,6.021152452498813,3.7477327103739797,4.2869655450888535,-0.0,2.4941564444374857,7.59162018010707,4.05014462357543,4.977318463763764,2.8410240454095708,12.285000178341614,21.83184727853787,8.24339380248711,8.438869461166934,3.310119610916149,10.628134562781154,13.190462485351407,3.4211601173546167,9.37172950375605,13.655636663576525,13.59229985565359,17.51790650010651,15.438576735687379,22.532271465706003,35.61991697893564,38.445874667216884,16.74608000711301,17.34598345995174,15.570128886739946,18.84746554858848,20.396247831612918,12.552213300224087,10.64191692586535,13.052806573720067,17.044312026568317,18.25622279788004,23.437216132049755,30.14006516040099,30.692653735053455,20.675645322563373,2.184968041051718,6.027907426988738,4.997767999352227,8.114294942646282,6.866663470254285,6.6910258101497435,10.098184414945164,13.425821721182702,22.214054803421472,13.155423757755457,13.73844073712156,15.353394083590379,25.49383890746968,22.52123811961771,26.170849467764597,8.708940986703842,11.296409887689899,14.001914915985001,12.017165810266146,9.096141369156738,8.170477773243277,11.65146391494581,14.038154195692107,12.294439830449267,11.454140012417028,7.431869971828825,7.648128442233353,8.979162734066387,8.542608612649794,11.14152459285638,9.113222503180662,8.52847384903339,8.387551108721258,6.914443143715667,7.307969867101121,6.494692022226701,10.557133199188405,8.714521613826653
10,6.002012219072831,5.338859855556925,5.124579355199184,11.083825323005454,10.196187006635615,4.735600254842006,5.306429320578361,5.412573409081279,3.559084426847098,2.4941564444374857,-0.0,3.434341363079619,3.873254507160847,3.606841804308939,2.041461381127591,8.6664227313559,16.72790202459113,5.1596663346909395,9.538323575989404,4.394930031614222,9.765464202424162,8.918814913009276,3.0192440225221,5.528152648502042,11.351627402334502,10.23445138235094,12.269026751188996,12.8426104320505,26.367441995382006,28.480861392897243,31.46811204380072,13.043172174880933,13.744678135209481,17.59626696981917,13.815754057029107,17.507237812319882,10.879118681057117,8.749432317980085,10.576501815813561,13.776835125022162,14.721813015142155,17.85506204117241,25.01963677676721,35.28518698160431,17.421702135428696,3.1477993501603505,2.6445258242855703,4.880455461648777,7.722052261703316,5.069021816882649,5.1982631187186055,5.293112528604493,10.31895179778604,23.712994909952496,10.471751699096064,10.942246399243974,12.643329067054651,25.03096311988875,21.67821975804397,22.330939805661902,7.914988879702474,8.951041357891052,12.613895366709489,10.100279663299895,6.9664131354024565,6.187834203804765,13.146647426476388,15.914557197907492,12.652785619639674,13.396866592063576,6.73440328498663,5.6465893976090245,7.436021386267401,6.133304280443958,9.360643664691235,8.13360369525401,6.252988910047738,7.528246924679496,4.8951365522318175,6.7636425527837325,5.582883863170067,12.780194065519357,7.023669055803409
11,7.820900777978282,6.435302390547127,5.966087721648999,14.312722107033531,12.758258730869796,7.55720834708413,7.517282879467924,8.749449555829083,5.780099863508314,7.59162018010707,3.434341363079619,-0.0,3.555872512176472,4.812435672290211,3.930195565117228,6.4757216710356005,13.266301989192335,4.027817807841037,12.811939749107106,7.0195372768151625,7.385549251124598,7.356781499977087,5.712881332956699,5.793597440980818,9.288762749779947,8.663521714586793,9.198397013917251,11.025908843125501,22.390133755196086,25.239263027615838,29.72757950673611,11.117350771664805,11.761242371806436,14.775122953240738,11.583830074316062,15.61106760157584,8.090869063938584,7.507885206450785,9.00960422592672,11.271133942654735,11.949067229935368,15.02368642099185,22.691154238568082,30.72011169377063,15.253367402586926,6.029597443100853,3.813259421127204,7.676139224380374,10.975971551043418,5.468453516045792,5.504222024699261,3.057017857528831,7.903005646213144,20.217154803802213,7.077003069362411,8.867399583008932,10.555537572930474,22.06901363248543,19.55773780599608,19.68704148794663,6.960270043931672,6.781013270866318,10.086628420732373,7.729125442408456,4.996086229927166,7.453029433694885,17.009378093406962,19.2419902613177,14.964833109975345,16.51038985236867,9.26050143672476,7.0330991532557885,7.6480700488878535,5.740832871004929,7.328310996344701,7.794154136575267,4.75896600291269,9.405910666492176,5.851943320434933,8.090566284551866,7.300202777540501,15.566406445994922,7.7906418045488115
12,10.660957866468127,9.47960837165889,8.100206735616375,14.048336766165058,14.006807931500285,8.497725148359256,7.837224089900494,6.205121161448274,5.801995245351676,4.05014462357543,3.873254507160847,3.555872512176472,-0.0,3.405027594350769,2.0613950837696073,7.074887421911602,15.15375787368691,3.024847346936864,12.536779185946369,5.291951397692793,6.290823914313713,7.106702736962343,6.579454118179452,6.236136309344241,10.681004009460812,9.348462251129318,10.229355976229881,12.95880862161731,17.450775525543087,24.29761631591622,29.188041904548243,11.610090791417859,12.439550338648594,10.278504589840972,12.305701915577432,14.518674652663206,7.008046884368136,5.8964797157610915,7.815639248473501,10.840626211075119,12.702257025701819,17.499389217170428,24.065020869589876,24.5623525409148,14.086083890648968,4.689617796722944,5.060111640460173,5.905830654970182,11.05993158460626,7.120732577817845,4.006262631264481,4.471826044760793,8.325270220523116,15.515847827051182,9.794061873118025,11.329707456929137,13.334817151678392,24.17549101620332,22.906446897392993,20.868795706072632,9.955132140260638,9.118862106676591,12.007912846832717,9.717838173557277,7.133893356074688,8.135658143267792,15.70959224286623,19.24761540875392,16.165052079986996,14.739159284622819,11.721561805596867,9.577151414471679,10.379883521691356,7.929343027260014,9.347721435646328,8.62128035960829,6.746204408987476,9.215270297181393,7.5984039081096055,8.29527562610736,9.187778195343864,14.139335572466365,7.590632241355327
13,8.87438719874479,8.587801583090535,7.580013772530946,10.888404828593385,13.318196963670582,6.989925924668819,6.727652318397089,6.695187099354531,2.2872864104566486,4.977318463763764,3.606841804308939,4.812435672290211,3.405027594350769,-0.0,3.527220115937227,10.722076362531743,19.521034074878337,6.8704531905619115,7.247692877563561,5.275225354390605,11.582527762549901,8.298564090500957,5.152999900839846,4.556688226320966,15.09796914989823,13.76682082340134,14.326589940417335,17.90233406188073,21.057677372528754,28.84769949056569,35.18345031105123,16.319851908595023,16.192902385582183,13.08926746189727,16.203804513061176,20.943272443854905,11.16043928920415,9.271902893706502,8.873829008877111,16.3386824029389,16.404117569990586,22.52491675873803,29.730106509734547,28.754802746698477,20.403513353992462,4.463299553530704,4.526302813487432,5.115851626586454,7.385109930754503,7.1619601321588595,7.800810348014687,6.874145531240381,13.53658689846079,18.962255466190506,12.326895176029936,14.250719525346572,18.150386827100863,30.76852442703043,29.521289917585037,24.649370249039148,10.554695734833006,11.579949479431695,15.022081892682563,12.519053664397727,8.842741651711428,7.4074742602087955,14.123694565968457,18.854385904628003,15.801160588269756,14.774930017225032,10.0850318843857,8.202439024034508,9.138430975091556,8.552446496249868,10.377560262366634,9.43944562260648,7.7658903171998155,9.968661083284314,6.346426316372008,7.53489338587504,7.723332431891906,14.335512141050783,6.694624609215678
14,7.957951003418019,6.774456258017002,5.439194279975708,11.476008645585766,12.070323363481629,5.804138043444255,7.073101081003689,4.372939154136289,3.6915537739001665,2.8410240454095708,2.041461381127591,3.930195565117228,2.0613950837696073,3.527220115937227,-0.0,10.295867424951382,18.9214631299359,5.334858602349773,10.988842256729692,3.7581569999660984,7.613006965146211,9.357678087032324,4.304328845880974,6.869977856026015,12.887451607202971,11.424814907104935,12.728019010548076,15.13635071466263,18.988227388185702,26.94459757634589,29.424731163160367,12.866114393135478,14.371737260108583,12.769150371596151,15.870272485759118,16.291844499301092,7.807574893256564,7.077543728724835,10.484430106504712,14.403543255320033,15.980325980306363,20.80547295055439,26.19187157468389,27.799319168244867,16.756722105006403,4.124916964875139,4.8020306069704,5.6859768662613535,9.49235384290429,5.906593768207594,4.8593220028546975,6.759041043124469,10.69387832811636,19.366366669268885,11.574439419504822,13.094616416479798,16.039934534659512,25.559369178883042,25.48465819362121,23.349343560823964,9.646641674579518,10.054841754468843,12.59834106314031,10.656176821400248,7.780216998501677,6.995675159712179,11.819583886421887,16.597027055769463,13.300396376172875,11.139997610499162,9.062503211494919,7.487397003385683,8.25011964909769,7.863897901512854,9.059992830589302,8.457196912753425,7.009721594484477,7.9760492202772095,6.006438543723288,6.578605775564545,7.478096879656313,10.66053698224647,7.4588568921129195
15,15.415241028184983,13.537760099963693,12.933700217125576,23.465918579421974,19.85226763713789,14.02898340940733,14.227156369672233,15.412190606934592,12.540985584080646,12.285000178341614,8.6664227313559,6.4757216710356005,7.074887421911602,10.722076362531743,10.295867424951382,-0.0,8.905320344265217,6.770588547888395,20.367160862336174,15.064631104109253,4.084479542630006,11.137622094702087,11.495050970537449,8.563275524380101,4.73559305563721,3.9535731630409714,6.550433470161195,6.448035163921732,11.671494499014416,19.035628200355763,24.656098838816977,6.727408034605398,5.647603361922858,8.992582566480477,5.167742845706444,10.016676530325661,7.128522556372147,5.057829167074515,7.7441334129936825,8.701232769861878,4.9870340328707945,11.45200210462885,17.93253547273049,18.309137799546704,9.345262494106217,12.543983795042957,9.916135607876372,14.467776183503203,17.439102729874044,10.072989143720205,10.178705947082216,6.035613500703435,2.858433161414545,12.99618702479743,9.563511266242392,10.595598345660228,10.945396975079666,17.166908409153802,19.242691166255042,17.88622233719709,10.596871816732566,8.479493212455306,10.7354415401921,7.972900737377837,7.78744739348522,14.778690722257908,26.959005590425033,26.557883662389116,22.931944600124982,25.322783272369175,16.50379739168514,14.9142487081667,13.540354754819496,10.43270006350221,10.401648332664996,14.38730787610784,10.293021886373896,19.00397936641885,12.998728042848676,15.896609551073235,13.360900218467952,23.762933219358747,15.767661689871113
16,20.85405258815186,19.90685024217038,18.421867864214327,33.798837541224046,28.606163940442308,22.38091575507439,23.646127464110513,22.192519654257755,19.57494887300975,21.83184727853787,16.72790202459113,13.266301989192335,15.15375787368691,19.521034074878337,18.9214631299359,8.905320344265217,-0.0,13.771162250574633,30.91966196166201,23.856662523344436,12.519039799230804,17.98129653523092,17.873592919605276,16.048296261950604,5.599564491963979,6.696395083744341,9.145162191691712,4.5385576299907076,11.98544126446901,9.814469109403808,9.728786393542439,7.417518610099838,7.293173914872346,14.563416500940276,5.564806789748983,7.104187639748159,11.262131456154147,12.762515113358795,14.355182023058113,22.200226679387846,7.248134702734026,4.015098388757542,6.096587293754757,18.228110844714237,9.671246607987044,20.19738363862181,16.141516118211676,20.293910187251,23.689980991750073,14.024843773720134,17.835139824777414,11.703057991195518,9.925692906509958,15.372168309824374,11.294667564583994,13.208237069340521,6.933489910672585,10.921289224083178,6.912314733006834,7.40958134649084,13.802019057073073,11.006204496309183,12.206948187816405,9.495163560514435,11.755154871107315,22.013366862995905,35.183872722653206,34.743425843387996,29.473490497299817,33.19402405096813,22.75204051565784,22.61201089569523,19.325924748453946,16.093363738665385,15.81602126770302,21.723939208738095,16.40532275975822,27.869378201055373,19.839083483290548,23.364577552030493,20.225523618381008,33.32282026849733,24.54121090785127
17,9.052339837963551,8.431759762197403,7.317870539499399,14.483311003450096,12.63599600631715,7.408032686697199,8.996822681064456,7.254648376303827,6.453823568693189,8.24339380248711,5.1596663346909395,4.027817807841037,3.024847346936864,6.8704531905619115,5.334858602349773,6.770588547888395,13.771162250574633,-0.0,13.426057303694256,6.276238098460765,5.704922134580862,4.437851705576709,5.731803996498141,7.413758759489427,8.816932289464704,6.229437002555019,7.756841320488117,10.571373679440999,17.13519990828112,22.688747971733257,21.342904249581554,6.699514237403338,7.8363473655364535,11.268661994294748,10.600050866845667,9.640437590653645,4.8862409383156935,5.297872392458879,5.746057411657962,9.443788331051735,9.43134677089206,14.683361906940682,17.24567613101131,25.378222630992557,7.748414402356327,6.274054540643272,4.9208068225260755,8.100929380919743,11.044937763683452,5.9998050471166176,3.6674559958802297,2.5206098236377117,6.08481194067636,18.067332492168074,9.171432670102059,11.574621406144715,13.33611296509854,20.50260330956974,20.296194739152796,20.51476551164579,9.574247746336843,9.669163969029938,12.402553647224229,8.82399555849691,6.952575820716168,9.303625790077424,14.93893829750751,17.196430733811933,15.079074212110715,15.989575178616793,9.619961469765547,8.707964779028233,9.766873099492448,8.694494002952506,8.964689588862926,9.977624180353605,6.732902275709934,11.325103303157789,7.621096812716929,8.972715938411968,8.718744696975191,13.595875772240838,11.04442701631384
18,7.107230589713634,12.569463884060777,14.870240596991744,12.729775479488296,9.91270104287273,7.5586984563370585,12.053816641370705,9.348902222869437,8.697314157139187,8.438869461166934,9.538323575989404,12.811939749107106,12.536779185946369,7.247692877563561,10.988842256729692,20.367160862336174,30.91966196166201,13.426057303694256,-0.0,5.614494400702116,20.168292624602802,11.66091519686503,8.395830538368251,11.071742956475097,22.85191393478405,22.541032414495106,22.578658678290278,25.977825404362502,30.020259997752447,33.31165866096548,41.56453946045347,23.356202798551084,19.715620258537747,22.634019033594345,21.147599258770864,25.529091639113282,19.935964264171524,18.856436331648936,10.475408089272301,22.76431045395443,18.150483853673627,32.5035596309395,34.01742603459486,36.26186471791307,24.03866777020846,5.936741092700825,8.3283694331075,6.929363020910553,6.057343203981755,10.899425297264216,11.390769621239407,10.975413392253088,17.1805895853078,26.8051539206018,17.955950166118413,22.489881832119934,25.600440716883895,54.68467083489624,36.474014203546076,29.827242170941144,16.79104087891065,19.660797594418604,24.067194398347358,20.794455283625666,16.23047852558741,9.65648100809608,9.093958483224947,15.712610056829933,11.927307284504995,10.496852972298253,10.297872493468695,9.109213656500808,13.391391480586655,17.506237182725666,22.99022375649069,13.728031481559054,14.771703222721968,13.744387017331931,10.703328075151834,10.505649018146304,8.955543570811237,9.778939914229133,18.037802374105137
19,7.0060969670505076,7.927002414448658,6.634213203896195,8.271942410807668,10.096210240631132,3.4209108965059962,4.113262693417758,3.039294587218892,3.8887574040159048,3.310119610916149,4.394930031614222,7.0195372768151625,5.291951397692793,5.275225354390605,3.7581569999660984,15.064631104109253,23.856662523344436,6.276238098460765,5.614494400702116,-0.0,13.04591321757255,8.220340215018924,3.2842301243536944,10.274954230517002,15.67994955972397,14.782086702287188,15.209452656470035,17.57853421515895,26.35556386471022,27.81186450867142,29.93089774990903,15.43008412808076,15.604989325096842,17.43672382401035,17.85355189518642,17.560745098620547,10.860305796591014,11.176679662610153,11.006667868730318,15.42137888827232,15.705884746441557,23.650023454797488,26.385354114993483,32.21149578297709,17.50263716357039,1.7778380714500273,4.25171334747301,3.121118581428666,7.167444193339804,6.035373549883841,5.069382743995724,8.027045927687121,13.467582207704977,22.867479857029675,11.357144835698467,13.709242498862668,15.627357077969469,32.42799182500463,24.19346976524463,22.439277018431213,10.362722214752745,10.714425880722674,12.214152310616862,12.622028538763566,8.772104165766805,5.747068077148589,9.470495843853577,15.960244944700671,11.339592425202605,10.3632100300173,6.951070635866977,6.126005226536418,8.314076567082305,9.138119652959025,11.800907970221763,8.31597153889511,7.189371429785356,8.636039274194815,5.422221275273189,6.030403832877754,6.043519125792086,9.789307172527263,7.561888447576184
20,17.696922544392777,15.521668557313001,14.290250564768783,23.782457997563252,24.64865410532837,15.704533566007163,15.277156020659552,15.65096535039563,13.310136641041113,10.628134562781154,9.765464202424162,7.385549251124598,6.290823914313713,11.582527762549901,7.613006965146211,4.084479542630006,12.519039799230804,5.704922134580862,20.168292624602802,13.04591321757255,-0.0,11.750112236349585,11.972333985030904,8.617393966592614,7.014492884339583,5.362243249667689,8.060449850976184,9.191337920072371,15.71497818713717,25.66468349964082,25.052886311998538,7.741830117994255,7.96648904544021,9.342901787862562,8.067575203350739,11.016497805985876,7.100505471171993,4.828643914239446,7.970864109951771,9.92239938377113,7.831007399663891,13.305538655418163,20.982067874480645,18.324631868854254,9.474182968505053,11.63293171825122,9.768013540265164,14.870443097090684,19.45073749570878,9.925129835681302,6.138899147745138,5.514502865262273,3.7610854050969693,11.792014526953178,8.956490084418794,7.945786577999765,7.780732839560572,17.129955191334687,16.898624245685983,18.5774523688255,10.739212418621,8.797537089451525,10.53006942595412,8.33401929146848,7.801433934829364,15.047108684665615,28.283425235737134,31.44542147537947,26.850153070999212,26.263742275157398,19.1758928600363,17.014193663660603,13.798750055293427,9.763114974550927,11.097471297961938,12.928430683108074,10.030028449080776,15.220502345610365,14.049870679803668,15.929737635289115,16.4987634979694,21.818252590054723,14.571976762089648
21,11.67612912528001,12.505832631320445,10.90958700401844,14.115325317189527,17.50198947929353,11.54140127362658,11.694580587843873,10.799139381700332,8.646859380175242,13.190462485351407,8.918814913009276,7.356781499977087,7.106702736962343,8.298564090500957,9.357678087032324,11.137622094702087,17.98129653523092,4.437851705576709,11.66091519686503,8.220340215018924,11.750112236349585,-0.0,10.304345767215697,10.103599273899302,12.948692167647096,9.361387772676087,8.012901493342877,15.119470837873425,19.982313377790398,22.30463909533725,20.18362539556333,8.479513531424184,9.922201240301952,11.454059522037632,14.292508207684477,12.684500449372623,7.6986399105102885,7.980207264274914,7.6356322470724685,16.098371926276457,12.188023137028377,17.878787235175764,20.26218341454699,28.114543623718426,9.176126954581033,9.56908246402785,8.779234724277387,11.137456017821659,14.41862599053742,8.12069778121209,7.7934930046905615,5.400923455419463,11.524947168073082,19.988818977355606,10.975230267631508,14.028998532555871,16.953377756721192,27.123505843140496,25.117685350050447,21.41913388262493,12.798547792805135,11.705198985485637,13.91738802771464,11.283005989824087,9.221037451581015,13.00080989966692,16.228143359305236,24.066932270450174,18.432111132969737,18.680555178836343,13.282391702210408,11.407374095723872,12.106103612423691,12.203862450660754,10.988465305150571,12.560797793297391,8.794867397780068,16.109660601899677,10.415952181217671,11.617285512867076,13.014941793197442,14.414614697004945,12.725341076860941
22,4.081510649004495,4.239682730596062,3.827581483307324,8.74466895082914,7.881953327308596,2.228837844763244,5.666356487908953,4.265215824602593,3.754157512034812,3.4211601173546167,3.0192440225221,5.712881332956699,6.579454118179452,5.152999900839846,4.304328845880974,11.495050970537449,17.873592919605276,5.731803996498141,8.395830538368251,3.2842301243536944,11.972333985030904,10.304345767215697,-0.0,7.295001369247388,12.45204945069997,11.603792774951572,12.97055681202941,13.988566054067277,28.154934508139824,28.09059805433429,29.68082567423975,13.550549470860508,15.23472327370245,19.640287818263463,15.33196686720444,17.775673067383355,11.833632806582138,11.03911278547227,12.588590507176871,13.590715228053513,16.153467984786225,18.660515818360736,23.648693157603713,37.54080515336788,17.65267726157294,3.1963554532363676,3.076154670431296,3.6146446728455395,5.5204168993106695,3.3557972923519683,5.5819248456949975,7.115541859039855,11.448281062817152,26.31330348274916,11.740086745624165,11.720557343396033,12.925372727919706,25.660668620899596,21.640550235721697,23.462027350301433,8.972663842100953,10.639112209418858,14.426362653035788,11.642971214463147,7.855237657309563,6.319208959186634,10.203534170148577,12.961509248900375,9.523006795687705,10.630156148410471,5.120343055762041,6.270660756475315,7.226331824750035,7.214781633559958,9.40728500839777,8.85693951968114,7.601841612956493,7.401756037927159,5.1884492634783665,6.125990653528497,5.167137143875,10.441961483243354,7.20145834571811
23,10.785583472049954,9.93802883451317,9.007934909730416,16.801289939950216,18.06641014448212,10.479937042001826,11.326047735374788,12.631005794877042,5.78340184487957,9.37172950375605,5.528152648502042,5.793597440980818,6.236136309344241,4.556688226320966,6.869977856026015,8.563275524380101,16.048296261950604,7.413758759489427,11.071742956475097,10.274954230517002,8.617393966592614,10.103599273899302,7.295001369247388,-0.0,9.853745855312633,10.183117458231376,11.817853681606977,12.69110004296523,18.1994112487278,25.491900958320805,30.627782385263885,12.844677150196185,12.064779174841512,10.52676351194825,11.031390892028458,19.126889994167005,12.34581012689708,7.947845055877161,3.796246514713303,13.8031301412672,9.388214249172515,18.725189145228477,23.70577006953022,23.11817481004583,17.44367017413042,8.36673481425672,6.452152662446367,10.340162929957193,10.576549866473695,4.79901796633506,9.672350951489175,5.371869611085132,7.79547533619602,15.1076658934201,9.95451849507268,9.241168467285066,11.672178363164523,25.1658195870992,20.3114530449038,20.152961011749216,6.407234479163052,7.3767651059487935,8.993759702453177,8.808606060568495,6.28144295891604,11.230777859711955,20.449609736372544,24.556320857126376,19.928804887584572,21.81363271098307,13.654601725825254,10.646966116755763,7.5205885884197174,6.935360096466025,7.892394568978781,11.941460071037685,8.088423463058252,14.346324841004614,9.382751585125488,12.05289270555249,10.502489182078275,21.387342954360488,11.442662456226115
24,15.534938797485655,14.47476562374193,12.90942767806232,24.384716402485996,20.729280424442983,15.046367845497297,18.867409578380233,17.119109120250087,14.09897159877271,13.655636663576525,11.351627402334502,9.288762749779947,10.681004009460812,15.09796914989823,12.887451607202971,4.73559305563721,5.599564491963979,8.816932289464704,22.85191393478405,15.67994955972397,7.014492884339583,12.948692167647096,12.45204945069997,9.853745855312633,-0.0,3.9985589578469436,6.976880299925829,1.9702298691568847,10.43497690529881,14.195528888290898,17.001425335131604,6.093153084778098,5.48021538387506,9.854315459278803,2.9963561797017717,8.09306296602897,9.752305948317943,8.62018992746133,8.384693476203186,12.271973734422877,2.829182482744471,7.562278945934825,11.08222020395422,16.770568271565892,8.48602847708744,13.69138619734563,13.161578487371944,18.81332701296053,20.56235377712872,10.954698576117318,13.58074347822756,8.53469236190592,4.633635642729749,11.589944398410212,7.595894543049524,7.592957282657878,4.814552516906799,10.252050818836485,8.62325098906278,9.708227071853324,8.671735072442674,6.478269032736293,7.3228139636798195,5.510441769005114,6.499295974989697,14.585043616566672,25.551603132657362,24.417836258010126,22.035813146064164,24.097659923293346,15.094863350266934,14.398345027900515,12.00926595860924,11.041185971847472,9.05338696540992,14.521313082959576,10.206252736742726,19.88260433295263,13.414684969616573,15.255164798631201,13.680847674444871,23.312509253907358,19.012175245377875
25,15.24919457811715,13.958245362023035,12.88126659440282,22.442065287223308,19.952311492907384,13.371764948398104,16.36183605029932,16.313068481727285,12.622668197729036,13.59229985565359,10.23445138235094,8.663521714586793,9.348462251129318,13.76682082340134,11.424814907104935,3.9535731630409714,6.696395083744341,6.229437002555019,22.541032414495106,14.782086702287188,5.362243249667689,9.361387772676087,11.603792774951572,10.183117458231376,3.9985589578469436,-0.0,4.052851478579788,4.478768172283508,12.09123669680877,15.574095202751803,13.737841836727226,2.3907773519245965,1.787033947063972,8.78777912619449,3.6960740101095206,4.707263825515732,6.687928502243548,4.809626926997485,7.027651724874157,12.860876141732865,3.322285901850801,7.42391899688455,10.834323476525157,17.32645869397325,4.458008298355732,13.196530476125607,9.970458742653289,16.090544869069323,16.70882959198842,10.20583378855389,10.167876145871807,6.966583754953952,3.0056702558078605,11.88173514396438,8.179586460461582,8.38706119185245,7.2425353434734925,11.549756900692955,11.885804368021446,12.57206788514498,9.896032313325032,7.4136902951060595,8.890891880262675,6.352503969537077,7.0352497904942055,15.583597450521236,24.14603644384311,25.114457146106965,22.317851666277495,24.275520483662515,15.57828401414402,14.50442669257364,12.808264854106593,11.265994595381754,9.82649296155016,14.618193097960166,9.635154521502312,16.9717830356916,13.062007466053197,15.31049001674724,13.964509061049005,20.79650933263356,18.02404572950736
