,0,1,2,3,4,5,6,7,8,9,10,11,12,13,14,15,16,17,18,19,20,21,22,23,24,25,26,27,28,29,30,31,32,33,34,35,36,37,38,39,40,41,42,43,44,45,46,47,48,49,50,51,52,53,54,55,56,57,58,59,60,61,62,63,64,65,66,67,68,69,70,71,72,73,74,75,76,77,78,79,80,81,82
0,-0.0,2.663611460425132,3.6053705787751755,3.866357857888927,3.3006252072558895,6.111470588064587,4.600510139038576,4.751381544732413,6.551199869281494,12.029707300306969,6.144732724814934,5.885946623050877,4.712927380640076,5.029937842750236,6.287133491886265,6.038292583523962,9.145781332975007,8.471829290794016,14.85730244609351,6.583555858808354,9.392129553214824,7.069038074349144,8.817700190363064,7.5636858593399925,5.600193503136526,9.32441634431158,6.998563695135727,7.7138979802529475,7.093924926919587,6.549685886992887,5.4647206047005525,6.546786843592175,3.738822396583259,4.629156421684341,4.5041618069791465,5.9388280194216705,3.104217791428714,3.1073398653953763,4.576660753326159,15.193587340687612,6.315951208191182,4.605565350172722,3.942730077718974,5.211486748199649,3.8234510566090143,5.615445700394535,5.944653592398869,6.103533108567904,5.910597594410008,6.501191228766278,7.65272196736917,7.334434853261713,3.7303071199366236,4.486447947395217,10.907758070122513,6.556458793778384,5.296955898467031,7.220002084115951,7.085901886767563,5.463104705351178,10.059130878545407,7.324051583476976,8.48165398502356,6.71960932645088,6.006096386446225,8.87528221070304,6.572693388023485,7.739694005385427,8.728638138620374,6.825219039945877,6.967654582204737,5.4013254984311025,5.816213281283143,6.037083804911878,4.639241208271643,10.331990004979875,6.075961048101434,6.7890638413352535,11.33567505764017,7.608560446708377,8.547387255103217,8.094324819484012,8.069963377319741
1,2.663611460425132,-0.0,2.1010432766307092,3.490624689636555,4.468191148260639,4.393093393498752,3.22796830247802,3.027913958558498,5.341782284692113,6.6857679715123295,5.418029291405124,5.063925917195447,3.4393911859824513,4.026893028550096,5.479963474284708,4.809179152107876,6.910502266556334,7.692522049251888,20.729928921474027,6.039068885710458,7.904298015436724,6.088505536127168,7.62272748543815,6.7360652326293184,4.563448147374161,7.143101570020076,5.3622328081597574,6.487403419313023,5.760632853639627,5.947083978413526,5.115630479505765,4.849267689719489,3.514037258538744,4.048102130033221,4.1863327486707815,5.5116290391349665,3.978701476833147,3.6632041165697773,5.053440840808058,19.487118500546806,5.2098382981681635,4.288516099611668,4.23338422903818,6.602977025411881,4.93142298254403,4.544107190567406,6.07247223220403,5.498757334655054,5.694532677678918,5.218298735165282,9.882419271566507,6.0529126427025925,3.8750336592686394,5.178217829113333,10.963929580989126,8.396797463898753,6.350951405340072,7.528684107483265,7.0262872783125605,5.638076859994569,9.189225779606202,6.72768205372483,8.090730432562452,6.87192662247438,5.144762591411444,8.304358546980598,5.769621761974566,6.616310796848588,7.757078496269965,6.430884725653488,6.689592100292386,5.81874538064968,6.153709191894424,6.789635747808775,5.023165634811379,14.83307069323842,5.860449857708573,8.271943098757138,12.419914669742338,8.823283463460413,8.255609676960256,7.006751253178296,8.46805633090791
2,3.6053705787751755,2.1010432766307092,-0.0,4.170261198043254,3.8461462645387603,4.482638797461632,4.3748588594905,3.9038709270659306,5.269217169292668,8.701770156659835,4.833329189139336,5.31019465152224,3.8605224304078636,4.148856995609705,5.173561729377187,5.470142502924057,8.371571284836442,7.341629097588746,26.74896838004152,5.546104807495589,7.680140046903333,6.342723360580855,7.136189197112125,7.103790123612855,5.373180488083058,7.092858951447305,5.827865694641097,6.846774134150092,6.590160791724144,6.368002859633347,5.5394058883527855,5.853266923597415,3.941630808816638,4.599408160331372,4.511746571678925,5.601765103358122,5.0928509893233,5.2164700488743145,6.080479257671417,20.828809966756868,5.78440175532645,5.657266301435043,4.752415026707179,7.690176921048389,5.868468530218407,4.896664724798984,6.874714282444481,6.022459584446053,6.660715506928618,5.7042632204615265,12.591460772457555,6.29903436224833,4.502997595200038,6.442336674509812,9.726807794754084,8.655199936813442,5.729005832093542,6.363566768291944,5.973658058938561,5.0163751837895445,7.97040201445525,6.602424577624941,7.344543152001404,6.202492411298995,4.841116822596414,7.176711992291391,5.705172394205655,6.016663279163178,7.2891813183506615,5.88176992681106,5.774190976288172,4.982013162006392,5.024265018611433,5.374713701098117,4.862707207126705,14.29859796544717,5.171112725005933,6.746561501023748,10.15382599563265,7.519457090453811,6.8053774232843525,6.767153794009626,7.522899842694828
3,3.866357857888927,3.490624689636555,4.170261198043254,-0.0,2.7695903693455213,5.958781824827008,5.394873330705097,4.204187429496502,6.227314081467311,7.087942659567102,6.851697992796645,7.25372013613913,5.588717070681103,5.409662948970661,6.655423324714642,7.504009901834811,10.36490196840977,9.17746875320706,17.340950952796117,7.3997152547550415,9.270879483175106,7.864986836981395,9.272600220983529,7.917226292819256,7.298693426644641,8.837843134574026,7.757229453094207,9.693889657755925,8.424153075285423,8.907636442636791,7.621082326390074,6.8772893465447185,5.614269994155585,4.706092168173074,5.844921230714291,6.112939665914294,5.396321997226334,4.808129016756891,4.542218339245503,18.99874209113617,6.486830827486795,6.378528643887486,5.49697206734205,4.389207101419881,5.549047273588972,4.844837950046282,6.37989024866751,5.181513707841112,4.436456085031877,5.262356033571638,8.443241478974482,7.031243428665564,4.9485046327827575,3.666301499039778,12.698331998363585,8.070940514590362,7.815985959452935,9.989492126019162,9.8764844234103,7.878010813129614,9.914156124987954,8.77917685594929,8.308599186293065,9.841204864118348,7.169673230939475,10.570847457096088,8.277238256060638,8.08151894031098,9.418445034372638,7.992709314762674,8.652741044079654,7.412425586601348,7.829897806319126,8.892366121955256,6.241216737972712,12.632391162207442,7.866639823557553,9.381259042023249,16.842336820480114,10.84764922514178,10.517450753903045,8.51482066868579,9.484691322121286
4,3.3006252072558895,4.468191148260639,3.8461462645387603,2.7695903693455213,-0.0,5.779423484639953,4.099450493888207,4.281024113674974,5.190125174146521,5.960228759847474,5.509402905665984,6.614255109210392,5.2848365716128844,5.562873261419954,5.498700514832801,8.021967388814335,10.614375889962275,8.703673801719475,22.10417058195406,6.393068791729578,8.547487020999585,7.527525065284114,8.316521893269156,9.088036320712439,7.541610277206479,7.635897566504684,8.896900312257852,9.21062168476255,8.670078343529742,8.7904460661383,7.3069263742689525,6.460664643285755,4.83610802605845,4.981855760381595,4.343556816886406,4.534945469758958,4.242737516782085,3.386410745867396,3.6317597813093387,19.10358409228305,5.509185210748334,5.482640069966013,5.154695572677507,4.390629373559677,3.1761867324432793,5.026234327410065,4.921471839632907,3.8838860268989417,3.8634371783473056,4.153291629982236,7.608346413859331,5.827847982694095,3.1174138782132292,4.370028351489876,11.654336207903045,8.972504940834858,7.088133147350518,9.893589014182531,9.603452041747257,8.142369182843142,11.324577336645579,9.170673594329307,10.914062395465791,9.559440014380613,6.589657229328409,9.504444794575523,8.024992311922665,8.241329088429612,10.379900319662624,7.340278477074386,8.149433041749493,7.5269121308704845,8.172838089401342,9.006232052734312,6.2407938603411,10.673908531799421,7.574956334816938,8.631819603835817,16.076697856072233,10.488484679110204,10.199731348367248,8.888226073385274,10.618988922404965
5,6.111470588064587,4.393093393498752,4.482638797461632,5.958781824827008,5.779423484639953,-0.0,5.250224930727058,7.174153302988417,2.636672262400446,8.906222502056817,2.2044392682281733,3.396960529678256,3.7444071358054436,3.215628187065139,2.0028784413400107,4.880092478054469,5.992866569268363,4.279709455606694,23.043400425882115,2.1589924985738542,3.8332577894451156,4.1832924692017635,3.3277715894586883,4.109481186362589,3.4325893057639556,3.6033847797015266,5.075742782897761,5.17347224857468,4.885129667622244,5.531465197375197,4.115525906538163,5.113470792479875,3.421076994861408,4.33310162348327,5.232443175818969,5.162931873472134,7.039633159903666,6.384429619162271,6.812558342739369,24.07376532076731,4.7672966782164155,6.212033456420869,5.127054859459335,8.07515865018772,6.160176724958654,2.4790259802472665,4.381517475654228,3.879435454766508,4.686804697676748,3.2645574502429833,13.82707459348771,3.555912043805821,5.992004960172176,6.240912423985323,10.301945429014323,12.174683222868127,9.492783115626784,8.976578513458927,8.258475057768774,6.269653229610033,10.781989690740543,8.054401868567648,10.933017514377932,7.55031320582306,6.225305774165455,8.247318905212165,7.211494709934694,6.184744025829762,6.17363087510887,4.4019753028298645,7.592633681307748,7.9919706857977895,7.782018713935068,8.690149215517444,7.422468356718773,16.23428416397599,7.860040495698287,11.945151342734988,14.494790600693538,10.99246221742194,8.874853043069244,8.946682746720784,10.026509062590879
6,4.600510139038576,3.22796830247802,4.3748588594905,5.394873330705097,4.099450493888207,5.250224930727058,-0.0,3.8713469537453697,5.115932163352889,5.230963147255028,4.739506313697353,4.247242361086884,3.7092980300611833,5.43661118034335,4.14488424195528,5.038079975235659,7.618549922158337,7.722481162224865,25.825780076205366,5.525761024404934,5.023782592032355,6.590521534043464,7.46640847215623,8.78052637755506,4.245751884271287,4.942256773250935,8.158203688586521,7.2653290727953435,7.143513975417861,5.26842877525927,3.9458801232072065,4.919516774613283,2.543146797034546,3.8791288648301983,2.2508417751224177,3.154134173487795,2.662085932064734,2.677083800029431,4.2129350230609015,29.171592050903616,3.371113725259463,2.9957002691910732,3.1364168059742745,6.4072326672202875,3.318919457831052,4.180277760913958,3.7499535918247493,3.474472603660269,4.8998997402077284,3.3832701042711952,10.12525165486139,3.15424075822313,2.10935738027973,5.008864622547721,10.139304508246742,11.359054619894009,5.110758314483122,6.759360742446035,6.971708715599651,5.489274762809497,7.285274790898859,5.154840270101152,7.426868095327564,6.233984347252159,4.397070507413142,6.606134164186561,5.205261318750155,5.319183707088825,8.762920147679768,5.596486004722918,5.288260865007734,5.455313421838318,6.2642272331229805,6.430584585757042,3.9875566235776616,13.693917132104586,4.812336463238675,7.658703260894713,13.094312378608471,8.19876061210787,7.096143787255575,5.072137680216252,7.7044984488251735
7,4.751381544732413,3.027913958558498,3.9038709270659306,4.204187429496502,4.281024113674974,7.174153302988417,3.8713469537453697,-0.0,7.112549693718046,6.357055335051081,8.278355069504359,7.242026330505652,3.772300013162893,5.7217416471076366,7.371382501840827,5.093245272660177,7.702342363156741,9.508314365575718,23.13555433355946,9.323573012066001,8.441476920375987,8.46231989293382,10.042390263136479,9.389614216122283,5.1520632330549025,6.587362400176702,6.972753008057194,9.558523969582613,7.48418563675483,6.878930618664554,6.8519376970633505,4.119824272689027,3.6185388005785315,3.145578185351409,4.0971290597333745,4.798975642193061,3.6968741446370754,3.438863000082577,3.8632316697368485,29.522399485566055,4.094804209624943,3.883361102267008,3.657062040887497,4.963469070916582,4.3913680089532035,5.5355098184417395,5.708913088055342,4.978657053936017,5.655274063221633,4.76780613598606,7.9494821206843795,5.809334471727699,2.9009087834979526,4.062180085562976,13.762861729357073,11.267811461755587,6.9837569198996166,9.046470516420468,9.401615900239905,8.289402711454496,7.837401491422166,7.324393085242073,6.599701871554069,9.067607865177793,5.521215170053628,9.069566535860423,6.672749123164235,7.751526440744969,9.84528153392625,8.177011606106637,7.583703179035263,6.590529936874813,7.857704886561511,8.945459759466214,4.348954015052722,14.296322445420047,6.291342932031418,9.864932640631471,16.113242810502804,10.65657460957993,9.425723686686135,5.627955890781338,9.390288090526054
8,6.551199869281494,5.341782284692113,5.269217169292668,6.227314081467311,5.190125174146521,2.636672262400446,5.115932163352889,7.112549693718046,-0.0,5.159724662128549,3.048794858774509,4.082621586053419,3.521923325490595,2.567649875896615,2.4961112470211146,4.867579905337845,6.380365128116381,4.832296168756375,27.458141942456766,2.787903404640042,4.111857485851427,4.574162328915047,3.5604462244293855,3.9687196403102605,3.470004293646412,3.7504140437220634,5.59146619485222,5.553233766717999,4.62490257045355,5.350319221884081,4.349651797235588,4.816914942843882,4.168599448619163,3.6678221504046853,6.059177857759481,5.631327683832568,5.938309589465382,7.028852155334591,7.255689703968758,25.782393971462156,4.960653841916103,6.764883271015342,5.519243100928961,7.730066485208554,6.628070497998258,3.1620231363138473,5.202315915410029,4.261922291419518,3.888134467383218,4.095981629470053,14.039218856690061,4.338326523003833,5.669332787239928,6.120286374657561,10.125178972844676,12.913403713969483,8.554641500604072,9.112233306403422,8.454629146116362,6.459042391813039,9.858471525120473,7.781552446730215,10.40213158436872,7.614974157298113,5.590301162257484,8.21890159576497,7.098777797785467,6.205202417401508,6.427397929450908,4.500540005651389,7.637570806837224,7.8234836447723195,7.950962746261641,8.992467150906373,6.446545933253305,15.742901090323036,7.944034074900844,9.178550609938771,15.328071161072737,10.707507428871482,8.792755838931836,8.53105939203629,9.752775922851427
9,12.029707300306969,6.6857679715123295,8.701770156659835,7.087942659567102,5.960228759847474,8.906222502056817,5.230963147255028,6.357055335051081,5.159724662128549,-0.0,4.930891482826332,9.804122731806444,4.917002720929337,5.008654274684926,5.6823435499721215,6.477885871014925,9.345915465298729,8.263012619575044,21.08804076117923,5.330715488448383,8.521112193588202,9.020930585086282,6.242479120698083,7.982205718026643,6.140560862121,5.3172270405121775,10.849618506421498,7.915842458477899,10.184846331822223,8.200815341946127,9.363212049661684,6.654376426036796,5.152289740385717,5.121505179212049,6.11093738567694,6.587884501100639,7.425036026802886,5.300056706091818,6.953666426036592,29.40686194173145,4.919324305074522,8.02745763105401,9.989325911105142,11.954768749821827,5.073964798206526,4.1684791563983605,5.710220316679503,6.020648855963367,6.540112361820687,4.500299552914294,12.158099643339638,6.526880340417493,4.965117356231904,7.016462165580288,11.79771088027798,14.715862789995464,8.570212054600336,10.186179730077162,10.154956096039525,11.109246005963676,12.151130097206737,8.405659716957485,12.097002526971107,11.845950150369918,8.384650086622583,8.484786177582878,8.889011570921403,5.570114256289304,8.053182880422716,11.718300201657,12.067613998250451,9.767839486712155,10.772077274195954,12.602829264117739,7.504153676957339,15.073880844187238,12.582747236973155,13.30819516348917,15.775889023322549,11.75614367720983,9.64755711334173,8.67590496099958,10.46593276740239
10,6.144732724814934,5.418029291405124,4.833329189139336,6.851697992796645,5.509402905665984,2.2044392682281733,4.739506313697353,8.278355069504359,3.048794858774509,4.930891482826332,-0.0,2.3702272640405484,2.5869317350302383,2.6636497756568183,1.2490655037811582,3.428909628358232,4.946009783382501,2.7133628857792194,25.343530243380794,1.3746532573952026,2.4774039216824035,2.618904482225031,2.4870297920592934,3.3713685129299424,2.453612630373501,2.2389119191960605,3.543547307369891,3.595871075173771,4.041722319643718,3.748080345605485,2.9162844670972436,3.7914534125972468,2.826372762736442,4.37529386693588,5.587398014517711,4.683048386449791,5.521217187696689,7.1462556441216245,8.02756233251294,23.9063935943699,4.1614367579111935,6.23969073808135,4.935877812251063,8.975582616162848,6.601504747704612,3.598504303664899,4.073602366235081,4.488003299501551,5.946613562644142,4.156696044285398,15.116292149824202,3.2249836666806933,6.013358149543326,7.034225635910349,6.398537781836056,10.840470421831311,6.366817835368115,5.792135786112888,5.303994990692753,3.765890594586821,6.731122390867705,4.548920788318243,7.6922859129109185,4.783457783631567,3.879538607377667,4.6760300218895265,4.575290754296251,2.996475971919629,3.5568375403021704,2.547655154966446,4.659290344939317,4.828808253800075,4.970708117487387,5.859452030594926,4.6286244837479735,14.275612654908477,5.716559880412098,6.4851165296554605,10.591362290645101,7.244179554882224,5.177424849194132,5.737603908405027,6.071833201451529
11,5.885946623050877,5.063925917195447,5.31019465152224,7.25372013613913,6.614255109210392,3.396960529678256,4.247242361086884,7.242026330505652,4.082621586053419,9.804122731806444,2.3702272640405484,-0.0,2.773307634192843,3.630214769341123,2.4214846618731314,3.778453934479828,5.795728357059472,3.6568099173189217,20.50374126335101,1.9490418627058814,3.4135921914822314,2.6661705202591106,3.268855840889764,5.198644921069528,3.4632315748389604,3.199164315480021,4.358920881536907,4.93425439738163,5.72014093335202,3.9456951928232336,2.705068783815425,2.968802791035336,2.4900044097355694,4.694615108227004,4.315007600088749,3.7754121735173856,4.90414725693836,5.61838733577949,6.6856520485791515,22.717922690652063,3.9246741218942582,4.964373059339258,4.133849168367036,8.069681780224265,5.39483186028951,4.6189272907046375,4.817102351342103,4.78309266562529,6.489074239838403,4.815223740600544,15.622638895217648,2.6852532604185324,5.361125964746127,7.132093164076577,8.028297434890973,11.250973035979902,6.7986181723873615,6.365242092851069,6.253535091852591,5.221813209758101,7.798678247107065,5.169665776551195,8.195189405308158,5.363138804063971,4.016722398188217,5.002174690513917,3.9534568837526107,5.372404027105683,4.944095670892874,3.5077768583379103,4.588481102705733,5.459812739074887,5.619802068478615,6.196835749558648,5.125156018480062,15.074918682947514,5.0446347833680045,9.054962781052875,10.725802670715497,7.503016213966127,5.586530923157551,5.683802876179593,7.313774404972674
12,4.712927380640076,3.4393911859824513,3.8605224304078636,5.588717070681103,5.2848365716128844,3.7444071358054436,3.7092980300611833,3.772300013162893,3.521923325490595,4.917002720929337,2.5869317350302383,2.773307634192843,-0.0,2.360095904229562,2.4954896658082077,2.84974341080107,4.444437210537571,4.313654485880076,20.644332135482745,3.175782755833123,3.9707146514906118,3.4462550351837278,4.845209177244621,3.790083817100174,2.3430322037753926,2.9584786261873814,3.796101568959593,4.96929279010594,4.133590219695468,4.039557630195151,2.6075480959476782,2.7601621160548127,1.7741095335451562,3.1568359781804047,3.833487990948423,3.8949802461836525,3.446285513092516,4.320715662011287,5.157606062810028,25.383042648963873,3.235495246256543,3.693530199569281,3.2812173054409786,7.091170968684922,4.959098756346846,4.186440363653108,4.242036705078047,4.321723401654101,5.482359068460619,4.24658876934036,11.020245617415595,3.7446327985977654,3.4996155834275537,5.997341019668898,9.77586421507063,11.368909721346366,6.349463026103345,7.620134537673681,7.10020793423405,5.0571652257117945,9.437807160024928,6.259504499476071,8.633005954974843,6.296185326982143,3.700783422936619,6.52164883683535,5.100791107745313,5.40792031246063,6.7383586413115655,4.413603822119422,5.7812522190822015,6.258999137431204,6.393508176712656,7.286384463526041,4.967644812191107,14.615680210750533,5.78994504433888,7.420288098238827,12.8444290788175,8.896862619858595,7.767026723213371,6.742018517433836,8.60258502853799
13,5.029937842750236,4.026893028550096,4.148856995609705,5.409662948970661,5.562873261419954,3.215628187065139,5.43661118034335,5.7217416471076366,2.567649875896615,5.008654274684926,2.6636497756568183,3.630214769341123,2.360095904229562,-0.0,2.444433192313834,3.2061390715252465,5.555671512819012,4.118876994998212,10.06182810341759,2.4688083537979475,3.9945080055172446,3.901678244136497,3.748002536658303,2.502490175465377,2.551028273524253,3.6869069914760133,4.31037674539947,4.737868526493394,3.7128928118335214,4.0874121912226125,3.6363589653457145,4.07211692733285,2.7281295022119703,2.069935185927121,5.042461972114475,3.8646380990572995,4.807560992856933,5.497949733545948,5.6426966019896705,21.91931418905488,3.6530666939895906,5.7242395465152685,3.994401700052659,5.38105106800961,5.708387600520311,3.6029812307530955,5.6313655276046335,4.482436130495914,5.102603828299706,4.543713204476327,12.942147870692912,4.28211900205253,5.308657399888824,5.05687286500633,8.478495587813331,9.955456550155525,6.670658387471847,5.918647784965583,5.7404917984268895,4.192759888667653,7.124892196500259,5.15356749843755,7.358192432168599,5.197319335669707,3.64661689111949,5.216205648617047,4.6136160820156435,3.905242389306367,4.619687856612582,3.8725936527644182,4.8386940562506595,4.942520468603037,4.902892757033854,5.818700119454905,4.488813040309771,14.775800230825258,5.369879684733876,8.548626629926622,11.434598537029045,7.355945149627986,5.801441153182474,5.566776123056918,6.538943241727947
14,6.287133491886265,5.479963474284708,5.173561729377187,6.655423324714642,5.498700514832801,2.0028784413400107,4.14488424195528,7.371382501840827,2.4961112470211146,5.6823435499721215,1.2490655037811582,2.4214846618731314,2.4954896658082077,2.444433192313834,-0.0,3.438058255481654,4.946549936830464,2.9749980910552414,21.811766729061414,1.3956459044709992,2.1403030595760866,2.699575660215595,2.345848956166274,3.5027829155419528,2.3482932801827996,1.8577202789162686,3.981115047014074,4.17159899720109,4.260515819669843,3.6983312783617106,2.673608250712502,3.41828162482968,2.9717958199979684,3.812843379265652,5.02660610744476,4.076746340821245,5.123159051411479,5.943587877212866,7.203982872410782,27.206212668373244,3.383045482854497,5.851304800280191,4.782380100785562,8.233951338331016,5.449957009696341,2.8530521531145463,3.7993525020607617,3.6710790930625388,4.596437615193004,3.4662038268128224,13.780283549819462,2.7309183630318468,5.239443137497055,6.031662667278587,7.01248503951508,12.301708707507613,6.609497679219771,6.361585516659708,6.084816494109628,4.504745044550205,6.94045222453173,4.822509882924103,7.8730217394055355,5.266688925181236,3.9935774470801464,5.222869634718216,4.78003497536979,3.6173241975304418,4.159127729485657,2.628609572559731,4.827717046784963,5.51666701949617,5.907744733477763,6.6371232638428905,4.935701542543615,14.524604832190992,5.813324271145594,7.942527818276172,11.89149275466161,8.079449518578205,5.724680872409248,5.514475990167053,6.3952401745468554
15,6.038292583523962,4.809179152107876,5.470142502924057,7.504009901834811,8.021967388814335,4.880092478054469,5.038079975235659,5.093245272660177,4.867579905337845,6.477885871014925,3.428909628358232,3.778453934479828,2.84974341080107,3.2061390715252465,3.438058255481654,-0.0,2.6049324777827594,3.319003501606837,19.08835542102693,3.8498047341016637,3.5536174959042253,2.9068340845285303,4.662233885715591,3.441110840670975,1.2696130802701142,2.5163172098735345,2.2869448515646162,3.1013657698565607,3.0650905597006344,1.912497903400588,2.332676649409265,3.2021429269945854,4.01033755145272,4.740813864733259,4.997870505689528,5.870162022252494,5.597388059089338,5.832486381874938,7.293523035034726,25.090521953618953,3.6924343516551574,4.385974505186035,4.811618249836511,9.664746186910527,6.637145704762965,5.898736932765841,6.698683183115689,6.621171177217904,8.205039303971818,6.355048627871208,13.120422738391238,5.4252321163001875,5.277525807607891,8.15287030831047,6.070778735593109,10.6294732871892,5.069861596167597,3.3869645480148423,3.3728755108665025,2.655987221314077,5.027986478879852,2.5026163635209366,4.359919308838762,2.640548522258664,2.3058282337375995,3.021696655369633,3.261397343674824,2.8150088232526618,3.852973484672196,3.5059456257413477,3.0757096908601342,3.526021629688766,3.484688690514878,4.020069692012632,3.446682656231282,17.449038659293155,3.3699237835650826,6.51419406235972,7.424881010259049,5.006316347389102,3.5031433192070227,3.3202330586570157,4.0480699109717335
16,9.145781332975007,6.910502266556334,8.371571284836442,10.36490196840977,10.614375889962275,5.992866569268363,7.618549922158337,7.702342363156741,6.380365128116381,9.345915465298729,4.946009783382501,5.795728357059472,4.444437210537571,5.555671512819012,4.946549936830464,2.6049324777827594,-0.0,2.919082495447743,22.830312748778336,5.213861213387928,4.672508140864987,2.7723905004813933,4.6254139951786115,4.116658811775885,2.933887185497792,3.308466083177768,2.767619860852581,2.6176953958663214,3.8554530979355235,2.4607743469106165,3.7163540059924554,4.286314818995563,6.199469992958833,7.247163385371172,8.29880056151431,7.932307807715419,6.557784747633833,7.864746661825875,9.956387835521381,32.489803572363044,5.480715624595896,6.32825692554543,6.846994778825742,12.402097415053984,8.870621326048315,8.009167162913892,8.713342070139761,8.86506534355595,10.541994783801286,8.105550851445974,15.026631497255227,7.138206233812108,7.650705025578916,11.107805884794153,6.362539144250109,15.080367045454917,6.235495372017037,5.384020828384819,4.869072772488516,4.804538972456252,6.519674312209622,3.628694571804375,6.332396485936653,4.064591811674854,3.5212705269302527,4.487567266301854,4.310047197366725,5.029330293982207,4.393641178233512,4.3107661201705305,4.886652090330306,5.662246190641263,5.973148299237636,6.35090664046623,5.000452694540389,20.033901751411253,5.112174972658707,6.366473398826223,9.18909390780558,6.8889977067023604,5.382756454640129,4.727147812690431,5.406537957176866
17,8.471829290794016,7.692522049251888,7.341629097588746,9.17746875320706,8.703673801719475,4.279709455606694,7.722481162224865,9.508314365575718,4.832296168756375,8.263012619575044,2.7133628857792194,3.6568099173189217,4.313654485880076,4.118876994998212,2.9749980910552414,3.319003501606837,2.919082495447743,-0.0,12.3365285011795,3.0779401789444787,2.4123190609921195,2.130645095575946,2.2083823715309183,2.8727601015466315,2.730508287848661,1.5266117643094053,3.072841894587391,2.5064696860083515,3.7276460245355274,3.121336497937637,3.1486419294648016,4.691582476492808,4.699343123207624,6.153423671822306,7.679589703378724,5.673300168728941,6.9012265490130975,8.395212281664893,9.844535108077986,28.25052440095416,4.756285474418909,8.055543901571651,6.548767503366198,11.21442651965185,8.068223652627346,5.932272836129208,6.143136075366264,6.508840900737732,8.138103160930063,6.089005121468542,14.4907446812025,5.018543909012221,7.88314074025454,9.765985435622639,4.92619814313451,13.674483778687902,7.536920958347567,5.620579734320871,5.177047427736605,4.16518784943331,5.394528108073008,4.098866905160298,6.941378928116897,4.333009861572709,4.1633202186645075,3.9191228032934933,4.520653110785674,3.478649693316798,2.354213767175027,2.533636391752788,4.325242251227918,5.743573533313984,5.924219364580169,6.632881085021693,5.847671578576249,17.130138627586344,6.297219610822972,9.598085286340346,9.32867929622902,7.46621607919549,4.216746612874442,4.764769857090082,4.77495558021161
18,14.85730244609351,20.729928921474027,26.74896838004152,17.340950952796117,22.10417058195406,23.043400425882115,25.825780076205366,23.13555433355946,27.458141942456766,21.08804076117923,25.343530243380794,20.50374126335101,20.644332135482745,10.06182810341759,21.811766729061414,19.08835542102693,22.830312748778336,12.3365285011795,-0.0,20.611056789680188,18.588201959357818,20.331127071233247,23.611752966078498,10.205628078018842,19.27667604069788,20.314952678240466,23.50186191499443,23.177892281141727,26.135833885440775,21.725447213340065,20.268239481893367,22.617231000456858,16.006305010989724,16.26455691350728,17.87936633044884,11.52559014778854,15.528336634197585,13.856116513264793,16.13343352994741,29.450735035765497,12.228710813028608,20.889465615186754,16.0595996420427,11.683060060982378,14.810047351084295,19.95246871493381,18.12079074962197,16.603524255921783,18.874426423650547,17.69013005788518,18.193318666292882,18.334294307048964,18.97751470209145,14.889726990791319,32.93360644556437,20.26515713610743,21.25016777092964,27.204837269597636,27.205086147730306,16.26669100895536,20.445944361099635,23.280039653990247,19.664398593654575,26.757774037094283,16.5030415346299,16.17288154151591,10.46146705341404,19.464624496403722,15.503454509433961,21.722838782237925,11.878523076175835,22.8318026587278,23.082299756181282,22.39819641623163,21.67061118246181,20.184420780342023,24.308625425499606,32.160255104285035,24.433526025669117,22.30402463348907,18.161401010449076,9.935090938417622,17.329804951802288
19,6.583555858808354,6.039068885710458,5.546104807495589,7.3997152547550415,6.393068791729578,2.1589924985738542,5.525761024404934,9.323573012066001,2.787903404640042,5.330715488448383,1.3746532573952026,1.9490418627058814,3.175782755833123,2.4688083537979475,1.3956459044709992,3.8498047341016637,5.213861213387928,3.0779401789444787,20.611056789680188,-0.0,2.968366646524426,2.4404466294971354,2.377932093855396,3.2072032643425246,2.480853072219812,2.749485640810735,3.4886923393750657,3.7324773653156598,4.352845258347328,3.4882004820446286,2.5002696866970853,4.472543450610634,3.1033578272902096,4.605434462054773,6.062106424626293,4.5849315210001125,6.319388681825414,7.202956514002956,8.163547621791365,24.88605393105967,4.618263285528179,7.084458949963641,5.313611488372052,8.489488328037245,6.456034248853527,3.5399361343254014,4.4953590483945485,4.471175415045575,5.503267591398081,4.486935956424235,16.04337444906154,3.375817118995623,6.843628930169532,6.885775069051362,6.792986793600734,11.506269137174213,8.217925142477046,6.237564543779123,5.743426935930725,4.137660593843746,7.467609138892654,5.043108906871522,8.608624917927063,4.91999066696701,4.70685757461871,5.034881849307195,4.617573156668251,3.7087650314087957,3.774414812369256,2.813919954674003,5.022729422009123,5.585617868809233,5.700303008622793,6.438174045167918,5.754989604543513,15.031714659287411,6.730256932554479,10.11511366935197,10.89743591765532,8.123376388804374,5.362428252190109,6.2959971251884195,6.458698280233934
20,9.392129553214824,7.904298015436724,7.680140046903333,9.270879483175106,8.547487020999585,3.8332577894451156,5.023782592032355,8.441476920375987,4.111857485851427,8.521112193588202,2.4774039216824035,3.4135921914822314,3.9707146514906118,3.9945080055172446,2.1403030595760866,3.5536174959042253,4.672508140864987,2.4123190609921195,18.588201959357818,2.968366646524426,-0.0,3.250143815691198,2.4728605575579503,4.08589842167103,2.8731018909195445,1.3759647905994972,5.165668441764638,3.910609175659447,5.068537825559532,4.411633813012414,3.5256285963140988,4.556140077422239,4.4265615929820346,5.414571095086094,5.226023129543636,4.534998208487162,6.685537561443569,6.3151666576795895,8.691400375858729,33.62309770727184,3.2050268010792724,6.779518237038411,6.23541529667433,10.920917377606255,6.191810896067897,5.146810679633304,5.508962196611322,5.225968347824799,7.0810723757289304,4.998446161279239,15.220289363346023,3.911710021420548,5.894242657064576,8.267815003444078,6.556186896745377,15.97650575100206,7.030535505175366,6.219412666843848,6.157328412828001,4.86199092927263,6.107338336937439,4.624771080211941,7.867486347831094,5.3902072626429325,4.187603143924847,4.052650317870564,4.8877002972659875,3.1308039267886816,3.616908226179599,2.7195529335865545,3.860341061241507,6.683345807955434,7.039018145533669,7.444690026262543,6.032329876851948,17.24459244500634,5.94822025517099,10.7066950823306,11.113452006613656,7.906029462378708,4.606482826218451,4.72464028001498,5.960879524967948
21,7.069038074349144,6.088505536127168,6.342723360580855,7.864986836981395,7.527525065284114,4.1832924692017635,6.590521534043464,8.46231989293382,4.574162328915047,9.020930585086282,2.618904482225031,2.6661705202591106,3.4462550351837278,3.901678244136497,2.699575660215595,2.9068340845285303,2.7723905004813933,2.130645095575946,20.331127071233247,2.4404466294971354,3.250143815691198,-0.0,2.5254988856985423,3.086073155707566,2.06573052710005,2.222298186145258,2.1906038962635157,2.7418351567326673,3.6028590841930566,2.2947246313208045,2.0668269047058137,3.1015813584364857,4.256841744307408,5.469323526020165,7.248585928449298,6.184754603271226,5.606987643069984,8.179809836586609,8.941299778899799,25.10032571615938,4.952541035203445,6.735152620539226,5.560036380439994,8.988037641115405,7.985190506978931,5.379387777186815,5.320300466037336,5.9769425525604385,7.287729989631074,5.68272492576964,14.4625543162427,4.248597174125756,7.25661150267961,8.310259346415414,5.407860469657901,11.947831402179766,6.480973605840867,5.239928002500523,4.99580929408926,4.46518342322222,6.023059164011815,3.402069169869442,6.778755183012713,3.9328112173868104,3.6547319261908195,4.463088407792536,3.8024707133032813,4.395642743113415,3.2909100208695756,2.820241956436649,4.80981649740699,4.75448382825547,5.067902512812753,5.899636112397132,4.587319504892803,16.28789002166966,5.276789281706983,6.4951321962179485,9.85680589809417,6.809461086304633,4.845099279105215,4.899397164863635,5.0076844288124045
22,8.817700190363064,7.62272748543815,7.136189197112125,9.272600220983529,8.316521893269156,3.3277715894586883,7.46640847215623,10.042390263136479,3.5604462244293855,6.242479120698083,2.4870297920592934,3.268855840889764,4.845209177244621,3.748002536658303,2.345848956166274,4.662233885715591,4.6254139951786115,2.2083823715309183,23.611752966078498,2.377932093855396,2.4728605575579503,2.5254988856985423,-0.0,2.896408003945544,3.0036390609652943,2.1997863769894557,4.0138313507377,3.5103984531349957,3.7044611041709588,3.9033617938751135,3.644492100297427,5.810905334556551,4.103784795410793,5.099096689521162,7.395801140156858,5.898324589186069,8.066797667520689,8.11885572720712,9.209546971110218,29.459574267940695,5.5357926856012165,8.160762002616277,6.203181823548691,10.484504453979024,7.683944103249148,4.808272375596285,5.8601035782566955,5.7821961115454625,6.392218155404006,5.668076398720709,16.98391608283263,4.3508254612451465,7.856755799745702,7.864875365587958,8.289514041625072,14.570123426899356,10.047049691459735,8.289026841003494,7.537058944698027,5.659438021289517,8.053697750633663,6.7972606760734,9.488182923630355,6.539886236832829,6.187220158883648,6.405073102654026,6.239265468552571,4.867501375088194,4.16791356438172,3.0718047053449475,6.635074740422694,7.633608904574357,7.6696157571960155,8.503777763387909,7.24515403942286,17.463797839702764,8.212997063608348,12.580843759050762,13.42790192831956,10.522448303973604,7.095309484617303,7.73023789454568,8.300481327311084
23,7.5636858593399925,6.7360652326293184,7.103790123612855,7.917226292819256,9.088036320712439,4.109481186362589,8.78052637755506,9.389614216122283,3.9687196403102605,7.982205718026643,3.3713685129299424,5.198644921069528,3.790083817100174,2.502490175465377,3.5027829155419528,3.441110840670975,4.116658811775885,2.8727601015466315,10.205628078018842,3.2072032643425246,4.08589842167103,3.086073155707566,2.896408003945544,-0.0,2.5688919974055864,2.9307948952083867,3.161133636938441,3.196396325007604,2.109977261107472,3.312763662444325,3.675547064771502,5.184920403572274,5.595609499602598,5.060503764055402,8.97611327281239,6.997434918518586,7.311805732072002,8.969087017366347,9.633817940743848,25.556383882823457,5.435585586364138,8.709630981436469,6.9788118989624355,8.623044828625948,9.12864248105004,5.998596083621036,7.486261614483534,7.036026331943458,7.6135163168484965,6.864061452842201,16.01835391191895,6.55194677005099,8.871072940271794,8.080260937811106,8.200238895113081,12.636840987507973,9.139080606623473,7.067451582776321,6.210318134845852,4.699457848089786,8.119214829075275,5.772233738886237,8.458746530744854,5.3753131340135205,4.6680066449265825,6.065977677348382,5.491783008719751,4.84617185651003,4.000101470919779,3.7344508794108,6.113254990762972,6.282987803184992,6.139888850088741,7.492844006920015,6.198110291017749,18.388380780441636,7.645836851460189,9.904654008188656,11.87183128338444,9.101666535302577,6.888765320404929,6.779871230179714,7.13119782955254
24,5.600193503136526,4.563448147374161,5.373180488083058,7.298693426644641,7.541610277206479,3.4325893057639556,4.245751884271287,5.1520632330549025,3.470004293646412,6.140560862121,2.453612630373501,3.4632315748389604,2.3430322037753926,2.551028273524253,2.3482932801827996,1.2696130802701142,2.933887185497792,2.730508287848661,19.27667604069788,2.480853072219812,2.8731018909195445,2.06573052710005,3.0036390609652943,2.5688919974055864,-0.0,2.194752989892293,2.4320418501432206,2.6039467898244384,2.799342744110873,1.9984440580520195,2.0877211757238725,2.7895429408844605,3.8304501353850062,4.10303553477642,4.546949298290729,5.689789012777291,5.688369538228484,5.181159816476525,6.7827175954019605,24.17880047882391,3.417528607186684,4.064323001903904,4.5821904294153875,8.751214885955621,5.890141978423254,4.916355908402933,6.223869709296902,5.806211032750813,7.232904968415938,5.602182398094115,13.066235302236224,4.807409169103476,4.910263039927211,6.859917456276291,6.222866792678581,10.33564432503979,5.939468891876556,4.5900874383953605,4.303226215507313,3.022012518853442,6.134610039338499,3.5480414540564893,5.786952123292715,3.456596768236202,2.752395976107036,4.041239616142494,3.6019971623788676,2.987403626039065,3.1574602609692604,2.587278495632787,3.967693270982702,4.25854842123027,4.112522550974584,4.873066045853619,3.613652041177512,16.621999022452528,4.116914333661242,7.982284318806416,9.322374030984992,6.234488517995789,4.684257307920198,4.341299646795185,5.340302468741531
25,9.32441634431158,7.143101570020076,7.092858951447305,8.837843134574026,7.635897566504684,3.6033847797015266,4.942256773250935,6.587362400176702,3.7504140437220634,5.3172270405121775,2.2389119191960605,3.199164315480021,2.9584786261873814,3.6869069914760133,1.8577202789162686,2.5163172098735345,3.308466083177768,1.5266117643094053,20.314952678240466,2.749485640810735,1.3759647905994972,2.222298186145258,2.1997863769894557,2.9307948952083867,2.194752989892293,-0.0,3.7299017371038037,3.4413115419765683,4.259641379176994,3.666686280082726,2.902318209826499,3.158907497767102,4.156473444654992,4.835372910741447,5.226880218106437,4.627593668708852,5.587330078723301,6.106713160729505,7.9471730343578555,35.41008007980661,3.1948473690337162,5.876458999697519,5.6154981143629845,10.339777151874797,6.27567632529101,4.7231831845138466,4.844232246520515,4.857762980652798,6.585828503623485,4.551876687057022,13.528568829602325,3.5884810049125666,5.1418703377930655,8.173856852471866,6.178992058770658,16.453022097430168,5.708955496775243,5.9226573668537075,5.8385502996601915,4.792557495420816,6.223433896821837,4.178874430323519,7.388459840743238,5.300054933780442,3.3595118430671804,4.072772840194363,4.443589295604976,3.1234458937503553,3.530688610682053,2.646594706007386,4.180298011572435,6.316507683697365,6.790153011172794,7.283561174106255,5.1198747957536614,17.098803584854373,5.12187443306045,7.531985527029261,11.164735912075715,7.495748754066305,4.805651284196667,4.823073952946379,5.811549022489159
