,0,1,2,3,4,5,6,7,8,9,10,11,12,13,14,15,16,17,18,19,20,21,22,23,24,25,26,27,28,29,30,31,32,33,34,35,36,37,38,39,40,41,42,43,44,45,46,47,48,49,50,51,52,53,54,55,56,57,58,59,60,61,62,63,64,65,66,67,68,69
0,-0.0,4.951929481001083,5.05579862177021,7.21885303022723,15.282706259842708,15.618650931943504,14.991770960291184,20.34982429394009,14.96136865622499,13.331335741335938,19.186367189822437,14.049008096845528,14.871424229431904,13.036717617520706,16.23667826061136,10.098125422502292,9.824821439925019,10.397092152723078,11.527453851695402,12.891864032376661,11.803423164706034,15.5880340148855,16.916557155554923,20.724970327431304,14.024906031503761,16.900371425062964,14.675440989557215,6.83515860998851,7.342100033056343,10.477355341322726,7.569257260942116,9.661740200690488,17.308423356753483,34.09985693406857,18.31920290072177,18.178753368233114,20.233507163071735,17.15885298342878,11.21889778184103,11.960186688827656,10.911733859588322,12.028002960555552,12.998137793304645,11.275937936674724,12.723841610797889,11.705861763611098,13.487567416489327,11.910390817577213,10.995397279987284,11.105166462151718,13.031873141442992,13.055426091620335,15.540956781956357,17.223637025045193,23.32356465552085,18.541875996046258,26.468115374146493,25.643699282861206,16.640533938829407,17.513468814957065,25.261656378156772,24.079636244978328,16.302114530354704,13.403069563653982,15.20076514896844,14.174871662293505,15.755585037132594,18.550891488166,19.456848798960593,23.649321847578907
1,4.951929481001083,-0.0,3.5950462428993837,5.490318418168046,14.787868457369397,19.01854138989919,18.723975951695177,25.673827946052217,17.68905954052389,16.934106228167696,23.677452277520693,17.888451977044404,20.098747818853617,17.032071534115005,20.41776420097415,13.521271656677246,11.665249718343778,11.205682198722881,13.178753367449593,15.64160614610223,15.567631596002663,20.35097938819167,22.132752816603702,26.00580435751212,19.303612957766262,20.351813639763183,19.74913221553988,10.24479599657753,10.749811674101654,15.004696281290723,10.2258479268289,14.235751434245122,22.673184232944568,40.68402518388777,23.05852131087547,22.03672718801145,24.14321233861308,21.85131351712685,13.754714416875288,15.591572302914116,13.073053787504724,15.103085681347686,17.77262954511256,14.764777862949146,17.204077104450985,15.954979338405114,17.407046049172248,14.675512097554734,12.168492884140665,15.354383405633786,15.378930041345493,17.227480132216794,16.305483995567286,21.07288942143328,29.296898017802214,24.12162035717176,30.136509399886197,30.716788683800583,19.77791205680591,19.818696602215017,31.186660922527683,29.606550048253126,21.52673544537716,18.022301898084713,17.040083923189645,18.39976549270343,19.191005774038555,22.952551863065967,23.012479479383387,27.577381837632164
2,5.05579862177021,3.5950462428993837,-0.0,7.310489930306796,16.550385408269264,15.556803589337028,15.607314821268318,22.29640330731182,17.52588514727667,14.445297147503794,21.36136842710954,16.573860158266143,16.606577803872838,15.350085439052883,17.522257757393273,11.103556171537209,11.315333233104775,11.904709809642943,12.22944348011834,13.535778610578562,13.39886592293662,17.039638756933368,18.094760276444696,21.188441074887702,15.640346784165379,19.666348351289184,15.690509094128469,8.761233862373842,8.759850974547577,11.854396167729492,9.876406536116338,11.063031401301751,18.908439688841348,35.37285716225782,18.715276610338247,19.489836834285683,22.336338676663434,17.85287932033154,11.504331208129507,12.352529783598847,13.524496687101983,14.814669014574852,14.266741283587919,13.43531404048227,13.814610469616113,13.017007443254444,14.430786580629709,14.252777000286839,12.907483934285365,11.940447191370604,13.757848899878908,13.637404748172004,18.303328412082113,19.313674678045533,24.487172079554913,20.40332218716951,28.01067576981807,26.31593987136224,18.213814830388614,16.33199124791639,26.34312979916323,24.669560382378346,18.51458821123426,14.367554450170099,17.503838911626104,15.063999099896073,15.852346742729562,19.243048055889272,21.684785692713668,24.540608615016538
3,7.21885303022723,5.490318418168046,7.310489930306796,-0.0,7.635404203384952,10.969892222436897,10.785685771833837,12.88267984726946,9.237218884122049,8.921039481224229,14.56747743035944,10.703607226569364,10.993160731877548,9.066490291119615,11.235053354273514,8.400711330560034,6.863854481099048,6.543406269408553,6.9549925034073965,8.004222424683062,8.742859161846413,11.02427598173252,14.060647749607252,17.151436675385888,10.663636927777896,11.1874708165987,10.970376430556131,7.475871348486409,6.5538127827938935,10.362776050569247,7.085794554392452,10.078347318754892,14.786365653095308,30.557153404793727,15.084397549531781,13.670442027519142,14.036709749942506,14.237740042135497,7.446779275985084,9.23649818444585,9.065145638529,10.79259135180223,10.926724124449322,9.986985743254046,10.478449763960505,10.310325645891677,12.412776509704761,9.688935866277262,6.875859235270952,8.970499263753593,9.705687139802494,9.839237489471405,9.501858338443242,11.66379189833373,18.987103902085266,13.850313563198878,20.498027042377856,20.7841827228935,11.165847035554949,12.037361533475032,20.308002990617727,19.503839822338083,13.69039440331414,10.760215752186134,9.68389638858923,10.223108347047734,11.274180909739941,13.073714929774054,13.436162051264834,18.449710504336593
4,15.282706259842708,14.787868457369397,16.550385408269264,7.635404203384952,-0.0,2.4456145127428597,2.562191836458845,8.643289113778971,4.223473030497843,3.545289524930812,5.192273472731721,5.720482381146984,5.715238295910572,5.408384404156358,3.267920337802003,6.201162883986615,4.833781484614902,4.090653592577138,2.7679143639802497,3.066418363839746,5.503776444437829,4.1637898144051375,6.379970061055593,7.199796383009148,5.731521156261269,4.340820100702363,3.3360799111948696,7.525140676183033,6.500340352794234,8.498177740403348,6.592451087889261,8.889643108012748,10.08851152884833,11.17553588166906,3.89760314405394,4.262742178141446,8.776476225559918,5.4078449586388295,3.6239032510692017,4.300895784564085,7.029646926456744,8.34813157150903,8.044215740801874,8.207832124061028,6.614197240071611,6.562334299026595,10.36507427864292,6.512670350630335,4.952130474439202,5.272859927094395,5.52658260134371,3.2408405263585305,4.0278167275866394,4.107980823825469,5.930679337004633,4.139653581478595,4.7982727270172605,4.911798744036014,1.6997497550566296,3.8786307608233135,4.798462016548385,4.914880936323886,7.884561847237808,6.712491809446852,3.4305938662026008,3.8400792744788976,3.40679083090346,3.0613522214628524,2.7784575990764453,3.7449483147374623
5,15.618650931943504,19.01854138989919,15.556803589337028,10.969892222436897,2.4456145127428597,-0.0,1.9135177522227937,9.021088605100315,5.552697869764939,5.60058207040926,6.784689048773343,7.39310520263351,5.848765681281363,7.334946387707737,3.6644085279250813,5.70319421518888,5.288326695791507,5.018036360427034,3.9554839018819448,3.8438734943832173,5.956030906349902,4.671882537600374,7.310314328622625,6.350442792449641,6.354032527863923,4.682327881755516,3.9614058246059654,7.886904773829396,7.222248261228677,8.365889530753183,8.209318497141021,8.223238373519585,12.128651892004209,9.653253208076018,3.9539988059206834,6.329226809978622,9.139178091029503,6.172648686295304,4.294849294892633,3.834147783073413,7.153617829289988,8.56861306412918,7.240381686323276,9.137054208371316,6.440826012341614,7.100942518555653,10.909700381145349,7.810577592222782,6.919094246441268,5.925170346465022,5.666256349999211,3.36617256209101,4.051200404084164,5.093101409760614,5.5292520213450205,3.6884654626021542,2.975072312511252,2.347344587730222,1.6061496328208642,4.137883398586188,3.0149263943979054,3.7116350989189,7.854038816514652,6.19299680540827,4.373995466430036,4.042064588223415,2.4949550497653266,2.6114449496480474,2.440399437676831,2.1997310377871635
6,14.991770960291184,18.723975951695177,15.607314821268318,10.785685771833837,2.562191836458845,1.9135177522227937,-0.0,7.03717600409299,5.129044885108635,5.275920701639035,6.677129702454651,8.48887605018698,5.2483343991594005,6.5232039224736384,3.2209666028886397,7.073424049508134,6.050878701317644,5.480831927783986,4.520120743854463,3.6139221326453765,5.195534258766542,5.19801737711646,6.686609546349777,6.539285750533298,5.528479398245886,4.5791368697335475,4.4519560679266,8.57472750661359,7.277985928921282,8.706929978457318,8.941282132926341,7.820406405147131,8.56041410255489,9.904977691012553,4.520193304996322,6.37598990627522,9.053433138669062,5.083842266571979,3.53118924702835,4.34903469320532,7.5738065082830035,9.574557894088361,8.097403549651442,9.44246872894496,7.8800939066928635,9.312617121354231,12.40902580339038,9.042030810326612,6.305073440815156,7.2838462704602644,6.079953519097502,3.3661379908248055,5.34531926384232,5.486939045384343,6.11487883395784,4.418803646502936,3.451010282651825,2.979644647980424,1.6197822217558449,3.6650108783102344,3.4454837155869726,4.456615985866579,8.548932046345481,7.309945845319193,4.728296052701766,4.1528198711517055,3.1616112577528606,3.3623814665990146,2.83763153818243,2.6104404156234335
7,20.34982429394009,25.673827946052217,22.29640330731182,12.88267984726946,8.643289113778971,9.021088605100315,7.03717600409299,-0.0,12.810776287581406,4.596005149697973,12.881468843940983,12.232822391491158,12.47611223944599,5.273564740412523,13.081686169611501,12.113032399152818,6.938220311398477,8.293064516040372,8.015731970719953,8.382999036937992,4.5217738315858105,8.29994273035565,5.574457308332298,6.842025684419192,4.397365768557569,9.067282196932371,6.6737135342630385,9.088753642585178,6.54998407019552,6.814092551655346,7.859195056640487,6.848621414820794,13.380261771508838,12.746351900057427,5.388429525528681,5.9475129134748475,4.545675918010478,8.648640097472537,9.9758359715083,6.7107080729147,8.188180557264824,7.185806938120131,8.74427788398754,9.71794423420138,12.285599997168115,9.856978313739702,13.257798542200728,9.833590165885779,6.214349920209094,10.750792493827165,9.038457153344394,5.504741145617286,9.50145302426213,10.791797611529805,10.382800279229164,9.80384339477605,9.360189684728896,8.404960801631658,5.326066567097422,12.077038930067667,5.332308187377962,8.441777201722307,9.223642558633703,9.109275196505951,10.23458393884948,4.055907250401199,7.905101050082582,7.761682109335754,8.422422154045337,5.981240616403979
8,14.96136865622499,17.68905954052389,17.52588514727667,9.237218884122049,4.223473030497843,5.552697869764939,5.129044885108635,12.810776287581406,-0.0,1.9657163647468725,2.1589273872266657,4.220434603665085,2.270030582190491,2.195885107164602,3.2317400375123873,3.5097236088391472,2.7877709908335957,2.732710193881857,1.8919480509657727,2.1773965453695823,2.5918456402736685,2.1964920844896465,3.583564783499051,4.887355999818489,3.6562789136028147,2.2697713814486313,2.929915440208257,6.472481407582252,4.819431494638802,5.770559406627891,5.585114704633017,5.741601690253108,4.608443663335516,9.658619746518413,3.3114766762199017,3.187576110155635,11.99683650403984,2.631709191885936,2.469061566409242,2.95670563195543,4.164972452315851,6.365506857608936,5.41598051416598,6.156208053745865,4.595295769327297,6.418029769988324,7.872055593967728,4.9521249349039325,3.4666240208716075,3.0401308221615304,2.833323195564668,2.9941170970465327,3.203632531866889,3.0148098267910464,3.8334964567668894,3.26394121522582,5.492374916381136,6.030400364924253,4.615725597873995,7.463214133135111,4.986935280553533,4.62132407239484,5.015128789874998,3.9696668136773883,2.414878672868415,3.56731813193315,4.408260007969811,4.455488624677144,4.158067452105165,5.351788447493862
9,13.331335741335938,16.934106228167696,14.445297147503794,8.921039481224229,3.545289524930812,5.60058207040926,5.275920701639035,4.596005149697973,1.9657163647468725,-0.0,2.4008868966116377,3.086827219329789,3.000598640162244,1.8904716201313558,3.388282674481118,3.9037974451650235,2.8928450814762137,2.5095670147759135,2.0427183968865585,2.0695728456326803,2.5012057756110733,1.884363967126591,2.188051071287066,5.6278843829874425,2.0401370806748114,2.4566559128754437,2.46290000902297,5.129248367118303,2.978929733909924,4.359813412390172,4.207879664276617,4.648043839557355,5.108416183150687,9.933734240506904,2.471935594120241,2.7344063399159046,5.609998829756602,2.158870355762643,2.2243006691090716,2.725348012666341,4.161005672870769,6.215328279022277,6.054171156135243,7.068839422304254,5.062495578547893,4.430724961063343,8.921493245350085,4.226328144378614,2.1162031123742615,3.26501461410177,2.9858248951302735,2.5248817329668998,3.4230823068410094,2.848368463080366,4.686157282793038,3.3296682973595257,5.857343938160049,6.198861154949034,3.7461693131812828,9.255194308736286,4.670495726174022,4.583007871756315,5.245052154078052,4.307843679891919,2.779793148776113,3.1373712087321337,4.242267801970829,3.838520680142615,4.426906218601358,4.793289562633099
10,19.186367189822437,23.677452277520693,21.36136842710954,14.56747743035944,5.192273472731721,6.784689048773343,6.677129702454651,12.881468843940983,2.1589273872266657,2.4008868966116377,-0.0,1.8621767880188747,2.2975845788304876,1.618619930433566,3.7461872744325984,2.650347779577785,2.986729942609627,3.207981252652433,3.1390628146375414,3.184543450771983,2.0583223730250864,1.6779884335935757,1.7854045008487813,6.232556949913432,2.2074978414500537,2.0679202708829902,2.5044954740313594,6.404570027158669,4.595859302820075,3.8391887953835724,5.376721450562845,4.921405241101149,4.110179235103031,5.23786317391764,3.6710364895596683,3.3259298555768866,11.869804540009149,2.038943965168712,3.2387789948408776,3.5035359906531967,3.4010492499711966,4.153655591897571,5.695044162663776,6.165384970510799,5.250718325106677,5.259939393209542,7.025494817960609,3.432551599195826,3.0437502833788077,2.5785144921961805,2.9667430489321287,3.1613090903994694,3.1800988150865774,2.1101184119836223,2.7987404710017043,3.1182444389593615,4.338397216040197,6.034437270362351,4.786131816426897,8.275404880114051,4.17486726851651,3.703034215932209,3.486494271690962,2.359573670823897,2.09247235811115,3.3834232121448444,4.913631245301167,4.413441815571233,3.4235214906801326,4.8137759071806565
11,14.049008096845528,17.888451977044404,16.573860158266143,10.703607226569364,5.720482381146984,7.39310520263351,8.48887605018698,12.232822391491158,4.220434603665085,3.086827219329789,1.8621767880188747,-0.0,2.0407045964474664,2.646232676801937,5.23859599641774,3.0185400135338547,3.1239732057882694,3.038510774604118,4.45939716355383,5.148698418002699,2.4079430645455266,2.628309178599033,1.5752603712198765,4.845572089854629,2.458748441497198,2.2220106227419203,3.424405335364402,4.730710524363694,3.2520905890200518,3.2905812142553987,3.552810807169987,3.4746341421637528,4.443927755277362,8.719882110780489,3.76034278808975,4.303871166990571,11.031913746413267,2.9540608817635956,4.807055809230132,3.409028374126902,2.4099462081136616,3.3485338679225785,4.119384535370409,3.7515270707197006,3.506534035627444,3.300892487917514,6.659808318274734,2.829562541800851,2.6852329466029548,2.481879481503451,1.9403844317387295,3.4791806996529706,3.2529281398818353,3.358879331824556,4.2893811129383055,3.4604387290777936,6.094096973905615,7.604941362242889,6.231327995873396,11.580500141041497,5.78068000087943,4.6026046186618785,2.9235284970106403,3.120713569504511,2.832712212285788,4.468540034032307,5.1764032555609,4.166774917514305,4.245572544728608,6.163814111870885
12,14.871424229431904,20.098747818853617,16.606577803872838,10.993160731877548,5.715238295910572,5.848765681281363,5.2483343991594005,12.47611223944599,2.270030582190491,3.000598640162244,2.2975845788304876,2.0407045964474664,-0.0,2.410131859122107,4.091672792980191,2.268359213282517,2.8145148535884172,2.756184528719433,3.149725854900496,3.074327170706675,2.4739855152974393,2.00830248856711,1.7412341639589992,3.0097564480799868,1.6474959555785218,1.4334636944386097,2.6535290505027,5.439297103846984,3.561911168747617,3.4276153396895555,4.554784208672077,3.5118125280132935,3.8749995801148103,7.380514362073104,4.013962569928922,3.9777306754082224,11.533953072968139,3.2398501327194666,3.875390454813619,2.95323747685958,2.9293195475016995,3.442080389237755,2.641172042248613,4.050515284882565,2.883477705169952,3.8159887221664284,5.534015654741763,3.27758263462082,2.8907384738270836,2.3302472154620495,2.5571714310424962,2.937130234240058,2.697771204604786,2.0871587332718002,2.26722090791671,1.8717623970932429,4.938972931259005,6.176660014935898,5.233146844683641,7.876530552411205,4.003225861885071,3.697142800849553,2.942624978284413,1.7284098863831074,1.923729481790475,3.3600530026668576,4.303493377807842,4.618452275943325,4.146025432123936,5.162896236010226
13,13.036717617520706,17.032071534115005,15.350085439052883,9.066490291119615,5.408384404156358,7.334946387707737,6.5232039224736384,5.273564740412523,2.195885107164602,1.8904716201313558,1.618619930433566,2.646232676801937,2.410131859122107,-0.0,4.404868942112313,2.935839879716422,2.731047786621646,3.029878254627625,3.597490404735973,2.9042959730529603,2.622459552117311,2.0708008850365887,1.8892159439976055,5.391619265541239,2.607889111967774,2.393535482747274,2.9116258133556987,5.116682434871773,3.022078134374872,4.698179922972999,4.415828809665743,5.626264199329668,3.574770416648407,8.398512116578592,3.20507083983033,2.618718556013323,4.68989670745851,2.672751545612244,2.9359195641413582,4.104583083582943,4.920665713231081,4.703548592291869,5.5179700647067715,6.126557560509053,4.439604583645806,5.128812794493484,6.639429979694925,2.895734414755502,2.182733854572442,2.6260552543925293,4.4531377104867,3.4526554309899242,3.778633018883597,2.717989622372811,3.9152956477660448,3.446756786314486,6.328925762295512,6.823053292988821,4.554195699734531,10.34012009308233,5.15005384953203,5.146899033694342,5.438422296704978,3.4259678963010893,2.6215356165781145,3.2411314442330994,5.668726879015793,5.374868805564442,4.83683587622735,5.489254075118555
14,16.23667826061136,20.41776420097415,17.522257757393273,11.235053354273514,3.267920337802003,3.6644085279250813,3.2209666028886397,13.081686169611501,3.2317400375123873,3.388282674481118,3.7461872744325984,5.23859599641774,4.091672792980191,4.404868942112313,-0.0,5.340031291128695,4.634657555698773,4.3862243572065625,3.2847176916234857,2.5618031831757087,4.913411399456796,4.0724502956645425,4.932144717361437,6.339022393576938,4.040812030379123,3.8801451019268534,3.3424290146439337,7.488887867145849,6.1505283504105,6.862879458542059,6.995391020450864,6.087945181655913,6.126322626757567,9.3125804603242,2.9793470565256333,4.2306347400508,12.282104921875106,3.9318303437618427,2.6813622756888336,3.446773470175836,5.71788050669184,7.676910618177643,7.826030697771426,9.96118629645216,6.695437215391238,7.7643091929235,11.429956819577246,7.3746806062605215,4.688951198928311,6.087518611586769,4.897633553225926,2.555633343446769,4.034449496781742,4.217351443932446,5.143084735519023,3.391491759905479,4.1133897099432275,4.288097641708226,2.9873218186652233,5.328853384529054,3.675105706810719,4.231372757891989,7.01232494592097,6.111067771969985,3.837289223954012,3.837411744419568,3.5377442458466755,3.2801708832285623,2.7004046822411887,3.7583798145541105
15,10.098125422502292,13.521271656677246,11.103556171537209,8.400711330560034,6.201162883986615,5.70319421518888,7.073424049508134,12.113032399152818,3.5097236088391472,3.9037974451650235,2.650347779577785,3.0185400135338547,2.268359213282517,2.935839879716422,5.340031291128695,-0.0,1.4902059282822415,1.764512114614438,3.291373376134311,4.765718284400393,3.352595470862534,2.5722965138487037,3.1669155248305207,5.526374995327905,3.1132150230398263,3.241620545665899,3.417786208652899,3.182609584020909,2.3805089320690045,2.7504764018710257,3.0694595925574175,3.7054038980968937,4.950732236682313,10.241891677172175,4.532630945383522,3.8935570325706266,10.588704385957103,2.7625859295821287,3.332942013310231,3.225561409019263,2.3497182067318834,4.513064110929788,4.209129151803486,4.938728191058912,3.7309152905833316,3.9905604926126506,5.243422193055487,3.4621593150219208,3.5631127476218274,2.5260804809265367,3.1905871277186235,3.801960435187276,2.896684137717158,3.298799626020063,4.574084322911652,3.771680538310741,6.928853248077375,7.087990869509664,5.948740939726408,8.357420868803167,6.25292035421008,5.18544011439425,3.4750287486146583,1.7953781821749766,2.8349651617735527,3.4201199257505235,4.046877624075201,4.624713877757702,5.197888033635803,6.014522113978733
16,9.824821439925019,11.665249718343778,11.315333233104775,6.863854481099048,4.833781484614902,5.288326695791507,6.050878701317644,6.938220311398477,2.7877709908335957,2.8928450814762137,2.986729942609627,3.1239732057882694,2.8145148535884172,2.731047786621646,4.634657555698773,1.4902059282822415,-0.0,1.0285335162952278,2.204749834257137,3.179234457283813,2.4033245970106845,2.8884383221942125,3.4970771983895186,4.853238744059196,3.1625765831741357,3.42076211409937,2.924793221402557,3.5781169091014804,2.5452951607726946,3.6297732912589766,2.981670936296597,3.5378161818733433,5.240339102428921,10.791394643400112,3.4386786740513022,2.132191639256846,5.4241830216534925,2.3620342255927795,3.0997284092691713,2.408454356336519,2.402752133498799,5.015042591950117,4.290179428438324,4.93026969594193,4.270534971152012,4.81553749397524,7.0363214332035895,4.28280455844659,3.393040125368124,2.9045178483131764,2.526963286419328,3.404974377253418,3.14116102139753,3.609848556563048,5.477420619263228,4.572557677591909,7.086844016006631,7.7001557967806855,4.150867996866627,7.201758923877281,6.432866000892305,5.553921284038192,4.156362685849141,2.7852186241037953,2.7311193293781177,3.248701721390278,3.7744244323093845,4.409663371059166,5.3846734067101885,6.233778573296294
17,10.397092152723078,11.205682198722881,11.904709809642943,6.543406269408553,4.090653592577138,5.018036360427034,5.480831927783986,8.293064516040372,2.732710193881857,2.5095670147759135,3.207981252652433,3.038510774604118,2.756184528719433,3.029878254627625,4.3862243572065625,1.764512114614438,1.0285335162952278,-0.0,1.6663466046644502,2.959688767668041,2.3883467193900434,3.057005415967582,3.3799767013710458,4.588094921200193,3.2291965185868046,3.2566917352145057,3.2830252825140485,3.7651740926684214,2.7625367651650707,3.524237816471647,2.9362496903212567,3.5762891628506224,5.368842374163946,11.38276347040674,3.3597409962570723,2.4710804163062075,7.0707024386965855,2.678006270734957,2.736337047934481,2.2447671647100975,2.275466779581983,4.546929376964454,3.8445113712768793,4.8852493895355655,4.262986856464015,4.899363757263516,7.137042038068006,4.51791135278567,3.2343219076218763,3.114542803810495,2.488784350737701,3.3274864268235147,2.7994439638737263,3.9281368528743847,5.861992240264096,4.896856323318018,6.978594060739488,7.692306145109738,4.6235899149981075,7.99706758053176,6.845225804842492,5.981329248186361,4.552015900449537,2.8998741406902733,2.841121707218213,3.4445451946433296,3.874473158030281,4.699045271805369,5.395640130115439,6.099913755674441
18,11.527453851695402,13.178753367449593,12.22944348011834,6.9549925034073965,2.7679143639802497,3.9554839018819448,4.520120743854463,8.015731970719953,1.8919480509657727,2.0427183968865585,3.1390628146375414,4.45939716355383,3.149725854900496,3.597490404735973,3.2847176916234857,3.291373376134311,2.204749834257137,1.6663466046644502,-0.0,1.9198861405933518,3.314676855241695,2.958371500375314,3.8326607456739823,4.641382713652656,3.4865098644650723,3.1103587987956525,3.1176102908110086,5.245490888465277,4.246933205242606,4.873068366825248,4.712951975386536,4.985839078921736,6.0357201416187936,10.674365432580997,2.6327243725035547,2.4349236111415897,7.838034392077283,2.221573268395925,2.118656949491557,2.650210543608672,4.173473990234291,6.172400920169351,5.635153390667454,6.59395954327687,5.646014081532928,6.669786422915995,8.48043333798134,6.18701014154748,3.350602735716951,4.1636577020500924,3.739876840419414,2.8604028823934873,3.375697561983802,4.0789789401126875,4.802061365387427,3.897136832965026,5.708645722584195,5.919074854105418,3.3812196048155356,7.196249696240598,5.2036285603147086,4.787973666311889,5.801001477510891,4.08746963932741,3.214671735985492,3.0999741952056765,3.556477649074728,3.6244848370894514,4.431128393742609,5.009965857048145
19,12.891864032376661,15.64160614610223,13.535778610578562,8.004222424683062,3.066418363839746,3.8438734943832173,3.6139221326453765,8.382999036937992,2.1773965453695823,2.0695728456326803,3.184543450771983,5.148698418002699,3.074327170706675,2.9042959730529603,2.5618031831757087,4.765718284400393,3.179234457283813,2.959688767668041,1.9198861405933518,-0.0,3.001868359133745,2.659612344783366,3.955686747674296,5.0548225640032145,4.013821541519006,3.2310447468639305,2.7593794402721565,6.228895997870945,5.1036283201775605,6.334923455919108,5.904745792058174,5.729841843196336,5.341030187428355,9.577700627927735,2.8625166959017174,3.021437629757298,8.39054303608545,3.194916098291352,2.0013932311836666,2.652690028648064,5.351350836722024,6.941074780272954,6.393744301303967,8.23648578656002,5.76524697315971,6.9631532157412455,9.095178780206046,5.595180064359267,3.278420302487452,4.331057365716427,3.9189898813080215,2.5366573927615255,3.8370142282694277,2.913354783952053,4.33587364646604,3.461196740800156,4.737955591704689,4.793103225761278,3.143580913715314,6.786465882271492,4.0216772397757525,4.337071071913045,6.074862544491028,5.124772159670252,2.8880221876810026,2.7971511277740313,3.150297621992781,3.5371050131218693,3.8055386942417306,4.055658750905362
20,11.803423164706034,15.567631596002663,13.39886592293662,8.742859161846413,5.503776444437829,5.956030906349902,5.195534258766542,4.5217738315858105,2.5918456402736685,2.5012057756110733,2.0583223730250864,2.4079430645455266,2.4739855152974393,2.622459552117311,4.913411399456796,3.352595470862534,2.4033245970106845,2.3883467193900434,3.314676855241695,3.001868359133745,-0.0,1.9263611853379852,1.5403312703732748,5.149805757659476,1.6032851545793492,2.0739720872909513,2.6015474454726175,4.642073159225632,2.9190283776054917,4.619137585325238,3.9328436916144156,3.6648115413007436,4.492203596314117,8.854800898283507,3.9231524141975234,3.94220565482873,4.712860619864669,3.193230918708565,3.889649503407492,2.7471477490844087,2.602913953877352,5.037345961893322,4.546840382156276,4.302253475216551,4.402173198117874,4.129339172568405,8.306950808322917,3.8448651130350973,2.581979185892397,2.0169415274482443,2.284033176644025,2.8397751996090586,3.6529453996871317,2.3815973509742663,4.170526133745837,2.941715221495866,5.950473337169588,6.432755095764366,4.0839087292175025,8.579777281611232,4.384746956665724,4.725145139901491,3.7078234907690137,3.4495552443100195,2.180906697056252,2.9659773592996173,4.206487620062876,4.723046658844958,4.961856057113236,4.921266927060518
21,15.5880340148855,20.35097938819167,17.039638756933368,11.02427598173252,4.1637898144051375,4.671882537600374,5.19801737711646,8.29994273035565,2.1964920844896465,1.884363967126591,1.6779884335935757,2.628309178599033,2.00830248856711,2.0708008850365887,4.0724502956645425,2.5722965138487037,2.8884383221942125,3.057005415967582,2.958371500375314,2.659612344783366,1.9263611853379852,-0.0,2.252487564141556,4.961656167492925,1.4712964961292563,1.2107061896682625,2.695455785443463,6.115801283508659,4.113092925494651,3.907069438580084,5.226800911633502,4.730258489853263,5.626786502467479,7.717594309810146,3.1762675018231437,3.113038086845652,8.329342750527434,2.860745623977303,3.198356611250635,2.6448251381143595,3.5631595431358343,4.197487709243358,4.790172764087175,5.823557740932159,4.413884551500737,4.788910525021871,6.400899908434434,3.7064058440639887,2.8526431734426696,2.045045256512487,2.8476948127472372,2.2624189017642675,2.6087977263578535,1.400220650037411,1.7842609738244906,1.7250309046769114,4.060538215074252,4.56047562825601,4.023653855138712,8.399058746100623,2.9766767311325535,2.6864799610162535,3.3859722066635496,1.4245355293591424,1.6747454146320206,1.7722759746061167,2.796616902680165,2.937000884427918,4.081015279393989,3.5862044641780644
22,16.916557155554923,22.132752816603702,18.094760276444696,14.060647749607252,6.379970061055593,7.310314328622625,6.686609546349777,5.574457308332298,3.583564783499051,2.188051071287066,1.7854045008487813,1.5752603712198765,1.7412341639589992,1.8892159439976055,4.932144717361437,3.1669155248305207,3.4970771983895186,3.3799767013710458,3.8326607456739823,3.955686747674296,1.5403312703732748,2.252487564141556,-0.0,3.8350315110374242,1.7348066078973496,2.8023945119771527,3.2375060093702497,4.829768230411983,3.536492787629907,2.904513528084327,4.084916446285399,3.1473367506938676,2.77530503907462,4.76366042681158,3.2444492710044446,3.9985489353711894,5.3021490280302945,2.4192994136476544,3.6039285495344604,3.433431982999331,3.1777865997668453,3.3895400758060883,3.5760066732256037,4.314615366041377,3.7724895036973245,3.0496338293027163,6.330194410855104,2.419449181973959,2.3646380938065166,2.2431944972792945,2.704098103195703,3.2333727440087294,4.058650368004708,3.2620300370173476,2.9101768568820066,3.5887149677899854,6.10644211474455,6.016606939734982,5.827202322083118,11.195350128750652,3.868595401038404,4.533876489382085,3.9100611910053624,2.548902712613416,3.2259060208705335,3.2305504754241636,5.632075896355441,5.720275917357985,5.4261020872834544,5.126104583959198
23,20.724970327431304,26.00580435751212,21.188441074887702,17.151436675385888,7.199796383009148,6.350442792449641,6.539285750533298,6.842025684419192,4.887355999818489,5.6278843829874425,6.232556949913432,4.845572089854629,3.0097564480799868,5.391619265541239,6.339022393576938,5.526374995327905,4.853238744059196,4.588094921200193,4.641382713652656,5.0548225640032145,5.149805757659476,4.961656167492925,3.8350315110374242,-0.0,4.0873918320366975,3.1131309343493507,4.470880932053344,6.283718079614474,6.051787146710274,4.488911974371868,6.096312698031116,3.7114583890750037,4.9927596467008435,5.4207555411984405,3.707800002355543,5.065062399835892,4.333567852413681,5.934176008533256,6.524126837664756,4.135230060586441,4.566014776858433,2.620392260752321,3.4741222270364496,4.4026092901314895,3.385320308773905,4.098514032741397,5.248914717044273,3.850430857472296,5.178649608785652,5.20817936360327,2.814684417876571,4.693495948117187,3.267740398000794,5.136453233594377,4.499106585265677,4.7546345251625155,5.8336212844959086,7.865851923320716,6.848445657889502,10.850002686458978,4.488649964744215,4.859920825806199,4.616688000996087,4.592167290047184,3.6074262934005152,5.405175295967775,4.92180471790078,6.84731055181666,7.3745314215022235,6.709835797656068
24,14.024906031503761,19.303612957766262,15.640346784165379,10.663636927777896,5.731521156261269,6.354032527863923,5.528479398245886,4.397365768557569,3.6562789136028147,2.0401370806748114,2.2074978414500537,2.458748441497198,1.6474959555785218,2.607889111967774,4.040812030379123,3.1132150230398263,3.1625765831741357,3.2291965185868046,3.4865098644650723,4.013821541519006,1.6032851545793492,1.4712964961292563,1.7348066078973496,4.0873918320366975,-0.0,1.9376631033169127,2.952989317712123,5.252084784865154,3.2803522421726976,3.6369770059968167,4.505982734135156,3.3187947318029805,4.2705446597525984,8.531551298036986,3.345791343611211,4.219144660889353,5.078649424344109,3.3237925857231625,3.648447772280795,2.8311536751352704,3.3010127319257085,3.932739241405188,3.9719256477752616,4.798111006019065,3.2870624650037965,3.619890786393151,6.595526609270963,3.020008510655169,2.387935395175838,1.7532198295692714,3.0770356013235434,2.337494544834943,3.581906460927691,2.4802618900546474,2.8246698071562157,2.364397061413875,6.125060160147796,5.80929625105784,5.534489120361202,10.665664943546137,4.312535912528626,4.3727081497288385,3.2919768935013782,2.408440690779956,2.693829885112852,2.105283037610818,4.827909791755285,4.91638577027071,4.543580196702886,4.802128623582686
25,16.900371425062964,20.351813639763183,19.666348351289184,11.1874708165987,4.340820100702363,4.682327881755516,4.5791368697335475,9.067282196932371,2.2697713814486313,2.4566559128754437,2.0679202708829902,2.2220106227419203,1.4334636944386097,2.393535482747274,3.8801451019268534,3.241620545665899,3.42076211409937,3.2566917352145057,3.1103587987956525,3.2310447468639305,2.0739720872909513,1.2107061896682625,2.8023945119771527,3.1131309343493507,1.9376631033169127,-0.0,2.5751850443381255,6.574626791622982,4.659161942813702,4.66859820943946,5.3778988104138605,5.464580321995106,5.588887978033434,7.884808187035819,3.6035085174078016,3.42023928396117,8.855617814770287,3.739864869511981,4.0191152928424545,2.6814791968055456,3.345289682206024,3.7092480468817843,3.3039890698610432,3.893754235912249,2.716601713149609,3.664760520036332,5.795603225673708,3.4606936425329424,3.0898472131142616,2.336175492457517,2.6147002105794632,2.2449274820622085,1.9690881595087146,2.1819924085825586,2.3770285669027458,1.8806418046508329,4.4112922622792246,5.137595603467395,4.3461555882110385,8.928483107096778,3.824035708937042,3.0137511045362366,3.1255447952730764,1.7780152946310537,1.7979835297671758,2.716329732683521,3.2146122853693244,3.4366917796416527,4.135687251147701,3.9316719953468504
26,14.675440989557215,19.74913221553988,15.690509094128469,10.970376430556131,3.3360799111948696,3.9614058246059654,4.4519560679266,6.6737135342630385,2.929915440208257,2.46290000902297,2.5044954740313594,3.424405335364402,2.6535290505027,2.9116258133556987,3.3424290146439337,3.417786208652899,2.924793221402557,3.2830252825140485,3.1176102908110086,2.7593794402721565,2.6015474454726175,2.695455785443463,3.2375060093702497,4.470880932053344,2.952989317712123,2.5751850443381255,-0.0,6.448782627031309,4.5795189329752475,5.081118562003643,5.525533774265719,5.286423051688282,5.368509486499178,8.745819069440138,2.703080832807482,2.662849956586693,6.271043374417819,2.862784912229772,2.401953912496047,2.0378252193949904,4.086899643026089,6.2388087650483675,4.873887286199972,6.308020478909921,5.222293753566947,4.3805648206294014,7.903541987020158,4.6779675595256,3.4489610076599377,4.338872366001454,2.9399694344254526,1.672110060004941,2.7076691384585176,2.1900651327473954,3.5309761398796025,1.7425804241052814,3.9510334976184596,4.24360060764126,2.3201611024367246,5.965755148160356,2.4126197576769726,2.4163213234184235,4.467293877310682,3.3918056108677237,1.715900914911813,1.458967125240464,2.3074960630560613,2.1196232085977758,2.2989512843698883,3.072265523252041
27,6.83515860998851,10.24479599657753,8.761233862373842,7.475871348486409,7.525140676183033,7.886904773829396,8.57472750661359,9.088753642585178,6.472481407582252,5.129248367118303,6.404570027158669,4.730710524363694,5.439297103846984,5.116682434871773,7.488887867145849,3.182609584020909,3.5781169091014804,3.7651740926684214,5.245490888465277,6.228895997870945,4.642073159225632,6.115801283508659,4.829768230411983,6.283718079614474,5.252084784865154,6.574626791622982,6.448782627031309,-0.0,1.708311038451667,1.894601140436597,0.8763655001553424,2.421565810622592,4.170939493847633,13.352525178387207,6.115746448728956,5.636136953457784,6.557273864145077,5.819441959911678,5.556261183188454,4.740757745592704,2.881976933847207,3.9943282380032947,3.6268296856329436,3.988692946157319,3.625021950709135,3.735743942633741,4.864280693618269,3.42152833647541,4.053071870008798,3.7981250160005247,4.9134205797253045,5.741147292359288,6.135023452200024,7.155602231518342,8.693760128884948,8.165743434333493,11.370437301706131,11.193401983982943,8.51841451274843,12.201728127624301,10.69121835608918,9.44508695489083,6.020478751904238,4.5505872827860525,6.005364530634562,6.271425485668268,6.879697328600987,8.829285854190713,10.050161866839037,9.970430428447754
28,7.342100033056343,10.749811674101654,8.759850974547577,6.5538127827938935,6.500340352794234,7.222248261228677,7.277985928921282,6.54998407019552,4.819431494638802,2.978929733909924,4.595859302820075,3.2520905890200518,3.561911168747617,3.022078134374872,6.1505283504105,2.3805089320690045,2.5452951607726946,2.7625367651650707,4.246933205242606,5.1036283201775605,2.9190283776054917,4.113092925494651,3.536492787629907,6.051787146710274,3.2803522421726976,4.659161942813702,4.5795189329752475,1.708311038451667,-0.0,2.386117934851071,1.3551282002724447,2.90690874829706,3.779822965471573,13.488979557530127,4.831118505011637,4.679221860550903,5.5851246650259645,4.167842199071753,3.800783646822927,3.367899414033757,3.062135126715392,4.565649371678848,4.151902693312098,5.087330373462134,3.5789763732307747,3.6819030089131983,6.6545943723628,2.9290449492604975,2.6241257955598116,2.8892817904534036,3.6898368231859746,4.166054307417147,4.87978611467484,5.276786974798582,7.123867810422573,5.782285562513457,10.152020035837387,9.323578041095836,7.169855816167031,12.069777290232425,8.61866910594397,8.131722432918842,5.237822623798984,3.6263139328794756,4.599307101255802,4.22286343533532,6.088227773257039,7.059177755275993,7.509792735940634,8.137244207856078
29,10.477355341322726,15.004696281290723,11.854396167729492,10.362776050569247,8.498177740403348,8.365889530753183,8.706929978457318,6.814092551655346,5.770559406627891,4.359813412390172,3.8391887953835724,3.2905812142553987,3.4276153396895555,4.698179922972999,6.862879458542059,2.7504764018710257,3.6297732912589766,3.524237816471647,4.873068366825248,6.334923455919108,4.619137585325238,3.907069438580084,2.904513528084327,4.488911974371868,3.6369770059968167,4.66859820943946,5.081118562003643,1.894601140436597,2.386117934851071,-0.0,1.837446250181033,1.5815363061227175,3.8815479762428993,7.733901076529765,5.328583172170184,5.074801357073865,5.529882217591111,3.144683501917547,4.54429160065361,4.491030011681386,2.16631618313439,3.3608593979632753,3.000351770907956,3.9520456206901007,3.120540574490065,2.930921839990848,4.020485881143094,3.0433420173017987,3.922839952922868,3.03154160333263,3.3395392210466945,4.992551500036079,5.495231068576266,5.865257840975299,5.4296346162265285,5.6730261933788,9.257775776442273,8.095344613221558,7.848271806175468,12.077917763455606,7.0632641604114506,6.0028768245584265,3.757440274945115,2.9704814910324795,5.732198128374608,5.269255832997973,6.319287666010818,6.319416460803621,7.863878951296992,6.930692394213799
30,7.569257260942116,10.2258479268289,9.876406536116338,7.085794554392452,6.592451087889261,8.209318497141021,8.941282132926341,7.859195056640487,5.585114704633017,4.207879664276617,5.376721450562845,3.552810807169987,4.554784208672077,4.415828809665743,6.995391020450864,3.0694595925574175,2.981670936296597,2.9362496903212567,4.712951975386536,5.904745792058174,3.9328436916144156,5.226800911633502,4.084916446285399,6.096312698031116,4.505982734135156,5.3778988104138605,5.525533774265719,0.8763655001553424,1.3551282002724447,1.837446250181033,-0.0,2.290540001117332,4.034667981834421,12.799005195341168,5.80092820845457,5.096066924813076,5.414408262935656,5.3148843547936755,5.447422069287263,4.608455073713024,2.2156508009893603,3.910283655223164,3.890457814071392,4.13916786194262,3.6981327198809857,3.8014764243104824,5.547085745334507,3.2823675446443623,3.2183500122111206,3.7877236549974445,4.128529557891242,5.419771941599562,5.076330454145252,5.9374358270951335,8.100354802323757,7.339895759998023,10.29862573210812,11.093710954427271,7.41543046220596,12.239357174705319,9.826784241591797,8.795314125856766,5.316541358728266,4.402422514997182,5.051334562496383,5.74185555983863,6.88553444473808,7.955440260735646,8.661097507458697,9.280491875366069
