,0,1,2,3,4,5,6,7,8,9,10,11,12,13,14,15,16,17,18,19,20,21,22,23,24,25,26,27,28,29,30,31,32,33,34,35,36,37,38,39,40,41,42,43,44,45,46,47,48,49,50,51,52,53,54,55,56,57,58,59,60,61,62,63,64,65,66,67,68,69,70,71,72
0,-0.0,12.824746363749306,4.79316189792737,10.50272239434191,10.643507885082935,11.263737546469965,6.056070065879565,7.594630111610136,10.686962509175553,10.849549004571594,11.129160050549858,4.197455631494743,4.766793480565752,12.775979242109496,7.209608730954517,8.697331390720066,9.997976701407296,7.7107403694853405,8.444432004548208,6.768409193208992,7.867090886665055,5.226713036542055,5.834595666941748,14.991344266796716,7.086784424171137,7.334092657878948,16.517470787026117,13.335879967226873,5.772418160341884,9.300979357896336,6.383226396917521,11.722462397487982,6.7738214942424495,10.403342936784112,12.228127265579804,8.718716889812795,9.526495065511225,10.578050451026387,13.418385957165043,15.744412296542578,13.38748242182591,16.98547658734613,9.6086378348158,12.20935673164863,9.436978102738662,13.745142460238283,16.61808027867109,9.502049916745218,11.759000033334372,20.354924221671414,9.40259232210366,9.442469285320467,11.350251117786431,14.822045078154286,13.206690504941806,13.858349223870736,11.734712945846175,13.599604804720066,10.54660284054801,10.47191455887529,16.893496153550952,10.01168575715032,14.24551924601723,10.653060514780279,14.443071598996593,16.042051425509367,12.876654607865168,14.37157409444214,13.73128260573252,14.095624409678635,13.270179612124608,13.358263188285564,9.033226819004657
1,12.824746363749306,-0.0,9.109701601510329,12.45419535307046,19.416899350698387,14.39594143637315,10.754434077801873,11.627123033704803,7.081368570736408,16.528799951697177,8.983967551757983,7.068623117671619,12.849994584120278,5.9304117826334855,9.557904051973765,5.747447896512926,8.235633156952648,5.422403733264267,6.333537992879303,13.773651590861084,8.093113542214404,8.694513871037755,6.011716561626207,8.803671417917633,10.036441315974919,10.40857713793763,8.40654138524536,13.565094289170768,7.701930918218432,13.671580960780298,8.850263155717501,8.122979535152433,9.191651459764257,9.785571874842335,15.14169521251278,12.218980052068423,4.9085580660563854,12.851235231469408,15.267849941711983,18.174183138897217,13.805277102271978,14.952746144733712,8.886797384693004,8.558939725097858,10.578388580585566,10.575003152812727,11.976222711589617,14.51376245436418,13.859913348877297,22.078271831105344,4.52676075492888,6.816616954254109,5.69296317463432,8.10560591686599,7.436814846891813,7.143518688533489,6.111207836020198,10.38102775644615,9.84793293433011,9.646221144891314,15.869368654235497,9.981919947817458,16.42045523430167,7.475172961067558,13.58673191575878,17.261222619006894,8.00934477959081,14.128140210187803,14.139961076612225,13.082912540580121,15.489802569640025,13.359565161811574,10.29102640895721
2,4.79316189792737,9.109701601510329,-0.0,22.93483336296068,15.95696246910833,10.333181876620339,7.355502776933424,7.541060466089025,8.041180755321806,11.609065318802708,12.072404695027382,5.037016792815134,4.779780970112799,9.97997584951403,8.73754849862677,5.741602506042908,7.377763036357273,8.155406553167257,9.721251434270053,8.16298227477885,4.5104586804934215,8.469727768716126,6.806802434235963,9.330289019457746,8.781779977018381,8.117323904552409,12.188136847388161,16.73439588447868,6.2276290341317075,11.160275889902406,5.849357840780485,11.902452308038706,17.407704138871665,9.37079131626138,16.947496420421746,8.457155031133889,5.777822414118071,8.50266865932452,14.490847031488858,15.321360506940051,11.932925819803298,17.601662852178045,8.517906332244708,13.859752928012831,9.156030869210886,11.893954380414241,10.95033423260316,12.534515016588614,11.252339740665496,21.131224661281955,6.451618779905611,7.737271483704116,7.280867089465791,12.72433022883518,11.417567359295319,11.722863051293219,8.438603217037349,9.321795083451823,10.00138823627021,11.08346255378739,15.599378659687476,9.988021436697261,14.564802538246825,10.290964938172273,14.627354892032919,16.85907012217818,10.521896332557397,14.295934382948722,12.445430169037996,12.311817765168016,14.352659008474427,13.793955320285106,9.851488158355194
3,10.50272239434191,12.45419535307046,22.93483336296068,-0.0,16.19047500484055,11.161094738981907,12.704577884052435,10.654433734189304,9.666118836308804,34.153418373122385,12.883525618992747,20.583540024688862,13.734754040459476,11.449560528045746,9.518420418035946,23.102872505188877,13.507914963984726,11.189191863272582,15.692908633062412,18.300323405254304,28.440125156154032,14.403843658488716,18.84254971511492,11.39053415489931,18.362231365312272,25.056432490869447,10.892605636527605,28.922502146934892,9.923865909637433,16.06069299788899,10.93627402323013,7.338464401573563,10.80190424112477,16.220360750435447,30.258043447358194,23.45022835764992,8.2292331302006,22.116417378784295,17.042291477564042,37.48682333660684,15.796861104082753,18.615357606923595,24.846448014641066,23.768094455365176,22.97674383993097,18.66974668472953,18.56481034263907,20.40031040831395,32.461376238805286,43.15737007659285,11.889566473027024,21.3036128534144,25.52670744132904,18.239627179523794,21.004797241413392,22.328385059636954,15.669506913735846,18.474129859854173,13.217753727813779,13.127390541230948,29.769624282235082,20.90112176906004,23.279867305408544,18.65105958285554,18.91135008369079,18.935548511220738,19.52837534638685,13.670514798355372,25.059784987179604,25.119791009218776,14.972302539966373,18.90737513663114,24.30000761147934
4,10.643507885082935,19.416899350698387,15.95696246910833,16.19047500484055,-0.0,8.229862890727677,9.528911184431966,10.812673484653633,14.556640881932568,6.064780257284854,19.16471034882049,18.824988127616983,10.95667974859295,19.412867436437875,9.985049371407309,14.528735973443185,18.08538163533628,15.268444191753579,9.799995428111266,8.952181303018152,16.770099021961897,11.991454681243615,21.237244726120846,19.351354387247596,14.110381155496347,13.878313489547184,18.290804920698545,10.119547104104125,14.465290701672073,8.815484325037657,10.849629579487399,13.327828843346815,13.98903765551271,9.769823168453652,7.934838775724097,11.617951159716979,14.136865440998108,10.869138364595365,18.93430551017266,16.829283248461028,10.39394231635346,12.97737146291457,12.364445416033535,17.579972863324123,18.52128865962165,16.13350263740314,19.354015733919457,8.501362077097896,12.95845298234994,19.04789604531264,13.475716582181878,14.765339614396893,13.696817498351093,21.35013800821768,19.36668412301159,21.800316508194793,14.447399316734709,17.467666092715945,14.651015847798774,13.341898344945532,20.014545389500256,15.542283579551597,15.804328777122711,17.993269866557114,18.460838541378195,21.092815251717575,18.019987596295177,17.645614485025817,16.444260512815415,16.53073036657641,16.185383823411367,15.59952714596347,17.936283068309205
5,11.263737546469965,14.39594143637315,10.333181876620339,11.161094738981907,8.229862890727677,-0.0,11.451781257925031,5.815257008954759,9.438892646819498,11.48913762687768,13.951384734054649,14.83264857271821,10.24650671994134,13.141121224161655,8.522532525470119,11.435097465853062,11.54065769401225,11.707325899603125,12.84032398656203,10.38227736571226,13.801149630367489,18.413274531676343,15.565441141106687,12.36127919944695,10.720417496889949,12.564663604345677,13.944371012844748,8.293974467973662,8.882042878581,8.849939219098138,8.566645273246731,12.699433870490074,16.559537052646068,9.113580643017258,11.865828818199565,10.248183374933278,7.452786060247123,5.591328258795125,10.368977404519987,16.252013876176722,8.48619517834437,11.801142144947912,11.815828692756957,14.474789214101941,15.124341854533114,9.928840152815363,10.588762017933774,10.8169452769158,13.314075486035582,28.104589269608436,9.890874782772704,12.831928502295964,11.40539142589523,18.828358896323017,17.855527106513577,18.90684174569,13.570144884459138,12.973050588690919,12.844623643748596,10.587624237649505,14.11206746315752,12.44798830780383,14.744947930342159,15.38473416489024,23.568864828719896,19.821519112950604,16.46130405898425,17.867260397652718,14.085100546103453,15.002645510456023,16.325937448007682,14.634553911058596,15.903572383930081
6,6.056070065879565,10.754434077801873,7.355502776933424,12.704577884052435,9.528911184431966,11.451781257925031,-0.0,7.1933084506972635,8.684433923569893,8.895935051922207,14.029512383401912,9.553565811341585,7.988417778913835,10.963919129875709,10.678272534989581,8.321784452273514,13.923617320528649,6.855593009011961,8.030800760844125,8.121057134680024,6.733727391242432,7.869950701662989,9.743996133484293,11.543825537816616,13.085381498693273,7.499243444925269,9.861825524637737,9.748003526867024,6.273622331883792,12.95415608152492,6.040868544764064,10.63001617480382,10.707990455982907,5.952223643861217,11.193488972950892,5.807390309916817,6.226087325420378,9.90795178770415,14.69269598970706,19.09016631359679,13.916976303063368,12.139927415012082,7.67472758984546,10.220530546703527,15.56496237898016,10.799438101147652,15.62777797468265,7.538446406683212,8.190882624686644,25.891711620238127,8.171806267405106,10.414097730570983,8.760145258331459,14.940535988224514,14.076262349565013,16.03861698118601,10.139916493266302,13.621319877697456,11.369484861210191,11.839090472725365,18.18942290269728,10.64119477810207,15.606586593001989,12.497381775699166,17.01830633396272,19.62294617303336,13.369131555376791,16.678549706882837,15.644003993173257,14.367234419205028,15.057713609287884,13.845890154296884,14.319629469656665
7,7.594630111610136,11.627123033704803,7.541060466089025,10.654433734189304,10.812673484653633,5.815257008954759,7.1933084506972635,-0.0,6.980404676706167,13.059703944633682,8.42214324035171,10.521147625394086,5.58939175970242,9.37633524513824,10.053954186396625,9.425821146250629,10.545886528423347,7.39668518023008,11.461183001171545,8.97081502806374,9.496931132515707,10.79073392263413,10.661476233847646,10.986055140435687,12.806213329729001,9.822816861316003,14.79138576758213,10.2247740747149,5.586876669459281,10.87422697379363,5.360172583744114,12.527241825341312,13.769223708701835,9.898468357398453,13.174417335349474,9.120951844561114,6.178825186844986,8.516151694418072,9.449115547734833,16.82739689665847,10.536797653298759,12.440162577042011,10.523821821640778,12.015971480303188,11.533643408001526,12.156010288724781,8.975891677718609,6.733352436119602,13.047343937267032,24.619367173325465,9.44866340840467,10.40220536839807,12.578131924820193,16.89573287573361,17.10637756963819,15.858023522569932,13.154872722380079,11.455332527533516,10.594485722595453,10.505232244767603,13.855282646539438,13.867315237342963,16.61330638523689,12.951807308569265,19.90853223440338,17.801703962106288,16.037939250804943,18.07509393408292,13.983484667234187,14.091714412996255,16.154746724108264,13.989039100407531,13.599443262289425
8,10.686962509175553,7.081368570736408,8.041180755321806,9.666118836308804,14.556640881932568,9.438892646819498,8.684433923569893,6.980404676706167,-0.0,15.930535702722088,8.349873133759587,10.951491465224178,9.430715854501535,5.402414075112158,4.844293077327209,3.2487209341939725,9.390032043001153,9.255913397041681,13.200864908363226,7.765963360663945,7.190882920639421,11.330874135209651,8.265882144649558,10.473904240649098,7.753311115606279,10.652342396752948,8.783644142847397,11.839437557257105,10.907748806628195,15.316495789305828,5.404194867033703,7.578010536208627,13.841293406063064,8.779415020643976,9.341689988801448,10.535106917141308,6.395175130102739,10.064927635830761,13.725269568454046,15.737491035160637,8.22420932130526,11.012851556984934,9.72294503140825,8.880327108948626,17.276441920060655,11.627446330309517,8.508002817659655,8.012035560603604,10.79116890016929,28.330979367417093,5.852423077817825,10.86852710197689,11.78705881636426,9.392619617089792,13.708810155782116,11.977623227925234,12.985839388167266,9.947880118520759,12.86491435799647,9.448851457874461,15.809586824674836,13.819507885083166,15.956525839783783,13.215977169789205,15.666831263095514,21.936373995374247,14.776671108243253,15.279468537685014,14.1602747998157,13.954849965369144,13.02107025241471,14.870819681741068,13.58296582541317
9,10.849549004571594,16.528799951697177,11.609065318802708,34.153418373122385,6.064780257284854,11.48913762687768,8.895935051922207,13.059703944633682,15.930535702722088,-0.0,24.14504765043831,15.039048665802142,11.049776512210427,18.31243962184439,11.711084219568658,13.643929914140438,15.452264725309071,14.876066438205795,9.751259792263241,9.20417051067402,12.006530722830334,12.861018139118224,17.28649028239074,15.560402528949252,11.809236929238365,11.460405823028228,17.790852982284925,9.02352645762789,12.488751782531935,12.985483486646057,11.220287552386004,15.259222361526135,24.78229512120591,8.914762363230992,7.197680240855704,10.871523546008158,12.436002131490362,12.546779359108625,16.975764799247855,17.871439696627288,14.639457593297296,13.194374954962942,5.381815659228193,14.778624576528697,12.453158707207157,16.380585270196352,19.81956618123944,10.16250283733334,10.262167047946859,21.361899800368104,11.155937472290029,10.577176688632596,7.425928199075361,18.22176892188018,14.176064433049914,17.579142980402867,9.158379836598757,15.656275870411099,13.513842139063353,12.586293009785843,17.235426360363324,12.41406586112163,15.01763687606844,15.65381096869391,15.978028252097895,15.561071996782479,13.09587112534393,15.594816081008384,13.911286306947815,14.78781646338175,15.482940529937538,12.963841808240398,15.230598823237228
10,11.129160050549858,8.983967551757983,12.072404695027382,12.883525618992747,19.16471034882049,13.951384734054649,14.029512383401912,8.42214324035171,8.349873133759587,24.14504765043831,-0.0,12.493648083705475,7.676083063012966,6.267431349319369,10.298050467678609,11.05389723684769,12.823147441295465,7.189134031038767,11.42413179092453,12.114219080498959,12.988748483808168,11.482737482356088,10.744960080578094,8.568583169428617,11.255274563012279,9.203516154314709,11.501118231564654,12.906324543885228,9.089467860116494,14.055659681222231,6.108002582394996,10.937752610137654,12.944503641150863,13.336905719950204,16.587394651628053,11.119477777773374,6.758246204705899,13.257404662014233,11.526403096108732,25.09165009035674,10.749557133071088,13.440115292977266,11.97924727387009,13.996833832339373,12.01828366005269,12.423524161906283,10.618465858911783,11.832436281903565,18.28764155140289,22.25441825943038,9.554178875999689,11.153897173139324,13.025583502861728,11.527363038369504,14.176377476519455,10.15340975866941,12.279234415328204,8.844160408223274,9.111651604050824,11.50334581989809,20.11131565476558,15.855236863155426,21.704407062248055,11.490882674443933,18.890511052754913,20.33417969530243,12.404892942921444,16.0786823929976,16.669484077164356,16.93055688101558,15.090115587869057,16.054761942813638,13.612907533414067
11,4.197455631494743,7.068623117671619,5.037016792815134,20.583540024688862,18.824988127616983,14.83264857271821,9.553565811341585,10.521147625394086,10.951491465224178,15.039048665802142,12.493648083705475,-0.0,6.6034701445938,9.647731797637983,10.988090212041797,7.3987874050973454,10.10959226049288,8.814779126775074,8.729182512867773,11.400390355723054,8.33630667559428,5.818999626652916,5.040743646110823,12.431888228558563,8.97301622254231,10.163819377437832,11.94683367837735,18.652444000877832,7.954606692952667,12.477742252058917,8.84680788432656,9.668151037278667,13.273837433868055,13.923657131956968,18.28013251858232,11.532486606742612,7.430158794721216,13.342242833734284,18.152901826276537,15.048723205601727,16.5442754339685,21.5812643323979,10.735601043525334,14.260159303857638,9.161803706276391,15.353879296979628,13.714751185678566,14.397308206580288,14.865551306791776,27.095165236415724,7.34480778415239,8.007314219337236,8.471254269356912,10.64304307456961,9.810034142019491,9.318010063329401,8.605569961878976,13.33714021719651,11.553439690999575,12.410890027482806,17.218085673218045,10.699738192811996,16.442096014020787,8.426822690769498,14.43229570367983,17.106145619977454,10.305695766049222,14.562781037215945,17.012564996343805,14.059034901845825,14.994214855137244,14.656124186286517,8.751106064372102
12,4.766793480565752,12.849994584120278,4.779780970112799,13.734754040459476,10.95667974859295,10.24650671994134,7.988417778913835,5.58939175970242,9.430715854501535,11.049776512210427,7.676083063012966,6.6034701445938,-0.0,9.979455874286188,6.5380610326206465,5.8398194057029205,12.50545447134937,8.31592542987162,8.431341844150213,6.375953425985835,6.9161906259249575,5.8561310275200915,5.826394951492047,13.136213369202327,6.619596849000736,6.44088322776177,17.044260566981958,10.634243628347715,4.259017429942595,8.688438542190001,4.115282788676395,13.401810845414778,9.64054657622734,10.875061748296519,9.7735505002532,7.837146855885609,9.36553053448301,9.322846261516878,11.292917559392667,13.523284490042338,8.975576621739673,14.406179165915317,8.934706602078583,11.248616887506836,6.785861925471521,12.910848918023092,12.210885764879217,6.833433920065458,10.796171666139559,23.611230400719688,10.002154289216211,9.888042698692939,12.071919401745602,14.693458540008075,14.920374736008053,13.29341903627224,13.666103561075122,9.107374876297994,9.925636081511826,9.496968418761952,15.644929183207893,11.345839947598336,13.68428765036194,10.225072037323004,17.871627312080623,18.386626579997007,14.56461876861889,16.472962376455623,14.196613506739437,13.315701881295452,13.901144138024858,14.342244969049684,11.902279867192433
13,12.775979242109496,5.9304117826334855,9.97997584951403,11.449560528045746,19.412867436437875,13.141121224161655,10.963919129875709,9.37633524513824,5.402414075112158,18.31243962184439,6.267431349319369,9.647731797637983,9.979455874286188,-0.0,7.71836914015786,5.337982023553607,9.56263451000112,6.445813337656919,7.005135579426178,12.67245999137176,7.776322603737569,8.901825915747448,6.3550319308959935,4.700470548342755,5.106705623277907,7.0221362751862495,9.463092429114546,11.482406423704749,7.935500617095561,12.618109777297192,7.013868782769241,8.287450054812314,11.052627313616275,11.866982812138737,12.71707594812291,10.06244395419655,4.872101902150953,12.212675301492077,13.50523329441375,19.378013663996175,10.804032561206888,13.050329839006698,7.971031553553872,9.397707691623797,6.623446665616891,11.753835908537862,9.57405300605726,12.452802338237174,14.989681321460848,23.79946093364563,5.153623505927083,7.374688448077943,7.567256090109099,7.131991978832696,8.167168542977002,7.570658032635961,7.055582659279224,6.214947087399624,8.655079009534596,8.779326184354847,15.580081017394663,10.44598579899544,14.125574930010018,7.367962728215765,15.108687996954538,16.85873227081193,7.4548516964462745,12.710916466288817,14.414608990691708,13.50416014813358,14.130118459932262,12.894448714277324,11.11103494077463
14,7.209608730954517,9.557904051973765,8.73754849862677,9.518420418035946,9.985049371407309,8.522532525470119,10.678272534989581,10.053954186396625,4.844293077327209,11.711084219568658,10.298050467678609,10.988090212041797,6.5380610326206465,7.71836914015786,-0.0,5.926645350109636,8.115915009182181,9.086003141006127,8.554840202408904,4.840197531320825,11.004181847789495,11.848426913855782,10.792449235663147,10.312187915445342,6.671593446947179,9.545105944503273,12.169766469799168,9.298420769727677,9.231776537699123,10.335373061253618,8.75839972576937,8.28908912803811,9.384070303728619,9.51173226379054,7.605369976221566,10.885959966780485,8.185345755572076,13.885909222283074,21.542389561422276,19.082956273057853,13.185797919784155,12.131578154730173,9.34505770588041,7.5966906898966435,10.938230301751101,12.851176327049915,18.881301549562,7.511690914419437,12.149061251225719,22.054360589417403,7.751832815116496,9.622916946636085,10.294978710308143,10.74469406018781,12.571824902945796,10.513134049868118,10.68303145651352,9.666783208522888,10.942446036878914,8.510777291981787,17.50505167792115,12.872173177031309,17.275973722196547,10.761395442343218,17.92702980170641,19.754800193853836,12.543196183627638,14.72287881778281,14.126826657207202,13.885798649939085,14.063648740887846,15.264414530006372,11.762489942698704
15,8.697331390720066,5.747447896512926,5.741602506042908,23.102872505188877,14.528735973443185,11.435097465853062,8.321784452273514,9.425821146250629,3.2487209341939725,13.643929914140438,11.05389723684769,7.3987874050973454,5.8398194057029205,5.337982023553607,5.926645350109636,-0.0,9.032691576571874,7.724451724504825,8.114795273210204,6.910674851947856,4.440117372996923,7.318027446343355,5.942962006616619,9.005277783450444,5.680424207531341,6.0500838797204,9.471451790471743,9.11997311208626,8.044165445381433,13.104309619886163,4.206125089398585,9.540575603212918,16.883084774418347,7.3247915287003895,8.605077365138241,7.946296635023102,5.858404760625462,8.799778202976494,12.130378554390187,12.734961381470542,6.744848933212869,11.600811888005623,5.420991513157123,7.473421029417137,9.964342281193982,8.258793667754846,8.50838135936602,7.439640495497604,8.3597669109133,24.84175325690644,4.592963111861675,6.45756794602322,6.200701385330846,7.702365565768223,9.676133176105074,6.560503152324204,8.476148289734542,5.929061315029973,9.228822221345045,6.703687008550787,14.301593522208028,9.556284890772854,14.878850693665738,8.750419359978586,14.313406201866039,18.120299302917562,9.910470266583616,13.063291331013383,11.758641445770635,11.902566197630003,12.570796214860952,13.127979342981911,11.193134930803263
16,9.997976701407296,8.235633156952648,7.377763036357273,13.507914963984726,18.08538163533628,11.54065769401225,13.923617320528649,10.545886528423347,9.390032043001153,15.452264725309071,12.823147441295465,10.10959226049288,12.50545447134937,9.56263451000112,8.115915009182181,9.032691576571874,-0.0,9.332093405800917,7.380953760294416,9.8225134155815,12.014551365547437,16.54801143017266,12.992530902438173,10.923393151629137,8.686858539458703,14.991827603194471,8.975936979091712,17.103357401348287,8.010484432588392,13.261458320999564,9.919648466678233,8.895012267037098,13.275644574486911,9.843530356430941,18.73181193058041,14.365469128677297,5.378276299304678,11.196740908030721,21.2002472914294,19.570046565455378,17.228929390117095,19.023121965567913,13.061163351651146,13.923895111609921,15.046265491487418,12.288330790051695,14.505671687568924,15.385440717856255,17.556156712133227,30.75280454430787,7.492374845066592,12.4175793337076,10.121107523310222,13.88123148446686,12.70517250385925,13.68722601512083,8.803218071001503,15.659163752946304,12.419965049579746,13.353536312498594,19.107309127310685,11.996124676508433,16.915836647922884,10.63904741596946,21.702648178104358,19.516871195839254,12.437870135147822,14.985885821662208,16.728709752783715,16.800836329517683,16.559377101859752,14.771272151650745,12.662469587683336
17,7.7107403694853405,5.422403733264267,8.155406553167257,11.189191863272582,15.268444191753579,11.707325899603125,6.855593009011961,7.39668518023008,9.255913397041681,14.876066438205795,7.189134031038767,8.814779126775074,8.31592542987162,6.445813337656919,9.086003141006127,7.724451724504825,9.332093405800917,-0.0,9.919111315782395,11.562647245760289,7.746866157942942,6.974817455972402,7.961402299797763,6.337280527357349,9.068179339086551,5.386514018950415,5.091359037539015,13.0379127117738,9.433028335990176,12.333933660456111,8.055428409237807,12.882181194108044,5.9329638660894055,6.904202960754034,12.062230107512288,7.218879674639498,4.737070111289275,9.835273510760725,14.862523122297826,20.870317772473154,11.46059275887314,13.626515206076624,5.982504483289208,6.738166165140397,12.372575515696283,6.5858358372684025,13.324706333474833,11.417297558864249,11.855184673098977,16.95507788353439,4.506933810655545,6.855639312171413,7.276566963558949,8.524748839836425,7.556111298552311,6.946781737222666,6.029721796962131,8.638412058039673,8.785612826094695,9.855550104423218,12.17435425580314,10.278710024860564,16.579042937592646,9.730770094136918,12.594976859759116,15.004875746445803,7.71375712895854,12.70901750791983,12.13694508980243,15.015702782908322,15.066766037653078,12.87628067875244,11.278861762205317
18,8.444432004548208,6.333537992879303,9.721251434270053,15.692908633062412,9.799995428111266,12.84032398656203,8.030800760844125,11.461183001171545,13.200864908363226,9.751259792263241,11.42413179092453,8.729182512867773,8.431341844150213,7.005135579426178,8.554840202408904,8.114795273210204,7.380953760294416,9.919111315782395,-0.0,8.637904621102905,12.337268619709407,6.990571747898675,10.934465036836539,11.381583181628075,9.63168245548395,12.443571674101051,7.024284435164322,7.675756133049532,6.71575371612051,10.519811156178744,8.005960428758348,8.374479536058256,12.067585031943196,9.585555350666143,9.74910560482125,10.691814560083445,5.6139094478250415,11.75982434240542,16.547895692251284,16.82030603124722,11.246846457839885,14.120263671945963,9.706493319581757,10.384347139090876,9.26471702688458,14.287039016486327,14.535118518116724,9.965470692798384,15.498814201800599,18.25051638619316,8.32678657675245,7.738104739404573,7.6688800537479045,11.801248962255208,8.479424711493253,8.698123885769123,5.964421286575965,9.902892249228143,9.656013479725331,6.445645669184899,14.773549043817244,10.551900110231042,16.049017031366287,7.825700283151409,13.7608781034918,15.505916395010415,9.95172701779148,12.939515587229888,14.136400532689958,13.429952567870654,13.844288844411516,13.626722427892785,10.47865518869354
19,6.768409193208992,13.773651590861084,8.16298227477885,18.300323405254304,8.952181303018152,10.38227736571226,8.121057134680024,8.97081502806374,7.765963360663945,9.20417051067402,12.114219080498959,11.400390355723054,6.375953425985835,12.67245999137176,4.840197531320825,6.910674851947856,9.8225134155815,11.562647245760289,8.637904621102905,-0.0,10.687666843042974,12.010652222474727,11.54003953337874,17.12150740057734,11.411634163985255,12.704613278104615,15.53034344522477,12.473837366622908,6.053403684375269,9.25030866433527,6.464175023602779,13.527378682811412,14.396288383176868,9.892119783510298,10.095797751942575,11.069737041696918,10.224562226467402,9.803664889716089,19.233512080210073,15.335411029275189,11.878298120900336,15.27354960606518,12.927836186635437,11.703069116419094,14.416872285721139,14.463725162289709,17.348845426274917,6.2469394110139,12.559264332369159,22.31713140105464,11.727423714895616,12.261024930103869,14.4320905387385,17.42952702937509,17.647055891023783,16.67831997639164,15.276184357471458,12.918873090661254,11.0175230201802,10.406819580028651,17.412961547844503,13.856462583123683,15.99015879751421,12.215783612924142,19.75884696824802,20.918072188969,18.748458482672312,18.36372560188109,14.61901270051663,13.614467042252791,14.164764599767313,14.776617899013612,13.493591645050433
20,7.867090886665055,8.093113542214404,4.5104586804934215,28.440125156154032,16.770099021961897,13.801149630367489,6.733727391242432,9.496931132515707,7.190882920639421,12.006530722830334,12.988748483808168,8.33630667559428,6.9161906259249575,7.776322603737569,11.004181847789495,4.440117372996923,12.014551365547437,7.746866157942942,12.337268619709407,10.687666843042974,-0.0,9.43783904105601,6.783216854171889,9.54810848752415,7.610105662193818,4.269428216407491,11.273905851945283,14.061263538073257,10.355347114911755,15.591700865553124,6.634873076333131,14.39200296005049,20.10932901944369,9.50163477307581,12.201004430250368,6.974448983320019,6.703493075666152,10.188940528277083,16.551600494541855,17.442360753088398,13.547260318653318,14.949466583155031,5.970393463147915,8.8592888414125,12.597062992499666,10.532795174508838,12.962466832517322,10.279660242595082,8.538815001914708,22.93244482264166,6.675244928869896,8.084753107774056,8.639990416151926,10.494553952232867,11.051987390591613,10.422754676517572,10.170427084894074,9.491168133745616,10.76232316649922,11.818374415605154,14.406691377693983,11.009837774067911,14.347776573140418,10.613226299508057,14.952605890680259,18.165245184958984,10.423236368218923,14.394189760804853,12.552339989522146,12.592222595516798,14.177459816360933,12.853071666157017,11.37051934360928
21,5.226713036542055,8.694513871037755,8.469727768716126,14.403843658488716,11.991454681243615,18.413274531676343,7.869950701662989,10.79073392263413,11.330874135209651,12.861018139118224,11.482737482356088,5.818999626652916,5.8561310275200915,8.901825915747448,11.848426913855782,7.318027446343355,16.54801143017266,6.974817455972402,6.990571747898675,12.010652222474727,9.43783904105601,-0.0,7.130022515459757,12.060248179148152,10.768906227633504,9.14160909818962,12.359258724623341,12.80141918383662,7.2436413276686045,15.2830852667626,7.589517037625896,8.986536346690498,7.309053612727259,10.728628829324236,13.440294857540158,10.707808152073783,8.06735754207868,15.803329555707645,13.930657036993145,18.743580219557664,13.162637554653994,14.21341802775636,7.9980749321080715,9.836347877663359,7.951902405021544,13.794027230489375,16.100344310856265,8.540315921952256,12.274888616614469,27.660990856831553,7.720651387948036,8.286967112220221,9.005805986390463,10.719176388244193,10.560598401181162,9.146455305483284,9.353588271264753,9.044707290364437,10.103941692722492,9.98944889517175,17.367859312787047,10.42474935057033,17.774094092810017,8.159978836977478,14.319389472114924,16.394901994376443,10.362356535368507,13.78888507310266,16.724424102486186,14.257844226225522,13.651308136191544,13.919287670030453,11.185601191574046
22,5.834595666941748,6.011716561626207,6.806802434235963,18.84254971511492,21.237244726120846,15.565441141106687,9.743996133484293,10.661476233847646,8.265882144649558,17.28649028239074,10.744960080578094,5.040743646110823,5.826394951492047,6.3550319308959935,10.792449235663147,5.942962006616619,12.992530902438173,7.961402299797763,10.934465036836539,11.54003953337874,6.783216854171889,7.130022515459757,-0.0,8.91253981253765,9.763995080551643,8.118888059224203,9.216979240626788,19.270789438122264,7.744728131952577,15.142526053979632,9.10499753286777,9.252874042782548,11.186185712801391,13.646815890196477,18.716746203800387,9.585536883069038,6.780579784724692,13.244186754894372,21.1301188948301,20.131210569605564,16.098700281896402,19.191222965664565,9.913527140862222,11.874448067073454,8.0381088094977,13.313974663387198,17.64367138033649,14.906858511251151,14.605871880111799,27.639405124993765,6.719011150265672,6.954010190860034,7.487015394877648,7.534358889039394,9.083341918878359,7.714687101462981,7.147481621120602,8.316345764839864,10.521705692513729,12.822067439161078,17.78757249971243,10.893091156779542,16.953298533342966,8.432990246552368,12.532665457314451,16.1411921834643,9.43537437136399,13.963315060391063,14.819083928654939,13.212047742562689,14.311135481520472,14.454261328192096,9.84740909545289
23,14.991344266796716,8.803671417917633,9.330289019457746,11.39053415489931,19.351354387247596,12.36127919944695,11.543825537816616,10.986055140435687,10.473904240649098,15.560402528949252,8.568583169428617,12.431888228558563,13.136213369202327,4.700470548342755,10.312187915445342,9.005277783450444,10.923393151629137,6.337280527357349,11.381583181628075,17.12150740057734,9.54810848752415,12.060248179148152,8.91253981253765,-0.0,10.334931870814538,10.118023132580968,12.99985670097369,18.266469145460142,11.477352522710246,17.13416630413771,11.289989680003663,13.396333564537132,13.021414084550056,13.405295316346164,19.18220449790943,13.852086118184575,7.186197401443189,16.298275081905345,17.851883133932077,25.532977214357707,16.001590764797648,16.907142295134783,8.6032259112588,11.184196492338462,8.154942099921241,15.77271703373915,12.835632573502014,18.43878350364947,17.346747131981907,24.056650021572533,6.021034863008824,8.691719661806394,9.70017190224926,9.225456705042445,10.452242447797204,9.123397500092173,8.208952727110006,7.218242063026184,10.837965995633876,11.64175193655452,17.340991414887185,10.253415929070638,15.36981328872636,10.273232155687172,15.998081934307121,15.499504891983435,8.325053921630413,12.343180007509572,13.285665961101246,14.943399570827367,15.176284144864793,15.4611654249083,15.177603246661427
24,7.086784424171137,10.036441315974919,8.781779977018381,18.362231365312272,14.110381155496347,10.720417496889949,13.085381498693273,12.806213329729001,7.753311115606279,11.809236929238365,11.255274563012279,8.97301622254231,6.619596849000736,5.106705623277907,6.671593446947179,5.680424207531341,8.686858539458703,9.068179339086551,9.63168245548395,11.411634163985255,7.610105662193818,10.768906227633504,9.763995080551643,10.334931870814538,-0.0,7.366489941460102,16.62470819720704,10.181785610290131,11.869584275403284,11.50045132651443,7.88258130463255,13.996487907992828,14.655131664920107,15.344242047221943,9.07542003196571,14.18513680275376,8.824255398952731,15.94084626227117,15.908957327135127,13.123925755530196,13.603615627308573,15.801981742458684,7.66011332353873,14.159331517398872,6.579971201748607,15.75659862495094,12.803477827115874,10.73055748158331,11.056943162667073,21.610879643815174,6.567886776172,8.917655992322299,7.501569266051332,10.448935813817934,9.687682011420476,10.089608578388546,8.863401544813112,9.545303623521232,9.82501373641282,9.360711884334313,17.677552529518458,12.143342818073043,14.208053555867666,7.807783990957156,16.593730292122146,14.38277051343977,8.442296345403003,11.414229234676846,12.222626002394184,12.96120905305073,12.864652553075224,11.693022176164636,9.883719848644747
25,7.334092657878948,10.40857713793763,8.117323904552409,25.056432490869447,13.878313489547184,12.564663604345677,7.499243444925269,9.822816861316003,10.652342396752948,11.460405823028228,9.203516154314709,10.163819377437832,6.44088322776177,7.0221362751862495,9.545105944503273,6.0500838797204,14.991827603194471,5.386514018950415,12.443571674101051,12.704613278104615,4.269428216407491,9.14160909818962,8.118888059224203,10.118023132580968,7.366489941460102,-0.0,11.201369270659411,8.849731292521845,12.552060605064248,13.942363669672542,10.281339675404974,12.641908928049865,15.430666559141184,8.739044344376369,7.698813768267915,4.929461792625231,7.7193067916304186,10.55322238638207,16.41534047939138,19.678427441800746,12.396873630998583,15.025762239885857,5.337498721203588,6.048801171683404,12.35900364005025,8.384141963794987,15.937823395600878,12.87751792855607,6.813860179908094,18.579760964915796,7.895330684450663,9.264395012270601,9.039827150602216,10.42552952855284,11.984671118622845,11.349293730081754,11.58127659017105,8.78331672649735,11.82380539602582,10.988281103530317,16.208078836292252,11.456827944486175,16.509363607621392,10.526814041526558,16.70781725557511,19.175446416415607,10.78746332107384,15.027727243232702,13.9729927607528,14.752463823793851,15.663420884293993,14.383387997373736,11.657795045761128
26,16.517470787026117,8.40654138524536,12.188136847388161,10.892605636527605,18.290804920698545,13.944371012844748,9.861825524637737,14.79138576758213,8.783644142847397,17.790852982284925,11.501118231564654,11.94683367837735,17.044260566981958,9.463092429114546,12.169766469799168,9.471451790471743,8.975936979091712,5.091359037539015,7.024284435164322,15.53034344522477,11.273905851945283,12.359258724623341,9.216979240626788,12.99985670097369,16.62470819720704,11.201369270659411,-0.0,13.533377337314425,11.483603975073656,15.837965845065165,12.071050127213377,9.327523378741168,12.510432030006523,7.300843955259866,18.706554132674956,11.636959144581896,6.46662458179213,13.515541042734759,17.19414003449191,25.990460966680875,14.414805763734211,12.294433505319448,10.30082975009693,8.593088648331642,19.83942808738183,7.3247612900318195,14.04832264997691,16.675863986439985,13.569387185480467,16.483088616124068,8.477994755009373,11.94871643893079,10.503863703350452,11.975419668506776,13.000139104970087,13.125019528833153,10.46027379564414,12.446543177806262,9.977554126346718,10.069144536431779,18.077402763734213,9.221856928278592,19.22657110757645,10.512890525286947,17.18339285867236,20.943798790969538,13.518304955219051,17.25652965714339,15.11656134303331,16.89903241282951,16.348046368846394,13.252729896841302,14.629607511520371
27,13.335879967226873,13.565094289170768,16.73439588447868,28.922502146934892,10.119547104104125,8.293974467973662,9.748003526867024,10.2247740747149,11.839437557257105,9.02352645762789,12.906324543885228,18.652444000877832,10.634243628347715,11.482406423704749,9.298420769727677,9.11997311208626,17.103357401348287,13.0379127117738,7.675756133049532,12.473837366622908,14.061263538073257,12.80141918383662,19.270789438122264,18.266469145460142,10.181785610290131,8.849731292521845,13.533377337314425,-0.0,14.321495210259043,9.414798741886152,9.942468038687167,11.877011352395794,21.66165786616876,11.050942626472718,6.000376481734311,7.188697007619652,9.694455459246276,9.8529392004207,16.787720145132077,14.012866764961432,10.25441924376171,11.317119246624227,10.23953683077516,11.008261281005652,15.979991344512744,11.558124126456702,11.357057148856235,9.87479144309095,13.56483868309583,21.60675374879429,10.718878821225156,10.92564697096659,10.654763595631756,15.906765736561011,14.550088297393792,14.313849421744493,11.99022327013358,11.960566278959213,12.333456091400887,8.038801484892788,13.968310306983359,12.86170082789788,15.019037459955134,10.299449693579675,17.790561615838598,17.115920854452195,13.99096006146314,15.680651121107609,14.196191404338418,14.429478516229421,15.348317805419274,13.061876668475737,15.477646803625683
28,5.772418160341884,7.701930918218432,6.2276290341317075,9.923865909637433,14.465290701672073,8.882042878581,6.273622331883792,5.586876669459281,10.907748806628195,12.488751782531935,9.089467860116494,7.954606692952667,4.259017429942595,7.935500617095561,9.231776537699123,8.044165445381433,8.010484432588392,9.433028335990176,6.71575371612051,6.053403684375269,10.355347114911755,7.2436413276686045,7.744728131952577,11.477352522710246,11.869584275403284,12.552060605064248,11.483603975073656,14.321495210259043,-0.0,11.335380997432654,4.886653838037359,9.309969033498648,10.285664156996486,10.011390918717188,14.99500804703103,10.121108460650571,4.66602747916584,9.068454892114458,13.97761445130108,14.71411117317765,11.821953898230474,15.797934746358143,11.26198460376286,12.23362297331894,9.135669694189982,15.359959607285301,11.903427459123845,8.888833505372043,15.301829318164659,28.473313994165984,8.389738941731721,8.335506473835036,9.504779277585794,15.292154720718592,12.635092539964255,12.255734448918329,9.581502022527303,9.14197934383149,8.320655534039602,9.770055552308168,15.93271025721829,12.418460256997589,15.43109454321075,8.607150352658634,15.958122845306102,15.743496829914845,14.154994805453258,15.74413041023979,16.025112768727467,12.577784347674415,15.577172254331845,12.299623084455929,12.404268333500719
