,0,1,2,3,4,5,6,7,8,9,10,11,12,13,14,15,16,17,18,19,20,21,22,23,24,25,26,27,28,29,30,31,32,33,34,35,36,37,38,39,40,41,42,43,44,45,46,47,48,49,50,51,52,53,54,55,56,57,58,59,60,61,62,63,64,65,66,67,68,69,70,71
0,-0.0,7.974977906880418,5.8501566574337724,6.84890698214461,10.497963355747002,5.9063245738285675,7.098218843003414,7.246064188390016,5.611589911063818,6.4581797644443695,3.710566976826656,7.247632734620172,5.649021853259414,5.039790272465745,18.00056077442803,9.11694110596883,4.146135465450579,7.667572277195475,2.642062427160541,18.879896943807843,5.922901001453196,8.03805536113998,7.943199254113007,5.659299284759749,27.058840693175203,11.631140686945688,32.491576580977586,7.800636646463639,7.481403641571798,34.77161009078823,8.499334877730785,7.500614001939699,7.135759127120297,8.848710239471204,23.04703973540656,12.366905526321329,9.194570726551374,5.750815963855571,6.27139208912389,23.412390263575162,10.374119170533472,11.70790434725404,12.421424964095689,6.623092061225119,10.818500133105575,11.135113404833927,7.39067010671142,7.060480520889651,6.707805058446661,14.429761735108253,13.087729057787936,11.695875706494572,19.27334263563386,14.182794436597028,23.43096415422954,20.71497441630167,13.488731001120238,11.348781154255786,8.376342046618717,10.900560902227221,16.436539970008123,12.038740174142385,9.333120263796879,10.185161838552661,18.175617487081034,10.967828631160982,9.812779520486469,7.7705025405268495,5.665838749552768,12.31194732020919,8.861501027900085,8.70430622252526
1,7.974977906880418,-0.0,3.8646277843391164,3.506960621085907,10.158312099959051,1.4921286161234293,3.6343508469485104,6.576649594046567,7.093071754477045,7.305148638237006,3.9146486834870338,2.184469684810891,7.68940018084435,6.0444912001743765,8.896635015412079,3.6028923885223474,6.546565748142914,16.70138069503482,6.036732148146293,14.839223743066112,6.203739934584563,3.4410461093040534,6.812046900980244,9.015496119993209,16.05384695465923,15.14589636117336,19.59310119611638,8.343372426479219,9.426093144813207,19.341833955626175,11.690047461784056,9.845324240374602,8.862636249642545,13.273385579308957,14.867975388578094,13.902321655363348,11.91371301977028,5.921635738554663,8.634212206586366,14.36609116246542,14.693925804201555,12.761727156625971,12.29054980828222,10.377228114751315,16.75737753285507,11.12813087562222,7.180378205529215,5.285898195363289,5.846210027704982,13.749781494776276,11.657859443498072,9.84012093031418,15.268315261990583,11.487614210454426,14.971328591948863,17.644386240666826,8.424493757649847,12.136856957368432,7.6289338589651665,21.816362086368905,15.121067029289195,13.006401113602406,9.228693590743207,10.197472555408705,14.432549299939852,12.265010053133487,8.545806788448083,3.509651848877323,3.790765948002296,11.86875300879952,7.2147807930728565,4.8429491445579655
2,5.8501566574337724,3.8646277843391164,-0.0,2.869154500672222,12.179698605551872,2.8180206408713526,2.076161899308064,2.113872642033261,2.683330633838015,8.161463593507733,2.107521172271938,2.295007048826442,2.9210137872054376,3.511697342293764,11.062509274900016,5.025661441248949,6.698145886577758,11.698750654176804,2.6817724653237724,17.64384449405933,7.259457416401657,4.446730562650028,8.299106265478812,8.852640146211778,17.655113083561893,16.37529767911415,19.0201330588921,8.512604303576541,8.597366680030152,22.80525489062741,10.936427988641823,8.878284048079067,7.986565325428685,11.477133887903719,17.360357306704707,13.201676164656714,10.192444960070086,5.879876367777459,6.001682718602584,15.596202020483679,13.820688982395813,11.880014087522408,10.847466630093818,8.978130653287693,17.925335369434627,10.80969292047782,6.844930957223084,5.3033876097619554,5.0803772185044105,14.70553360702785,12.318041375562782,9.974307710913061,13.861058205203625,10.008969155164895,19.492122864553114,15.660392609565035,11.274879497423147,11.442206519883738,7.845286646886698,19.654693385984178,15.753424984058054,13.32102173741194,8.1795731188065,8.821746296094725,15.577803140668728,11.741144139875166,9.880370306013907,3.4764624072077797,2.2220000559011566,11.587729513042937,6.291597227694583,5.9723996998350515
3,6.84890698214461,3.506960621085907,2.869154500672222,-0.0,12.844508194904547,2.930062010364427,4.1025236631566555,4.8981131255327535,4.201939218672778,7.808801017421409,2.837015272212559,2.365444732277507,4.872250368999885,3.969142388456095,12.517707432163544,5.346136782756666,7.4249984015165165,14.590301555955618,3.8646474164061813,18.557976237334312,7.699543346032715,5.470304027721118,8.991556415871724,9.968853655353316,16.133337928677708,17.314010434706255,17.86861734798438,10.092213980608582,10.710234075993474,20.1769566334985,13.289985397481184,11.384762782586963,9.98377120374871,14.16836295431698,16.341897154875834,16.057464403010876,13.15801862351044,7.118476335143644,8.308656736355255,18.04359833521715,16.82862372053287,15.372864599157195,13.604893971264437,11.268253043339987,19.180208204369897,13.606690238719299,8.604898946009332,6.683901407966813,6.626340736524993,17.124340046642075,14.02803386392585,12.43349127534515,15.95973186336692,12.793810523718042,17.88774370796023,20.33766438811325,11.552736228821383,14.350743967325615,9.08168804547032,22.975454192092776,17.36753372565833,15.95700563177566,10.481451364858959,11.913783293629528,15.67229745462703,13.829043789677696,10.164220980916909,4.736173973945789,3.309765056828736,13.728487368928475,8.347536512427332,7.042941451865021
4,10.497963355747002,10.158312099959051,12.179698605551872,12.844508194904547,-0.0,10.280540866958447,10.066212956144689,14.363854868129335,14.341096771204832,5.57585692122955,11.59153419468275,14.083398312348494,16.89540438428718,12.996339666591066,6.82239493961819,8.931912426939855,5.398969611467109,17.850190798763126,10.493464795880618,5.90777687479738,3.816345184196426,4.672206532100192,3.5882805710083456,6.733237936440999,18.708358323355796,5.613509405235068,27.17416285939481,12.731966789784883,14.614863252076999,24.901874552266083,13.212632090344737,12.527196397968432,14.872249131172625,16.901949395769517,15.886665584584854,13.510185047212422,17.58132809665843,12.15461420398846,16.023142138915297,15.221020745279004,14.855790019143159,16.032283855322223,16.744399032134403,15.911586378923786,11.29634901087145,14.84348153679245,13.282966601799302,10.50123925761037,14.23579127668526,11.169063240395472,14.791530672514257,15.180100995206624,16.33741452398207,15.209023118799488,16.328797315524984,19.87191759796736,9.120348314085064,18.656136358447128,11.796833531063841,17.51455287797319,17.42434329264098,14.885216145808705,14.917434162159338,17.573899782279227,15.88947187571143,12.93420675331868,14.839591957792752,13.272792891972259,16.763673226607807,11.89630793741692,12.651217553246578,13.487870867331665
5,5.9063245738285675,1.4921286161234293,2.8180206408713526,2.930062010364427,10.280540866958447,-0.0,2.6462827393719968,4.149448425454545,5.106816607025639,6.1774490448309205,3.0366723376131812,2.0749631115931053,5.4975419896176545,4.616344440797354,12.175979607953561,2.9132822000539567,5.584521737551459,14.744280742580642,4.607687986367917,17.805442055520935,5.709882637262931,3.0631096559455044,6.713632730241795,8.123078353163326,17.483367267281405,14.853350136365956,19.406498742249884,5.472693127752694,6.370913852996491,20.73196652175499,8.106031901325615,6.560009943209785,5.687644030359685,9.543400608410717,15.980807006873427,10.514902999217853,7.606872738561082,3.8019586165826462,5.528515120761346,15.91181030600533,10.632370512733551,9.404430554755676,8.64980247101901,6.978909255986835,14.243758553149744,8.264595004926122,4.766443421811526,3.4681875125163697,3.7673455767932076,12.583736769587848,8.652297463941231,7.509004731603467,12.156770000512065,8.248488744511961,14.841427007308027,14.021539185114618,7.4507318071451065,8.300870110198627,5.342352422220958,18.521638353679176,11.447021729551452,9.543626724129512,5.908312794126167,6.888401528827357,11.597882999184792,8.78429707311786,6.0124780994117,2.280961079780779,2.6342167675186112,9.004999062071416,4.7221826708341155,3.9397062527550304
6,7.098218843003414,3.6343508469485104,2.076161899308064,4.1025236631566555,10.066212956144689,2.6462827393719968,-0.0,2.3256303368405034,3.940728169247574,6.187488511005984,3.0555081702605187,3.015164858180876,3.791613057759925,4.347940000217481,9.130061387229704,5.063458012750615,5.945271575052071,13.70786717547297,4.471198678994897,14.640182574017702,5.659192385132496,3.3396291662677187,6.280395356781218,7.621731482331869,16.179635339825595,13.698092184937423,20.160930892929994,12.35818350763769,14.205468986695323,24.127270883510985,17.38638810792704,14.848784134711119,13.719762376609921,19.073816287034287,15.755172688983981,18.64902061385746,17.12653081804498,9.50562524487481,10.949298385686669,17.36302745044459,20.854679979202746,18.405144160814842,17.102631079760293,15.249141666414909,19.874825078943694,16.45414954309212,11.229055971370762,7.6672579091593915,8.220414825209273,18.073274396145596,15.399014551523665,13.359804704987946,17.05922264230944,15.465435817972457,22.95406210039773,20.798874834684707,10.680759130514717,17.926970114029892,11.478994353041585,22.638640345675952,22.789359189064434,18.349178286560573,13.155386029376748,14.800597339581861,19.023859348276424,17.454984787372215,12.76007010361292,4.854754714270568,4.3100625593455595,16.654755836133187,10.49447138020002,7.577802083779477
7,7.246064188390016,6.576649594046567,2.113872642033261,4.8981131255327535,14.363854868129335,4.149448425454545,2.3256303368405034,-0.0,3.189402350421254,9.026607476357281,3.4706091905812246,4.403053949652873,4.280317460200688,4.347803353841173,11.847872565471013,7.36795920361654,8.471529071261152,13.872046964534489,4.318204136667604,18.79996008034187,8.577764270153237,5.768953254755057,9.530239512678978,10.767517400532501,17.61583790303763,18.285144839513684,19.753346089063363,11.640190426602675,13.014418240518516,25.74384998157157,16.437427612574837,13.597114409088178,12.472570261482069,17.15738336311224,17.19096283292767,17.850389507752624,15.523913683235918,9.195245404111532,9.970711036183841,18.29763302501883,19.696496121031323,17.57531083596666,16.11807210910015,13.780773094573469,21.651687456045774,15.836181951420576,10.690452175638354,7.859014621934063,7.925853883424187,18.71418756875845,14.89859376948101,13.640971030719049,17.955257367454102,14.510169794236717,25.84952719683415,20.209410694341578,11.920762904518812,16.446557103444828,11.404055744585081,23.99654070088408,22.77731973743657,17.63479312616134,12.079960492938799,13.66800254736017,18.07757631394276,16.27052648677534,12.245491818534923,5.449921348003817,4.866485635425175,16.548464417186292,10.252629067217923,8.8747352986104
8,5.611589911063818,7.093071754477045,2.683330633838015,4.201939218672778,14.341096771204832,5.106816607025639,3.940728169247574,3.189402350421254,-0.0,8.15601445108425,2.715948082350692,5.090988634215302,2.6558638906597,2.019809189671659,14.118647439713747,8.653557244089594,7.12875447746885,10.226341358754793,1.9588350400042964,19.0362878639614,8.024148458292759,6.4041606861026175,9.642740822647154,9.099996378682631,19.141132674706824,16.65932358185838,21.545477443845307,14.462989397087501,15.849093768343367,28.262124109506637,19.653159888347293,16.775312861516294,15.36016742481684,20.474727656267785,17.712614244894027,21.326599731928383,18.94548821699182,11.230385361141922,12.118116517763502,21.557811995262753,23.367511637270756,21.190465780099565,19.54251985520462,16.72325970455611,22.528734678244927,19.499234889882235,13.239298937730322,9.926083885910247,9.942745670961845,21.661542291960572,18.506772333471783,16.28088598564709,20.50498105585181,18.028440990325436,27.014893195813215,24.699060116495176,15.206407029115212,20.5239196495473,13.731428088954885,24.713401609469432,26.47617641364019,21.249274568332762,15.222092623270234,16.92340018221949,20.791923696641742,19.74895730234302,15.037422786343953,7.1420325981917925,4.853754122883582,19.29334968317119,12.53461263900577,10.703529009907106
9,6.4581797644443695,7.305148638237006,8.161463593507733,7.808801017421409,5.57585692122955,6.1774490448309205,6.187488511005984,9.026607476357281,8.15601445108425,-0.0,7.761096588415241,9.591237378729971,9.473229769336449,8.276343830749106,11.294181484476002,6.160751454586308,3.6503924720327032,15.660072922718797,6.847532786825009,10.408147219231854,1.7601467153603436,4.166641817008101,4.183676237094244,5.642976276730818,17.850079554911183,4.4545858209506415,25.741100451063506,9.267020632745746,11.19661671887147,25.413032463981246,12.107877851928894,10.72793822140185,10.70553422056678,14.600185238331013,16.799306699565616,13.162716134835957,13.511633214062888,7.694690626330106,9.846681166225418,18.95940607496879,14.983702669038818,14.909751115385756,13.648279735576152,11.901464699009825,11.816360750323753,13.662488701938106,9.313145441435132,6.513688240006668,8.837605440793114,14.072306514232414,12.96315384525966,11.918203577691738,14.34847395673113,12.198959261071451,20.078607230482856,19.669028594617522,10.819554612768574,15.848806685393734,8.262377342288271,14.891898397271005,18.4881169526041,14.723414986848194,10.634960453435076,13.074921046885917,15.84966814719946,12.233366001700503,10.59246638235736,7.924169573255492,10.592818545860315,11.918960364560007,8.342234860134536,9.214004384632926
10,3.710566976826656,3.9146486834870338,2.107521172271938,2.837015272212559,11.59153419468275,3.0366723376131812,3.0555081702605187,3.4706091905812246,2.715948082350692,7.761096588415241,-0.0,2.373186753388474,3.487612129022911,2.350006351735145,14.323390601145329,5.503043090371567,6.10903413755172,11.345859463448084,2.449081993689618,19.083487722232956,7.083101314378926,5.921749993174333,8.228588030104,8.342197751388639,20.350048224442187,15.68112547161267,22.53492632803045,8.688969912072912,8.97888554962016,25.94701110121772,11.157046339058814,9.390846684339566,8.530902255393007,12.162385268643858,17.675554628813792,14.525305254149004,10.867021311608699,5.920959724649876,6.970390524608371,19.378836521131923,14.169875124602113,12.813050736409451,11.961822180677526,9.455525609425287,16.508476007958947,11.49516372874064,7.562531416696259,6.210709760624089,6.106709859585471,15.931300871550079,13.318561787728347,10.751712324820506,15.838194247681473,12.229684881835494,19.171217889234335,18.10846808740025,12.149787712605798,11.912496797477784,8.400104932147329,19.716728425678166,15.223080775931813,13.52582692457037,9.085753263851746,9.701045801542577,14.972302897403765,12.813319466027924,9.328825704215514,4.60070949368102,2.7927131773166947,12.274935781894824,7.662140286457564,6.352545897312613
11,7.247632734620172,2.184469684810891,2.295007048826442,2.365444732277507,14.083398312348494,2.0749631115931053,3.015164858180876,4.403053949652873,5.090988634215302,9.591237378729971,2.373186753388474,-0.0,5.609461562443582,4.268458930718366,13.066580253985292,4.109676530925699,8.78844267416171,15.480405975968127,4.638958606664496,20.779473782810147,8.952191642034515,5.5458911227201,9.86097415832857,11.45816560321349,19.464080796474047,19.890374812307655,19.464071465253586,7.834023079046716,8.08867884122078,22.29126104661138,10.471464366160241,8.70659381998867,7.713858102976286,11.166643170139418,17.426148359756198,13.37174113802189,10.140554766136317,5.380222745897133,6.9580912648367805,16.484293654926386,13.775829348113907,11.63805758830723,10.630447500317938,8.694792752718653,18.93314840574737,9.988787316624753,6.5203380203722086,5.157185786685773,5.1481499865405995,15.130169609789807,11.56119568600122,9.834705720477851,14.527812541632473,10.344343336020081,17.262852093283637,16.311123298299094,9.537085951188448,10.44854568022374,7.273977846573863,23.192899459003247,13.411089268550185,12.56459453352747,8.009997559521368,8.79337166253483,13.686150731482414,11.364450022923249,7.997117360131411,3.3059918496798155,2.744717957303146,11.536152437216396,6.40360563161185,4.9799986527687246
12,5.649021853259414,7.68940018084435,2.9210137872054376,4.872250368999885,16.89540438428718,5.4975419896176545,3.791613057759925,4.280317460200688,2.6558638906597,9.473229769336449,3.487612129022911,5.609461562443582,-0.0,2.814588372195529,15.93971935379611,9.439513115155119,8.617041712731314,11.43088899846775,3.178368493706023,22.647897167425853,9.305124005620513,6.532107546076527,10.792498926460267,11.049262036325777,22.857336572453146,19.563726773849,24.441590999420125,8.703947346318316,9.530341479961146,29.391609141521336,12.704598356954481,10.069438014993354,9.003145838118487,12.139819825632216,21.03786872168627,14.318089399068288,10.548405171109053,7.37352618382743,6.652630293172376,20.12514030773075,15.555359332567374,13.835191512856836,12.219226221703483,9.399739444450356,20.05872753763021,13.380670139624701,7.845807543722571,6.775458480463125,6.2845941953838595,17.899440019643084,12.097301995184585,11.450037357215054,15.827879966602575,11.93968265501667,26.83140485772109,17.90958464003143,13.065392988782213,13.558014394309234,8.75858376190916,21.651996160064456,20.978798888280508,14.298913686225692,8.944420838182646,10.037052157449992,16.95613501277878,12.432739888965367,10.621335998091135,4.944798262311482,3.6301666028334965,13.99160532019643,7.626351618944101,9.030983928564691
13,5.039790272465745,6.0444912001743765,3.511697342293764,3.969142388456095,12.996339666591066,4.616344440797354,4.347940000217481,4.347803353841173,2.019809189671659,8.276343830749106,2.350006351735145,4.268458930718366,2.814588372195529,-0.0,17.287973034164185,6.930043958597415,6.683151298935701,9.75276989683639,2.525169368689571,20.6497579955196,7.997809251836974,5.774214169358695,8.898852920735237,8.878091546117954,22.316245673565422,15.579607410335404,27.246017895455562,13.098841796519926,14.059309131632865,29.14420914387852,16.787438176174014,14.552284777277064,12.98764676753409,18.032838350664996,21.746887484618743,19.49527660932713,16.349164978271066,9.906938511439568,10.556883568477197,24.308796054244578,20.259034774610736,18.84878693337276,16.555352429547,14.501409075790592,19.775740976725682,16.701792996089072,11.499595384916033,8.868849918137203,9.049190269728582,20.722596551165875,16.972935378715377,14.09425660035017,17.564375045385354,16.570078602991824,23.545629723856358,22.585318895037926,14.35506952399714,17.533385950871963,12.053387232759542,22.464223545272766,21.704427044512222,18.75283937826677,13.354552705893125,14.54453447383642,20.389203673382802,17.623046464668167,13.734501061696427,7.133958319785931,4.335180144407887,17.30367524055566,11.268010301650873,8.976066595810513
14,18.00056077442803,8.896635015412079,11.062509274900016,12.517707432163544,6.82239493961819,12.175979607953561,9.130061387229704,11.847872565471013,14.118647439713747,11.294181484476002,14.323390601145329,13.066580253985292,15.93971935379611,17.287973034164185,-0.0,11.236665125745612,10.74763261951627,21.46705941917952,11.61655265237661,2.4954320392469307,8.223271153256603,8.850311348262085,6.881934320364554,8.751958379754942,10.454352626068193,6.9547893421668885,12.119682505046137,13.97610813951235,15.447923373246633,19.34637909029523,13.534844584325034,12.549452478838441,17.384344234065342,16.221146326582137,6.845708662841228,10.695427129332703,16.892237343451843,13.88800367077781,17.007061433506042,7.5075456173566995,13.115801781117844,14.825455061449418,16.469999907585837,17.380853679673194,8.83687273891338,15.001923041529077,14.355475657282616,12.713259552055831,15.054950418686515,7.482119249410687,15.822343098486403,15.87849011175316,12.919229346885519,13.278989169576551,14.642993880301633,15.768333900395959,9.641724165954011,18.68592144413934,13.687470069818108,13.902601703928408,15.952946266848148,14.27881534817084,15.688157914442344,17.445534868332025,9.6444059963483,11.722216024162067,15.653538311870342,13.744354570043551,17.628923418686167,8.838509876775879,14.513269372391044,15.548899651363055
15,9.11694110596883,3.6028923885223474,5.025661441248949,5.346136782756666,8.931912426939855,2.9132822000539567,5.063458012750615,7.36795920361654,8.653557244089594,6.160751454586308,5.503043090371567,4.109676530925699,9.439513115155119,6.930043958597415,11.236665125745612,-0.0,6.906085102049841,17.892673021819682,7.249750895975381,16.88885900332201,5.987778767317113,3.3355758883616793,6.23959257088438,8.50400224816777,17.401266779207443,14.013297527245017,20.958653944767416,4.912927709594409,6.022926941707321,19.352523831686202,6.546383276702057,5.644597959516228,5.365584857746698,8.60008451520548,16.781342872659305,8.604673566256793,7.520095283369316,4.182323551275593,6.8354420143010115,14.427538797517927,8.425142314014677,6.738214909972547,5.769374356217474,6.7495464256524595,12.168603494517727,5.5864381146854125,4.478578953440578,3.5005892284341904,4.805044429027763,10.716597057287565,6.2847023967153905,4.648498085831009,7.980091392396624,6.354111489932298,12.249521532029076,10.797486543836984,5.979198803197414,6.072025302944994,4.257725045411738,18.345521756542375,8.396297816902553,7.067412810774075,5.317146731334064,4.957524025078241,10.995121626757973,7.022322533146296,4.812577764036576,3.6749155171827863,5.083985764514137,7.135790791021067,4.994078250523441,2.0439972507086837
16,4.146135465450579,6.546565748142914,6.698145886577758,7.4249984015165165,5.398969611467109,5.584521737551459,5.945271575052071,8.471529071261152,7.12875447746885,3.6503924720327032,6.10903413755172,8.78844267416171,8.617041712731314,6.683151298935701,10.74763261951627,6.906085102049841,-0.0,10.394679654777153,4.188418453810347,9.44711868766039,2.1397873079374548,3.6709614236926216,3.9556129520397207,1.9146568286436272,18.176839345804595,3.796911644737191,23.168252692474823,9.366198367730888,10.404347821532443,27.060842365904247,11.976989840103549,10.071232777206353,10.26244559495372,14.043973759045,15.510138790622472,13.546926209125328,13.181003674694345,7.263883519365413,9.3038679075081,17.935818921603428,14.566173576179997,14.34647598861343,14.690306613467847,11.516491085043187,11.770470361821575,12.863121080671378,8.884651610014135,6.498470550398185,8.33689922938869,12.968532426569569,13.52764408681608,12.2064380537429,17.01833615172051,12.801074343691974,19.528120413357282,19.160066646966424,10.117736695505108,15.134718701535057,8.841561177043571,13.054863855626579,18.11169634454131,14.122667631584196,10.995087890841669,13.257011040628804,16.55678896366475,12.605618968662682,11.126046269237355,7.540692382222466,9.55773226695761,12.093952030827255,8.040375263624952,9.09029334237082
17,7.667572277195475,16.70138069503482,11.698750654176804,14.590301555955618,17.850190798763126,14.744280742580642,13.70786717547297,13.872046964534489,10.226341358754793,15.660072922718797,11.345859463448084,15.480405975968127,11.43088899846775,9.75276989683639,21.46705941917952,17.892673021819682,10.394679654777153,-0.0,7.6178962551515275,19.076615138859,13.001020123522938,14.383855168205475,14.722083718688282,10.193415468679664,31.247195893513545,13.338367153077641,37.19797664228561,19.162097870807937,17.38103346020229,40.49025209899809,17.51752800613044,15.899621319419378,17.297447196691397,17.7704941579072,28.348878987855485,19.77156734938111,18.421989698123657,16.171571280026793,13.89815131341391,27.727166559481795,18.29874021115253,21.19118432534222,22.465414660017263,15.82653166780951,20.83772289107653,19.670600403815687,16.400585630476513,16.134923711948165,15.029180089087935,21.077446132762688,23.44116073487822,22.03583423374028,28.532491397872313,22.110625952566725,32.73166282100838,28.1739130342875,24.63472949513283,21.622066570485412,17.75504822425273,12.973235454290846,28.157580306011088,23.069174244923435,18.055264332338798,18.2508840601872,29.765430214021613,19.359904945867374,22.943802073017267,15.407754446314511,12.170570332920285,19.98812286948705,15.316077763353812,17.75383117284137
18,2.642062427160541,6.036732148146293,2.6817724653237724,3.8646474164061813,10.493464795880618,4.607687986367917,4.471198678994897,4.318204136667604,1.9588350400042964,6.847532786825009,2.449081993689618,4.638958606664496,3.178368493706023,2.525169368689571,11.61655265237661,7.249750895975381,4.188418453810347,7.6178962551515275,-0.0,14.508515266743881,5.851195319795039,5.646153691258445,7.364021952727235,5.513161926269621,16.67949200625734,11.483202870124924,19.417360264838717,11.288363891735754,11.730975194248167,23.48807451479791,14.399354917120998,11.998891169707578,11.03218699216525,15.490601128736285,16.913378977178176,16.373536335896752,14.014634216333542,8.006652256175109,8.500717024925097,17.786090903665755,17.266266152988827,16.194714138646745,15.186624390271298,12.278448909991079,17.24100048789264,14.836096881026135,9.608380843528336,7.596389633410322,7.4775535402792785,16.55041794999531,15.62060372659239,13.121819197638501,17.455665184669503,13.760757677426014,20.921518333533882,20.234526494733984,13.697417973462947,15.801579536175112,10.372120146207845,17.46858762175339,20.29480011122362,17.025911256134773,11.436905477698986,12.569058343846011,18.435476717591495,15.13408288452624,12.75902961280557,5.496187337252644,3.8846723104379333,14.430982189457337,8.691578468166213,8.472714561227743
19,18.879896943807843,14.839223743066112,17.64384449405933,18.557976237334312,5.90777687479738,17.805442055520935,14.640182574017702,18.79996008034187,19.0362878639614,10.408147219231854,19.083487722232956,20.779473782810147,22.647897167425853,20.6497579955196,2.4954320392469307,16.88885900332201,9.44711868766039,19.076615138859,14.508515266743881,-0.0,7.1130837783296474,10.209804031842113,7.1538572753278995,7.273209634653222,9.883845272300201,5.918178422697185,11.690756731891836,21.23254563412612,22.961519122819446,18.507972948719978,18.784361351379804,19.249172254644538,24.603153248186423,23.24618692004752,6.217832053966274,14.462381462597719,25.229706046421793,21.17087230431951,24.861014338106195,7.955309966010639,17.339962066792204,22.183324768827283,24.249848963553266,24.99829616309238,9.568490768875405,22.67211690450623,22.311614085588726,19.35279660520371,23.40665637787509,9.05928721370119,22.664083483465276,23.834379329578805,17.37426611384421,19.984532176142757,13.61809435113149,21.025358273315668,13.919691355095308,27.773820383493725,20.302632954401293,13.59378038500582,22.26683585448171,20.271975616073167,23.70608544163821,26.68749078059619,10.973174827829395,16.500737189768035,23.796081951142916,21.698918507303006,26.263178055578532,12.06074941990578,21.039646045036672,23.511726501177773
20,5.922901001453196,6.203739934584563,7.259457416401657,7.699543346032715,3.816345184196426,5.709882637262931,5.659192385132496,8.577764270153237,8.024148458292759,1.7601467153603436,7.083101314378926,8.952191642034515,9.305124005620513,7.997809251836974,8.223271153256603,5.987778767317113,2.1397873079374548,13.001020123522938,5.851195319795039,7.1130837783296474,-0.0,2.709056648041014,2.8246107103342006,3.711499254199209,17.677602030183465,3.0793047738630785,25.456656544980326,8.627057588083648,10.392707471549224,24.7948220818044,11.237448779556283,9.581087555841341,10.069328169221217,13.77516451666455,16.18121513829021,12.256153742812264,12.627578994178327,7.237426631702504,9.425390578870296,16.104953881061256,13.758485162723174,13.543859159341224,13.46775218556796,11.296183636587756,11.497359449614384,12.163024177914556,8.575655403793425,5.983668112391409,8.394668955281116,11.715135414557585,11.754382810568632,11.357969097929267,15.038554860991763,12.0913934077339,18.845831449133506,18.658721148168066,8.423293136371164,14.577658288502674,7.995544463558866,13.183196173326333,17.504754804681333,13.044692231457352,10.238345352454115,12.593471159396366,15.983554776261462,11.408543513497504,10.575337881563641,7.608066388983403,10.155816040101364,11.236690118882732,7.918184228640202,8.795702872328672
21,8.03805536113998,3.4410461093040534,4.446730562650028,5.470304027721118,4.672206532100192,3.0631096559455044,3.3396291662677187,5.768953254755057,6.4041606861026175,4.166641817008101,5.921749993174333,5.5458911227201,6.532107546076527,5.774214169358695,8.850311348262085,3.3355758883616793,3.6709614236926216,14.383855168205475,5.646153691258445,10.209804031842113,2.709056648041014,-0.0,3.3175610306964436,4.898957779572361,14.307206618525932,5.663216312054282,18.108550089951507,7.895692481726352,9.692769041385654,22.065106057419793,11.79736624786378,9.593058055916654,9.126653497128185,14.166003857989127,13.7824570305369,12.763299185368783,11.691198605877998,6.212127463694547,7.971175991961609,15.251987181614982,14.305312416884892,12.870773823853883,11.874700413476878,11.258335780173233,11.997505198604511,11.13279277995688,7.26392383486087,4.6412651420763575,6.1892299476410395,12.506643768024068,11.13998521921014,9.24970221563514,12.232028587388667,10.319732400177285,17.356419691439253,16.086136549823465,8.366762879244826,13.049681715111081,7.595927841871381,15.208149393186943,16.339791595639802,13.02755443058529,8.940964891766006,10.48467177083899,14.565452298179416,12.077870990389783,8.924606101861167,4.321279387969513,6.456117649672965,11.23485854012922,6.5782127822134875,5.765903285853201
22,7.943199254113007,6.812046900980244,8.299106265478812,8.991556415871724,3.5882805710083456,6.713632730241795,6.280395356781218,9.530239512678978,9.642740822647154,4.183676237094244,8.228588030104,9.86097415832857,10.792498926460267,8.898852920735237,6.881934320364554,6.23959257088438,3.9556129520397207,14.722083718688282,7.364021952727235,7.1538572753278995,2.8246107103342006,3.3175610306964436,-0.0,5.249572498966379,14.147668077057835,3.743868437069278,20.424529451415797,8.588323121624247,10.082092108868684,21.58319485731741,10.680108315673115,9.307238083110029,10.769445687930999,13.227703825584802,13.100953835880436,10.717528008622999,12.35092684207097,7.942069395226217,10.731391310623135,14.18946200553976,12.66601239148791,12.393043021978398,12.243011850147179,11.421682816903758,9.826646908258137,11.319667136488665,8.751558365808943,6.331923933771868,9.059311867771132,10.272251050616093,10.383816831159512,10.623160209956772,12.359800920266986,9.97980941433409,16.78351833102169,14.345834916825547,5.450168235400796,13.679832271438869,7.6125857632694665,14.107767306315763,14.545512028432928,11.705231996812328,9.8309336360588,12.208821475573963,13.017999821717153,10.182496104366887,9.811689953558417,8.205554879007444,11.467324830551668,9.428599127636414,7.563899441473893,8.917576817251115
23,5.659299284759749,9.015496119993209,8.852640146211778,9.968853655353316,6.733237936440999,8.123078353163326,7.621731482331869,10.767517400532501,9.099996378682631,5.642976276730818,8.342197751388639,11.45816560321349,11.049262036325777,8.878091546117954,8.751958379754942,8.50400224816777,1.9146568286436272,10.193415468679664,5.513161926269621,7.273209634653222,3.711499254199209,4.898957779572361,5.249572498966379,-0.0,21.471023839702646,4.098011916650767,26.08601470600329,11.0941853472531,11.836823972035317,31.179612357590162,12.430893771372624,10.707328253119798,11.97794924590034,14.454627450661192,16.320912031887122,13.716004688352996,14.161884713630233,9.262682842542459,11.13041491661831,16.642789987609817,14.645683358559758,14.495518468487768,14.075265618119705,12.85981793409736,12.281778386876512,14.226774085587524,10.740734774762675,8.396718558418497,10.859985795827482,12.522707271567027,15.531737770637786,13.400716514166879,14.785267842977147,13.710585939569658,22.413098993883537,19.394066371503303,14.464838165346853,16.58664545847943,10.452594211357729,11.936216114794888,18.60720998306186,15.478540663344356,12.260469336282371,14.156606905083942,17.10226628079548,13.75576223884671,13.379671331808808,10.364460539170727,12.464128252362052,12.2474262991222,9.824552574246832,11.431057642114435
24,27.058840693175203,16.05384695465923,17.655113083561893,16.133337928677708,18.708358323355796,17.483367267281405,16.179635339825595,17.61583790303763,19.141132674706824,17.850079554911183,20.350048224442187,19.464080796474047,22.857336572453146,22.316245673565422,10.454352626068193,17.401266779207443,18.176839345804595,31.247195893513545,16.67949200625734,9.883845272300201,17.677602030183465,14.307206618525932,14.147668077057835,21.471023839702646,-0.0,17.137725954354536,6.795270966334278,23.80858880920587,22.70254715817183,6.605767955272679,21.25213975272209,20.81692590057961,24.924935237582176,23.942347326140744,5.854470042349977,17.306132356031384,25.427816921118396,22.462988422161427,24.960571485942026,6.923335331565007,18.69587053657128,25.51557202110077,25.848771165019933,25.19472861724918,12.478275488061975,23.543142906727486,22.23827317217699,20.70932982771367,23.703694126017268,12.107927798410111,22.006747937777437,23.19270229241896,16.904177145089463,19.64685429990216,8.777524699692728,19.617293775845077,12.96868573490965,26.825238993102985,20.01973799842684,22.164583303030025,21.688763403436514,19.95379971605972,23.438884243315904,26.276233176423997,9.430052337217909,16.42128389362728,23.632069968606686,20.7571999165569,25.284787982395073,13.485122010119538,21.159281644273303,22.99866771290264
25,11.631140686945688,15.14589636117336,16.37529767911415,17.314010434706255,5.613509405235068,14.853350136365956,13.698092184937423,18.285144839513684,16.65932358185838,4.4545858209506415,15.68112547161267,19.890374812307655,19.563726773849,15.579607410335404,6.9547893421668885,14.013297527245017,3.796911644737191,13.338367153077641,11.483202870124924,5.918178422697185,3.0793047738630785,5.663216312054282,3.743868437069278,4.098011916650767,17.137725954354536,-0.0,23.79744249641982,16.375782011107436,17.978001473162134,26.013370213729957,14.571884933954472,15.04154881272841,18.73666888580807,18.948605457183973,15.166145998974597,12.072100758495644,19.947168123886396,16.673059564866744,19.487931777656758,14.428688109353969,14.440264775899903,18.54372805303004,19.82769946004708,19.300871128059175,10.350811262701068,18.42004912686531,17.703617342957187,14.610154563216154,19.185788935173445,9.796724003461165,17.166609962180498,19.342645109905344,16.681636078297036,16.243341519189677,20.021832188078772,18.881930856432774,11.440516636401226,22.569292202447123,15.324499685347961,11.219286624952304,21.112440638020793,16.14345724125194,18.41096218841538,21.833146241323504,15.622250852294648,13.020975287548687,19.58475387275256,18.395080126021888,22.32549757990238,11.030662281506148,15.253507467692305,19.16520165873773
26,32.491576580977586,19.59310119611638,19.0201330588921,17.86861734798438,27.17416285939481,19.406498742249884,20.160930892929994,19.753346089063363,21.545477443845307,25.741100451063506,22.53492632803045,19.464071465253586,24.441590999420125,27.246017895455562,12.119682505046137,20.958653944767416,23.168252692474823,37.19797664228561,19.417360264838717,11.690756731891836,25.456656544980326,18.108550089951507,20.424529451415797,26.08601470600329,6.795270966334278,23.79744249641982,-0.0,24.776395756860477,18.317818250577563,16.208614429034427,22.55012089817334,19.42254213467071,24.254018476279683,19.293902637803455,3.98393593529598,18.839695703277584,21.555072223701377,22.794641152642093,22.787815483558703,6.298493119488212,17.195770520800426,25.854567899436812,25.230977076302192,24.330239909685943,13.993974398161845,23.485849633403614,21.333889251155696,22.682318628088627,23.678874902663058,11.70794820783393,22.93462884944974,23.29131636134214,18.7942372379368,16.03878426007984,16.52815563369384,16.095293936838086,15.426944004268949,23.946398800699114,20.507682089119527,22.700419195199448,22.178112728275085,20.029000659142962,22.124503739820877,23.0437100947824,7.43656259237502,15.947326206329041,23.16244214325401,18.613416448827557,23.77167619187119,11.597476022134808,20.032298258559617,23.958938481663278
27,7.800636646463639,8.343372426479219,8.512604303576541,10.092213980608582,12.731966789784883,5.472693127752694,12.35818350763769,11.640190426602675,14.462989397087501,9.267020632745746,8.688969912072912,7.834023079046716,8.703947346318316,13.098841796519926,13.97610813951235,4.912927709594409,9.366198367730888,19.162097870807937,11.288363891735754,21.23254563412612,8.627057588083648,7.895692481726352,8.588323121624247,11.0941853472531,23.80858880920587,16.375782011107436,24.776395756860477,-0.0,3.6006877768952386,27.937836919235984,3.241972601994004,2.699434580184687,2.8402583601622102,5.609018777848842,18.334629834665943,5.407407876063928,2.288059726707961,2.461997964516523,3.576721503955322,14.224366788433064,4.969528475075042,4.331969452761802,3.432661864175415,3.3179269261058715,10.107356760030388,4.563948172670355,2.3623883817849514,2.36728652306915,2.7853242091448203,8.876778853554688,5.574369992622619,4.773843187465047,9.772786542126077,7.146780688444127,18.800867897624798,12.518232142591318,7.741122613856899,4.4348202828391345,3.2690139838816346,14.383150835413648,10.534174686121212,5.589594543565597,2.7313936230711624,3.5431516078195218,8.323919945176085,4.869450057152379,2.868999359639561,3.937654073545131,5.622759499502348,6.442642606061177,4.792326474089112,3.8572154248116224
28,7.481403641571798,9.426093144813207,8.597366680030152,10.710234075993474,14.614863252076999,6.370913852996491,14.205468986695323,13.014418240518516,15.849093768343367,11.19661671887147,8.97888554962016,8.08867884122078,9.530341479961146,14.059309131632865,15.447923373246633,6.022926941707321,10.404347821532443,17.38103346020229,11.730975194248167,22.961519122819446,10.392707471549224,9.692769041385654,10.082092108868684,11.836823972035317,22.70254715817183,17.978001473162134,18.317818250577563,3.6006877768952386,-0.0,23.496493617422594,3.270801714848694,2.2217950499818615,2.4348403123576277,3.3413290270923577,16.915736260936953,5.885839747519709,2.7924755604429654,2.0892221225456273,3.194872090588204,13.602241291852392,4.2274112357846825,5.576729039206504,6.337777888557148,2.134279319818983,10.378057278620581,4.996359895491934,2.168936461628688,3.225305540172041,2.5741756489992333,9.105666854660981,7.9664326029565435,6.703028644802404,12.870238432251893,5.422746650344406,14.718525973554714,11.802433702569447,7.6820592649923505,4.955221450387413,3.6764388039746865,14.279489751284933,8.819838723959014,6.52038507162905,3.6942274375004636,4.719652040331819,8.413744074661937,4.463711179653618,4.886847793941818,3.7522939315115518,5.321791183449186,5.301731398297058,2.8645522737831657,4.613942986617974
29,34.77161009078823,19.341833955626175,22.80525489062741,20.1769566334985,24.901874552266083,20.73196652175499,24.127270883510985,25.74384998157157,28.262124109506637,25.413032463981246,25.94701110121772,22.29126104661138,29.391609141521336,29.14420914387852,19.34637909029523,19.352523831686202,27.060842365904247,40.49025209899809,23.48807451479791,18.507972948719978,24.7948220818044,22.065106057419793,21.58319485731741,31.179612357590162,6.605767955272679,26.013370213729957,16.208614429034427,27.937836919235984,23.496493617422594,-0.0,19.48939019177046,20.817234109034775,23.74260231513221,23.890944081373167,11.839514752963074,21.42307477002261,26.402940094852475,24.062906583935366,26.5468680148399,10.861541965355821,17.627628376652428,24.897687929421142,25.309888913643604,23.406397735180942,18.459575560689785,20.653909616127414,21.6462945222168,23.558915963261665,24.272872086719666,18.46507028085525,22.43798588998794,22.094884779358576,16.097010838104634,22.859966226482594,7.079598193429567,19.00350109621975,16.486005742134395,23.3861913924573,19.917147797247978,32.06892482610836,18.575458471835233,19.099283703160836,24.83018699406102,24.525808577865067,11.681174812336016,15.928551850082352,24.524567621665508,23.315982447023213,26.278089555967554,16.312772645770554,24.466049299718126,22.565363425651512
