,0,1,2,3,4,5,6,7,8,9,10,11,12,13,14,15,16,17,18,19,20,21,22,23,24,25,26,27,28,29,30,31,32,33,34,35,36,37,38,39,40,41,42,43,44,45,46,47,48,49,50,51,52,53,54,55,56,57,58,59,60,61,62,63,64,65,66,67,68,69,70,71,72,73,74,75,76,77,78,79
0,-0.0,4.193565202904356,3.05903975802235,16.44502808911611,14.760615969831358,2.8772692642515274,6.001724636905844,2.4525443378237823,7.24595644531688,4.294533657795868,1.8349994311378943,6.714343490200971,3.7173004126754847,6.61718323870935,8.020882031626558,6.6091034538073545,7.0112155970790875,10.395951736683527,9.87221043049595,7.290569185727914,7.0703207561044294,6.448963784606488,4.957009350283094,8.657028748712317,6.582219070985584,6.1398543952960765,5.944607028194712,5.389772353070834,7.237576184043226,3.9987322250266333,6.9167662796436655,9.073199455783932,8.133371524535757,10.003521780853886,9.309428201088993,9.149238143856987,7.01652846888885,10.771357377896646,14.69088373829289,11.870083852439032,11.242310807221648,8.938388256888908,10.087935107150491,13.78431029454093,11.81491564119005,9.508614785602125,11.929206765793328,8.384127309828814,9.325583279059812,12.60473439627305,9.24336760302519,11.580561951224704,11.984360385177832,11.316483452951799,9.634427458592441,12.907841799732267,8.8241243516822,6.822816331904671,4.221524872238753,8.449594268113302,6.845724489940254,4.286085385152568,5.872482631795724,4.402973019299757,10.449185729372864,6.7595932356395725,12.141558973507578,11.846399497022638,35.30455785039226,23.13506198853736,5.9030602921393855,4.8228617798785,6.812712988955578,5.013122785351879,9.401476982870337,12.395905401885926,5.137186894079548,4.982165333085219,4.4063868816459735,7.4984122579747865
1,4.193565202904356,-0.0,1.689553623668974,18.641481275669737,17.422515190162414,2.8382913505297096,2.367642130021112,1.8596096532383657,3.7494680592400313,2.005070545435598,4.183838519360803,2.8889851274678926,3.038103847846957,4.20683434676776,5.061419122807879,4.735293567678982,4.635722240020698,3.9679970933202138,6.6785000314888485,4.421260481400241,4.833374071624225,3.4684028528601587,3.623803279732962,5.079663604330206,2.960262588743363,4.050924087245645,3.0303455556362886,3.3139577891326537,2.42990729214543,1.3533289738361582,3.0359120573606835,5.0532186968091,4.242826126578946,5.909099439130397,5.477289799115193,7.005573005081001,4.638662950615626,5.802714208617197,8.765343958224657,5.786372650332948,6.101799351073565,5.882011304612534,6.585001556828688,7.930128308676035,7.431215707995751,5.493956697122555,7.722590264972687,5.5084345851134255,5.644740180311228,7.839304496438151,6.596098961382836,6.249874953428624,6.155231939315184,6.250796982960286,5.05580719780048,7.236013168961986,5.205494214498842,3.370257638767553,2.258383339476634,4.62616058278022,3.0487366794672828,3.1448434498347084,2.343343643137183,2.5474301795311467,4.946295182814491,3.014958121781064,14.144362185497505,13.133331623046999,38.21942703434323,25.60126293294895,2.9034462165636823,3.019629964466523,3.3186334210791077,2.7095831669967865,4.674595778278501,8.524635290584717,3.487514651829935,4.15897153500985,4.95567578711753,4.085674418264039
2,3.05903975802235,1.689553623668974,-0.0,13.96914706439714,12.952240159015256,2.1329648876969958,4.155680829645657,2.0662424595486835,4.570730611822184,2.5866621166438466,2.5085772090757765,3.661131048492016,2.3384078086337454,4.581264882998008,4.012560230636051,3.5586494746409314,4.409670554302724,6.739617894395336,6.783756776445143,4.193449264346825,3.9250040209279087,3.663279778594856,3.684644499354622,5.364873495546768,4.225217462111413,3.1108726353773593,4.038285084652377,2.7174069394197233,3.079904439106467,1.8200244647715225,3.2257980715549075,4.65586140670481,3.3968250468789325,5.580889433528317,7.268776897079,5.401734912783294,3.4744664159922674,6.254068408888612,10.245253725566384,7.356631253204199,5.87854819420252,5.163394028096843,5.988478219396491,7.931600140631896,7.110319730350246,5.586459793675717,7.568043572761021,5.235595937020835,5.693717466171459,10.81845557808622,6.968349865432425,5.952023537662128,6.572111813205895,6.990081462704995,4.949767914830466,7.967602058463756,4.955986032456513,4.233897220013724,2.476625937879282,5.069434975486083,4.78516427785301,3.4925720216509237,3.8193980201851874,2.5963092042424973,5.9344378610504664,4.3472703692296255,11.410694316511353,10.276196628681092,29.991362065793197,19.926378173016502,4.466874158594165,3.1590642645601523,3.7694392301179707,3.2946894225331373,4.700957647367389,7.986088404368538,3.213209467828857,3.898682227418626,4.032670468728238,3.6979172902787174
3,16.44502808911611,18.641481275669737,13.96914706439714,-0.0,3.150626454053814,8.94071746976599,23.602424210783642,11.051043179230774,11.720363483768548,18.06367515116704,10.809972897853143,30.878246590702073,9.9973508831553,28.261119637794476,27.873588113946685,27.479888187730765,26.741142019344462,22.705609997361947,25.165644284164266,28.126236674448634,27.184003704806074,13.002459818731808,13.170125501460731,32.33067003088646,25.49156290608332,26.026552273444356,32.08367442338331,25.540106895279138,27.16792367411047,17.53518291844713,31.454357051044916,26.64554190314122,28.90489492679149,21.440390358154403,20.555246000069182,19.555891993047155,24.83172105499189,23.688030040966684,25.67876824242088,28.619512999326975,25.365927091554187,26.55874248327203,25.33657639301636,27.719214077953975,31.94004860829078,19.632315480195015,24.08349641827393,14.749734030434963,22.509997850451104,16.088597361344053,33.42433284415854,31.476316534268403,28.83734400636449,17.666671474647586,33.57335843514207,20.6783266054477,23.10331055252981,31.046461625132455,21.798682657530996,19.807974495002526,32.308958065035455,29.98919885096434,30.199099246165652,27.78643874063786,32.20805442717823,32.59534165442722,3.809018228135518,3.9034167304285123,7.104127566390942,3.3587843119001564,21.57066197572291,29.223032668168035,32.88777190364585,30.709842896870985,22.587227376195926,23.863157372703263,29.024963669638776,11.349648983857445,6.997679974209828,10.288173689652824
4,14.760615969831358,17.422515190162414,12.952240159015256,3.150626454053814,-0.0,8.134593088485378,22.040005770855966,9.727996811329485,11.072311107682443,16.588194211830864,9.80700477123098,29.16605458588353,9.363017920102829,26.953453113714673,26.051309110903816,25.62653211758862,25.143539521322854,22.198655305159004,24.012969159340958,26.442606580622897,25.422749687454743,12.15953129137292,12.085149645973969,30.715720885442877,23.807936812714388,24.1979768548204,30.173869567014062,23.70557289276851,25.74314620151862,16.365751195028913,29.725058497188144,25.102108276092157,26.910831166429993,20.21776121955217,20.10236469345454,19.26594679126045,23.81953378865337,22.21653948207824,23.886632918461398,27.010475451407196,24.242467374373703,25.71028063320369,24.877742241834174,26.928528922942693,30.69525972254857,19.5548434078714,23.247553339292338,14.266318753772891,21.9828483804137,15.059670901566907,32.21375163484921,29.72287859670973,27.456959041680022,16.59381050817703,32.23122366164737,20.113950537196462,22.200112108908268,29.30041527239218,20.368458735305158,18.761570771672076,30.673979796448098,28.09156438317213,28.42390230489311,26.08357364076797,31.013355477641802,31.058915875833357,3.2237968894702442,4.765508541879162,9.707379032382056,6.313845442935295,20.41137079031659,27.428519589752707,31.212166052228326,28.920090340516378,21.890786435016818,22.6518420961301,27.21355101623515,11.646003754331621,6.389342390135558,11.158873918318417
5,2.8772692642515274,2.8382913505297096,2.1329648876969958,8.94071746976599,8.134593088485378,-0.0,5.630626061323256,1.3788187318727287,5.648954482900828,3.329538543350087,1.9786508239598466,6.65627931374666,1.8279506977421627,6.230682761330828,6.428009063358421,5.429071516418523,6.288734021037645,3.8262604988283626,7.654437837136741,6.311302587190168,5.896982162673963,3.980487401790469,3.137204851635292,8.150878205652202,5.311456897938914,5.0147401663657964,7.074830006514815,4.760375503431742,5.705093166713937,3.0518099273673416,7.074645928179713,7.037629076254912,6.589692549958596,7.100597311651487,6.25904010564728,7.376816974363003,5.28794852896207,7.322615258819303,11.296913370005942,8.180646753842973,8.640314632453347,6.966057132789249,7.707137305213394,8.942199961732792,8.718160918417162,6.462208853380536,7.493759449654131,7.01715405293313,6.487737681702166,11.246225835165557,9.134113318102376,8.319776933016117,8.365339941150932,7.277026198160739,8.428732767471084,8.800641469288564,7.704248046834234,7.460917423178034,4.462352779750743,6.626577374583219,6.890090138613358,5.671175968743692,6.014165441473004,5.355870939769163,7.9700254309927105,7.082126833413537,8.033512311590773,6.702775633053409,22.73763950778692,14.289750469404835,4.171158254403548,5.282255396577577,7.360959392821208,5.969349555219044,6.768331039527422,11.55880523701823,5.934296805411147,4.17424544738975,1.5598282290271996,4.075773423675737
6,6.001724636905844,2.367642130021112,4.155680829645657,23.602424210783642,22.040005770855966,5.630626061323256,-0.0,3.928496380309855,4.371513385439636,1.9800477857988943,5.425453782002656,0.8157875419191796,5.1260277381928825,2.3604530811026674,2.616864103043435,4.237999556335805,2.0441722032773098,7.757190480946187,2.8656169870214474,2.161325910646853,3.3859151975465784,2.071520031961612,3.849761834765898,3.0429123194304473,1.6668643027621866,4.198347188015686,2.2290910119448766,4.668724710385606,2.683096778085954,2.4076118273482536,1.3860326599324213,2.4099831591972514,2.4631198369262073,2.9722961147735547,3.6517324784109735,4.4471079174838595,4.574676369022777,2.879682139965615,7.4678809072008265,3.6881631590383805,3.308027116166635,3.2281765256154644,3.856264260815165,4.877648425841903,5.454359647082626,4.870533731024376,5.271923018522736,4.3849534406203174,4.8335705914109335,7.404744372279268,4.495920512950914,3.4895090897505527,4.3408727001642475,4.6777883046709645,3.0131814448475454,5.424322073765714,3.3515212000618386,1.816137057878177,2.9879172482748326,1.7807095067349608,2.9987251929560577,3.6656690424549696,2.151330330507462,3.8133485392613635,3.09321769893688,1.8566221403172232,18.393794205099105,17.473911519419406,45.15476055213744,31.199493174363916,2.8713713822832485,3.3416095244276067,2.001477708225854,2.6052999751463948,2.954001389425623,6.445223256656146,3.026974943357143,3.332616315624229,8.282893479837133,4.6658701683847115
7,2.4525443378237823,1.8596096532383657,2.0662424595486835,11.051043179230774,9.727996811329485,1.3788187318727287,3.928496380309855,-0.0,5.850509070871022,2.4229084162499848,2.321427282331787,4.750249740273904,2.246233780265112,5.964590141368465,4.309084733176887,3.2675858661382278,4.858228090384011,5.94077463240695,7.510677457972846,4.335657991740319,3.976046843607049,3.4652519919307303,2.6925129128754723,5.974885791112404,3.415865333841592,3.098183642123186,4.8710619792265994,2.9859314181827497,4.486278580417152,2.8006783999777105,5.061008976803747,6.053194144758287,4.633984527180503,7.116505544157894,6.964757287034833,8.521149561574594,5.047289333302311,6.632220283096675,10.822050894958398,6.282528294899537,7.842454555635599,7.7334649287171935,8.636229523846369,9.335024873259265,8.811226464648866,7.390526684897713,7.900478403014747,7.084292280908834,6.096056687808685,8.938842382058562,8.661438542106039,7.296550242927277,7.162597711398692,6.242400976105194,7.034566262625508,9.407579759842081,6.975176669846144,5.259007201626392,3.359319677812324,6.009073807378881,4.5958715683020985,3.4253827574842046,3.721258197786362,3.3358429844562716,7.240491450578964,5.169863906730892,9.087841596345084,8.077461990809791,25.26478697312705,16.491819894042923,3.882433822671517,3.0828604793572407,5.127028717242104,3.7569596915786994,6.766227329683089,10.440916311587129,4.026492223864999,5.356750405351257,2.643893453125388,5.529854620224955
8,7.24595644531688,3.7494680592400313,4.570730611822184,11.720363483768548,11.072311107682443,5.648954482900828,4.371513385439636,5.850509070871022,-0.0,4.589322690016069,7.22918973886739,5.3182093412871225,5.621271799647644,3.7539296034792105,6.800293506965308,8.048645334966967,4.8728289663593225,7.596582499446247,4.469644343247855,5.548146955856503,5.764459308550828,4.008126625466353,5.610221041643353,5.720728477582647,5.06562446548596,5.485353087506985,7.3984212845484585,6.611206954264834,3.836221482510143,3.203946789066941,5.420226223345454,5.213219659510166,4.562009933127389,4.222346674692743,4.134753627176839,5.4012928664535815,4.458099707613321,3.9552596317897883,7.567831906371851,5.28793670959143,4.933370858417209,4.900220475213843,5.199171030548043,5.913426998277755,5.875534912043316,3.8097029451040827,4.1924454593930385,2.797165792137153,4.239533427996698,5.08464467614551,6.220161196445355,4.640166147234315,5.157530162151637,4.334731347789892,6.128645720293573,5.144998751186503,3.4944970753219593,5.973067070534856,6.117001376519133,4.719007060328216,7.306155984100768,8.104107805735449,7.027153286986471,7.384627298568426,5.950454740012829,6.193376865940722,11.170225385629141,10.15628825130405,26.03199408801027,17.472658918010893,5.526472992708181,7.086773016985688,6.561619359615436,7.213832846321593,4.807737887544996,7.131536531633434,7.6674015299117695,5.097878494352326,7.037090259842285,3.800305265840503
9,4.294533657795868,2.005070545435598,2.5866621166438466,18.06367515116704,16.588194211830864,3.329538543350087,1.9800477857988943,2.4229084162499848,4.589322690016069,-0.0,4.169189929828828,2.786250214167761,3.7402224662637047,3.9521519698399006,4.491441576453287,4.869144646194115,4.35412344784934,10.3885407263955,6.035089941198042,4.380362324032752,4.681970224493995,2.918844546559818,3.6675489360055478,5.572434212211439,2.9102765119149407,4.402283243957954,3.1683822302573583,4.29345215605275,4.298215824787585,1.9295623971506954,3.0908320667429217,5.3714715962986,4.51568745084042,6.037967952432527,5.989491731563031,7.118560268181784,4.775172689921974,6.127904099251385,9.79714760644644,6.828094934767758,6.06901523277842,6.003942784271673,6.572751300228506,9.147264756907953,9.221617847934759,7.467327269310572,8.38934233016298,5.878444374271889,6.8829440227918814,8.402414236673115,7.018899028678122,7.156734163006795,7.855637381382717,7.366334010884916,5.968264862414358,7.899274612363767,5.23331811994118,3.465081310998958,2.681919330842692,3.5538139371913013,3.9638048559920898,2.911701057563259,2.805661382174778,3.058726622564606,6.134802943233788,4.197746320761527,13.835682256759842,12.932282997976762,37.56965614385624,25.069067869919568,2.438041668924805,2.9641468604094423,3.6245903649639137,2.850914957317459,5.598365460878795,8.145798303599582,3.4190694120451517,3.5148886894157823,5.135473423814473,4.678939358935493
10,1.8349994311378943,4.183838519360803,2.5085772090757765,10.809972897853143,9.80700477123098,1.9786508239598466,5.425453782002656,2.321427282331787,7.22918973886739,4.169189929828828,-0.0,6.025661468969533,2.299625592886158,5.30040495282653,6.444765993193736,5.128209022553629,6.259830532213576,8.393183490352367,6.564267562477694,6.164997522968381,5.484612134513978,4.85443399655649,3.4778301329175947,9.094345548766867,5.506723911230705,4.293673947691702,6.180274338225295,3.9055316230509605,6.044316658313758,4.310658879898388,6.698559490004877,6.924272833352303,6.912459831462973,7.149444920612314,6.729292744650684,7.878192468038931,5.983218462078769,7.533106210640718,14.058676972415784,9.25208291183366,9.235481909849344,6.363597514010757,7.7310805538754375,9.970363561716097,9.858593678021565,9.247945788297077,8.657465479463479,9.076659245527122,9.153297543687245,14.279439992883914,8.764555338095956,8.576423006373401,10.04820077888503,9.628367701742869,9.205951186997307,11.197118249709051,8.316942085873649,7.686870984690653,4.539888505293336,7.030891057694018,7.541395358125341,4.711050480224646,5.763484798106664,4.578877253625525,8.659234486142326,7.4217594511859115,8.197144318357969,8.04862571488342,24.42231436459939,15.645122234462882,4.171709378258876,4.907025835368165,7.095613756813344,4.902180574872779,8.010192213391639,13.569932567528022,5.226681877320892,4.1756106635152515,3.0911906964446274,6.005995363123457
11,6.714343490200971,2.8889851274678926,3.661131048492016,30.878246590702073,29.16605458588353,6.65627931374666,0.8157875419191796,4.750249740273904,5.3182093412871225,2.786250214167761,6.025661468969533,-0.0,6.057233663763485,2.752461583980642,1.8044388464637586,3.628024877464551,1.8918811236220452,7.559010988615109,3.3112317973135235,2.0021825179234227,2.871885374689377,2.4618164236507045,4.197700512084461,3.247003026719644,1.8562758651155038,3.8607953105654844,1.83537012606156,4.616980714691358,2.2782615716638572,2.9978197322082654,1.080187153984313,2.5104919159647454,2.018291641785006,2.9442782986110387,4.079558420643924,4.826520547994244,4.538088766371997,3.0662313125879246,7.607186690308971,3.876397322600318,3.505402893327294,3.335738664830981,4.165437448087708,4.525375741068878,5.98619070589464,5.56671527211463,5.709192996330157,5.270542625448759,5.40629296129702,8.880785517285505,5.21725945707148,3.5828834664116194,4.7094356240086785,5.469179038257708,3.3005893105968513,5.934691599767598,3.5190509890751085,2.503258587932282,2.704040114062717,1.9635549284200138,2.8519164669886288,3.329575149940003,1.9956814546271127,3.2146354840957962,3.710575916138944,1.9027932879984015,21.085644335361472,20.583278789609544,53.96157977570633,38.23411071745647,2.918351464480082,3.0481186731986223,1.8634694785510908,2.451031585161764,3.744094621434917,6.947159220825395,2.61800255294926,3.9254487571564565,10.028118752110478,5.870183080140533
12,3.7173004126754847,3.038103847846957,2.3384078086337454,9.9973508831553,9.363017920102829,1.8279506977421627,5.1260277381928825,2.246233780265112,5.621271799647644,3.7402224662637047,2.299625592886158,6.057233663763485,-0.0,5.773906350294407,6.4445663503514075,5.431175688859763,6.363028876707675,6.388008968855835,7.361061316119573,6.26789970721966,5.723102404208935,4.010411690570793,3.018625063283049,8.886444873886283,4.991581443697181,4.475553949506832,6.598997941081381,4.341677589237992,5.166144576968948,3.8174351226100005,6.560661286282877,6.599106962760397,5.795354137894104,6.953051793131954,7.103042624360717,7.342255538469773,4.854776276118785,6.721871480040229,14.681877090424631,8.709134131648916,6.7658289507864415,6.332450624338761,5.52273879778931,9.316603232150126,9.343727093684455,8.127299654112457,7.3847626986255674,7.582289280604132,8.039245404187758,13.859363018014896,8.704835742699865,7.430211343825409,8.914211016743863,8.873250207635058,8.563654116588124,10.55967182393504,7.8181285401596226,7.180949345582094,3.9413270889239205,6.831794450615305,6.720286904363389,5.102917906509057,5.691038148058483,4.617396928746558,7.832935115995565,7.092099408199076,8.105976964800941,7.287919892479336,22.88509539267763,14.760310612389473,3.8644202926313183,4.608226111905454,6.8405319323357965,5.3634340613435905,6.980358998711986,12.441279078247645,5.812744056594267,3.4946534127042588,2.642980542867375,4.566612775658143
13,6.61718323870935,4.20683434676776,4.581264882998008,28.261119637794476,26.953453113714673,6.230682761330828,2.3604530811026674,5.964590141368465,3.7539296034792105,3.9521519698399006,5.30040495282653,2.752461583980642,5.773906350294407,-0.0,4.4554215277498095,6.627129283324538,2.776464042981018,7.5429234234776175,2.598297511301031,3.5390000245960334,4.189196627264802,1.962741534307032,4.979048969842491,2.5773398875540714,3.6647069705001982,5.522241047128229,4.340403593726066,6.34755581345508,3.7618132589439357,3.123242852059597,2.4480170412920774,3.710762883715353,3.1494973095985195,3.7340834917266337,3.278895677661233,3.066405988964646,4.284034939749184,2.7946354192704974,6.708648771885592,4.391321677381444,3.7987520835788335,2.7236095444924744,2.7981117214835365,4.376991323700173,3.8897387341418606,2.878621977516462,3.533487774477218,2.6676648757721666,3.0698080891698076,6.666215967002598,2.716447544873581,2.878396215555807,3.7002861500849518,4.443141910006631,2.613148058722371,5.054263091803748,2.8873427085777874,2.9817362948629995,5.019128294944639,2.8226659380742,5.2674667233256915,6.1231158659700595,4.757152781445057,5.69585001422472,3.3317510695627175,3.442247053365627,19.740101488760295,19.027144083866652,50.6132350061823,35.43244320025553,3.681734790493789,5.259612263558361,3.7656133578719837,4.952131912804861,3.221349817093399,6.504314413505389,5.274113076194984,3.622219656069324,10.023902693305265,4.941283623128828
14,8.020882031626558,5.061419122807879,4.012560230636051,27.873588113946685,26.051309110903816,6.428009063358421,2.616864103043435,4.309084733176887,6.800293506965308,4.491441576453287,6.444765993193736,1.8044388464637586,6.4445663503514075,4.4554215277498095,-0.0,2.1374507060380634,2.41813438467025,9.5530594055887,4.4945248214386195,1.2509349732007133,1.7157482214369983,2.8395098823617135,3.12948258654887,4.493670675916868,1.6566022118500596,2.7482446543886283,2.332494208839015,4.1204802150683335,4.875709383650256,5.341193231230281,2.8681452462688504,4.5565980083763,3.6212958923755103,5.295075054156808,6.576623143010569,6.862873378493975,5.826726925410156,5.602659533837397,9.751830337639824,5.894706600720442,5.690141935969057,5.525379037048426,6.189993280214923,6.874371808677537,8.42272819886031,8.375001743254039,6.986313349571553,7.392028350360482,7.268523557068859,11.071715577013093,7.066178797178205,6.084906925304744,7.092474526061286,7.055449927096508,5.015705215681173,8.269914651746259,5.838444974483691,4.315801131659893,3.410103137429537,2.8018508131322957,3.8497866967385566,2.736634854758009,3.2599244458804666,3.2802258344101385,5.8157255970386,3.9548204060784133,18.899845376900082,18.24123849293929,47.16421711388191,34.10474284255731,3.9032753855449847,2.975690360146882,3.1565057213880148,2.398079813579967,5.9280494163957735,8.276232591344067,2.064346080561526,4.934947833980964,8.884835637035524,7.027139826852674
15,6.6091034538073545,4.735293567678982,3.5586494746409314,27.479888187730765,25.62653211758862,5.429071516418523,4.237999556335805,3.2675858661382278,8.048645334966967,4.869144646194115,5.128209022553629,3.628024877464551,5.431175688859763,6.627129283324538,2.1374507060380634,-0.0,3.627904102847262,6.069708731588123,7.356587040662293,2.1252652082893957,1.6203923215799045,4.408421281200425,2.1509491330558665,4.460166029395426,3.089363969600154,1.5775699678009476,3.2321789449105345,2.6849654746465457,5.0582909220355,5.666322122867173,3.9200302501064597,4.859815908219472,3.5180073114054204,6.436269635428383,9.096121853667462,7.251009675460092,6.104474970722533,7.673265559219092,9.789209257849679,7.1552563699346745,7.480562799455155,6.989956874687348,7.8963542377992555,8.446658835494942,8.449937539649088,8.183482108282638,8.437904010602004,7.122181639410862,7.093616655237867,11.278917284230086,7.703942960744787,7.162111093308273,6.9691506077095156,7.390398941229669,5.753140364603756,10.1813297214478,7.426233141155094,5.022033901660635,4.178450634185286,5.881374431384213,3.4492051141387483,2.818537976276998,3.8094069560113075,3.32550463552324,7.589337976333438,3.9304141275375017,17.735320151719115,17.317410056182375,46.31284331961024,33.33716103411169,5.716748425969252,3.1970165638000694,4.243699999183591,2.556824129272683,7.54983645133568,8.065331219863808,2.68779841109661,5.3795400417473,8.314777833138042,7.889801791331865
16,7.0112155970790875,4.635722240020698,4.409670554302724,26.741142019344462,25.143539521322854,6.288734021037645,2.0441722032773098,4.858228090384011,4.8728289663593225,4.35412344784934,6.259830532213576,1.8918811236220452,6.363028876707675,2.776464042981018,2.41813438467025,3.627904102847262,-0.0,6.397857590305371,3.668264982630165,1.2344573050510415,1.8730821181215351,2.2276068309419887,2.8814634781814026,2.0916091881566623,1.3894288892772606,3.838006518503743,2.2629102353891417,4.729941331997164,3.466794350392749,4.517016969077762,2.5765305363787863,2.9364126152009713,2.768065627949444,4.025796168714547,4.523397814360233,4.020086644109678,5.128102922925921,4.359908098789227,6.790832227216348,3.6379978184040733,4.639686088119292,3.328226685990212,3.796827351520669,5.570976887385854,4.789310156289798,5.24349731296973,4.681408021569771,4.264884814217901,4.375273228479781,6.180049336630305,4.049310991500217,4.409757965728517,4.005024778469967,4.049400210300711,2.6311736303020865,6.0312397535164255,4.255757072263532,2.263534651559819,3.5714432533213403,2.480629061641827,2.6286074308474423,3.8786147064095826,2.969636657494921,4.234017329679491,3.2296309794361355,1.55398149921729,18.39573322134214,17.428478384165782,45.73759771615016,32.846716699493726,2.732407996458021,4.121021225060842,2.6562385230085295,3.463838331555912,3.830999396498304,5.652559498180074,4.201823752190833,3.573286313687303,8.961222118797057,5.876533570443843
17,10.395951736683527,3.9679970933202138,6.739617894395336,22.705609997361947,22.198655305159004,3.8262604988283626,7.757190480946187,5.94077463240695,7.596582499446247,10.3885407263955,8.393183490352367,7.559010988615109,6.388008968855835,7.5429234234776175,9.5530594055887,6.069708731588123,6.397857590305371,-0.0,7.338025842177562,6.88971293737538,7.449506992381627,8.812449938391799,6.0144264916186945,5.034722462961145,7.893547478155565,7.8753760139647255,6.606801803771997,7.728931200179908,5.0285176997610295,6.709694192304468,8.162155314610999,5.745894185279901,6.43119192265471,7.005076945536866,7.072546904535925,6.515714217703643,10.966533604326857,7.15960978315228,9.89757856049503,6.3460278434987725,7.622674617521532,6.108917889875271,6.595531741610882,7.310680037617657,5.604655434298265,5.503201272944227,6.079544300284004,6.72585767237537,5.568951386201475,11.205830436488915,6.195354209199016,5.784389390930161,5.458758142252647,6.835292910412038,5.483471614086462,8.376753225914486,7.877891408093396,7.215327734370145,6.508655834584906,8.607393268631167,4.72965223479719,8.15113442999952,5.330118634943375,7.609219344923977,5.701262016103901,4.41014637051853,16.93026049369053,13.033038112144405,38.572186329432014,27.371445052266132,7.612929793919777,6.585017092992179,6.060663314760745,4.2110889583004925,6.475772231034767,10.536928375531042,6.428037319078537,6.589791581341013,5.835688934741229,5.548852876026833
18,9.87221043049595,6.6785000314888485,6.783756776445143,25.165644284164266,24.012969159340958,7.654437837136741,2.8656169870214474,7.510677457972846,4.469644343247855,6.035089941198042,6.564267562477694,3.3112317973135235,7.361061316119573,2.598297511301031,4.4945248214386195,7.356587040662293,3.668264982630165,7.338025842177562,-0.0,4.3673722317232855,5.3553270827505255,3.406166674250246,6.62748647348191,2.170348533952932,4.873303589636049,6.34418490687058,6.103913638848163,8.325155373425256,5.252651730501117,5.908375492069806,3.4824526964755167,4.108752702489361,4.250971991531379,3.383620779836475,3.9942125347429793,2.336363078908819,5.435536021796193,2.675196951780678,5.365935579073186,3.3193156110705675,3.391564811433835,3.072276785853702,2.924422140726736,2.3364532015305737,1.9676873258423373,2.802740589026972,2.3843166985561,2.3228115351249046,3.407369435684189,4.915170392338794,1.7358171944963074,2.45390010352966,1.7919692643342064,2.1628316078189065,3.0782697743357073,4.757479962689311,3.84669849779621,4.033968020665947,6.694986412324156,3.10009340040194,6.577624434702926,7.626324840187757,6.611963104443821,7.615272570726472,3.8060206450052054,5.093439548920198,18.656501869465853,17.710309999305036,44.05153080098989,31.43287244827136,5.397410964198502,6.924756049679852,5.382268232221869,6.352520829924734,3.8023216636714356,4.169412507112756,6.480178930303717,5.0262330851642245,10.475981443887093,5.963649425170248
19,7.290569185727914,4.421260481400241,4.193449264346825,28.126236674448634,26.442606580622897,6.311302587190168,2.161325910646853,4.335657991740319,5.548146955856503,4.380362324032752,6.164997522968381,2.0021825179234227,6.26789970721966,3.5390000245960334,1.2509349732007133,2.1252652082893957,1.2344573050510415,6.88971293737538,4.3673722317232855,-0.0,1.1663219748286924,2.521620835071143,2.5588655269253424,2.2819745764852644,1.0910823020042146,2.4875878165041323,2.77814556236091,4.325219391426427,4.092567655114921,4.80337159634114,2.5449161604755486,3.4170752141877494,2.821432940280723,4.791856154165172,6.248265930214256,5.406372852236703,4.893452684009987,4.968151262354719,7.719539222969011,4.8021817932047846,5.3553137878339525,4.763045694671943,5.34937482556755,6.95525481805338,5.9331333374073445,6.081438008541396,5.786181892492816,5.10395182753137,5.288636101702751,7.308988350323758,5.057066777482419,5.175575799571621,4.923509542591014,4.714974905782439,3.8813466020005842,7.511100323076123,5.201009085340839,2.497470063576212,3.382451820405721,3.414580357758729,2.4922342874060934,3.2141745936884907,2.7494913846470284,3.5546878787439202,4.53820051994385,2.173312821715928,18.94220559030711,18.365188612800374,47.62591020216796,34.272928414785476,3.1867791554253575,3.388251140416824,3.0157730397111515,2.539469751304296,4.846839582595955,6.385843056759271,3.0585348449454868,4.421148399948436,8.928353805633899,6.50116424868752
20,7.0703207561044294,4.833374071624225,3.9250040209279087,27.184003704806074,25.422749687454743,5.896982162673963,3.3859151975465784,3.976046843607049,5.764459308550828,4.681970224493995,5.484612134513978,2.871885374689377,5.723102404208935,4.189196627264802,1.7157482214369983,1.6203923215799045,1.8730821181215351,7.449506992381627,5.3553270827505255,1.1663219748286924,-0.0,3.333597429793632,1.856991071032607,3.2814362988929697,2.14938093437404,1.844626372627597,3.1170697631131423,3.5813040612745244,4.536681064117081,5.246139526847345,3.610904294257558,4.4997993014612385,3.3484030260169586,6.24660396924715,7.348512534422965,5.364119286659829,4.95141913621655,6.890698761161832,9.424548264112449,6.813623768733298,6.507228957345113,5.204822169656569,5.974194448689537,8.536623270482856,6.4374199392417335,6.844302391982378,7.4000399868148445,5.187352842878422,6.560119769217915,9.33982542292093,5.498202082580866,6.456235699708306,6.107217239167511,6.551996010010926,5.214750522949104,9.398344044807613,6.727839142301851,3.8075533872290435,3.647888392376785,5.198476357571414,3.6580676905844145,3.3714321582806552,3.975389576626198,3.942389933993076,6.110419363204668,3.2769523002945133,18.221967764007395,17.596255194995354,46.083889988558695,33.18452955423418,4.401119213518952,3.4547098552948414,3.563779890402066,2.6983759450511693,6.101330163140805,8.225031245754568,3.0863880396236683,4.509067189806408,8.67189937328424,6.913253187184224
21,6.448963784606488,3.4684028528601587,3.663279778594856,13.002459818731808,12.15953129137292,3.980487401790469,2.071520031961612,3.4652519919307303,4.008126625466353,2.918844546559818,4.85443399655649,2.4618164236507045,4.010411690570793,1.962741534307032,2.8395098823617135,4.408421281200425,2.2276068309419887,8.812449938391799,3.406166674250246,2.521620835071143,3.333597429793632,-0.0,3.5328714684963685,3.899834511276278,2.120902097516895,4.310065123347403,3.2981941185014536,5.450896462288499,4.667661735357753,2.6811870498430035,2.7690015105876595,4.0171285576401905,2.993864325788848,4.350895582246586,4.708151634777174,4.853415099688721,4.462617141881053,3.5592583353389866,8.374002118209088,5.1730073847742855,4.4988961216585635,4.276049200747047,4.3482997869446915,6.057151837400476,6.109097960209523,5.230631698941078,4.624030781262106,4.565440539332718,4.446100812647802,8.446065936293436,5.144655837567904,4.176576782790987,5.206405735743145,4.833582072646082,4.219088332278986,6.225539540826154,4.32834235375495,3.056105041165702,3.0675253648716985,2.2482133897948833,3.694046533323527,3.8392738420063597,2.822887113935349,3.863916595121538,4.113748890547104,3.2491499881396444,11.70169535920742,10.308634372040764,28.796999501261507,19.245163763084342,2.48113584423579,2.9658103556949476,3.471702331421035,3.154983511778581,4.092319317266773,7.21171556744501,3.3441003657702733,2.7197659821539477,4.794035808967646,3.9563660068623707
22,4.957009350283094,3.623803279732962,3.684644499354622,13.170125501460731,12.085149645973969,3.137204851635292,3.849761834765898,2.6925129128754723,5.610221041643353,3.6675489360055478,3.4778301329175947,4.197700512084461,3.018625063283049,4.979048969842491,3.12948258654887,2.1509491330558665,2.8814634781814026,6.0144264916186945,6.62748647348191,2.5588655269253424,1.856991071032607,3.5328714684963685,-0.0,4.225017837056292,2.890404529964655,2.2179399956632375,4.37315239079756,4.453289332163013,5.482168876537156,3.785569144897585,4.5895008790403615,4.626082225407696,3.41069449763732,6.555177575699637,8.05471523353274,5.65185778413124,5.292184214212438,7.1881319110316175,10.623637506602757,7.247127554046052,7.590722539800174,6.127559086211841,6.615636087924551,9.34455099435457,6.758632400220162,6.490398227567043,7.280711487827644,5.174296578346081,5.965578093649113,10.294868875538521,5.928777730117527,6.721048430806914,6.398921006090605,6.720173716490445,5.863455493866676,9.844812844150283,7.370430654363205,4.0769040339702345,3.5253296363614894,6.130281110698187,3.61557744184991,3.086478712433918,3.7689467768263425,3.477969430566738,6.476183591625782,3.5009799366757375,11.591862755051958,10.208416615624742,28.36579979987358,19.02770852689118,4.425213420458348,2.8834366386914936,4.283724830529036,2.801295110791714,6.459480410898541,8.915318575499617,3.2954865704925127,3.7012096015343032,4.307978463073598,5.597116174453781
23,8.657028748712317,5.079663604330206,5.364873495546768,32.33067003088646,30.715720885442877,8.150878205652202,3.0429123194304473,5.974885791112404,5.720728477582647,5.572434212211439,9.094345548766867,3.247003026719644,8.886444873886283,2.5773398875540714,4.493670675916868,4.460166029395426,2.0916091881566623,5.034722462961145,2.170348533952932,2.2819745764852644,3.2814362988929697,3.899834511276278,4.225017837056292,-0.0,3.198893214034964,4.63516683003683,4.590394656689486,6.1360502493115945,5.837278910657682,5.074484337366169,3.286509274063898,3.368272028844955,2.70651312717352,3.965388586967505,5.173762519777727,4.133587634469883,6.039200786528852,3.887704974055448,5.1790409580088825,3.105602576057247,4.5076719069423685,4.400108070148493,4.135141877762793,3.3897544767113628,2.847634998872157,3.355959575590095,3.576820207117388,3.745143760612133,3.012275101115129,5.311065465728015,3.2600027897704633,3.3059838332569567,2.2063138505234656,2.859801016833889,2.0582255733809998,4.980764263518782,4.420395740833299,3.222375827128366,5.213557639420785,2.4575159536906703,4.389529126952138,5.493584874487752,4.483534934447485,5.026203918490156,2.6211064927184236,3.227793585685976,22.666631797764357,21.723562214996107,54.28786130798338,39.158718822867954,4.3452277147863905,5.8327493350111,3.0436783746849514,5.007004917853163,3.5376113707680306,5.059827498935711,5.740233358001186,5.795137582445705,11.362052412993332,6.6091350600682715
24,6.582219070985584,2.960262588743363,4.225217462111413,25.49156290608332,23.807936812714388,5.311456897938914,1.6668643027621866,3.415865333841592,5.06562446548596,2.9102765119149407,5.506723911230705,1.8562758651155038,4.991581443697181,3.6647069705001982,1.6566022118500596,3.089363969600154,1.3894288892772606,7.893547478155565,4.873303589636049,1.0910823020042146,2.14938093437404,2.120902097516895,2.890404529964655,3.198893214034964,-0.0,3.5209149027099396,2.2084532329020092,4.290883589528372,3.0375161628531835,3.4511002272389586,2.7392602884505477,3.277201627337093,2.8325917754638166,4.773012702038202,5.362307509534341,6.029250383333055,4.711951309796195,5.048569497975197,8.753367200049475,4.167088860253825,5.564926628940078,4.776929445737348,5.580278226954271,7.365894549481306,6.9230511744271155,6.713838039747788,6.221229572534969,5.476771371952503,5.426653980571791,7.959765179664243,5.627887701921354,5.593985229259608,5.5699566313159075,5.40984117026209,4.06009358380009,7.28619074212099,4.913037924854431,2.339974575827868,2.8272668163999755,3.3665078622481857,2.060188298632659,2.8165861246123534,1.8219091728005354,3.4964537204570747,4.438406092150068,1.8013009312820174,17.061949063364676,16.300418254080896,44.59936476043296,31.59647093894891,2.4098132336503877,2.7443679738170643,2.3727114166046164,2.02508150359099,4.833486625650229,7.296007504759696,2.902975018692297,3.5067501143061905,7.658080977980761,5.416285290464941
25,6.1398543952960765,4.050924087245645,3.1108726353773593,26.026552273444356,24.1979768548204,5.0147401663657964,4.198347188015686,3.098183642123186,5.485353087506985,4.402283243957954,4.293673947691702,3.8607953105654844,4.475553949506832,5.522241047128229,2.7482446543886283,1.5775699678009476,3.838006518503743,7.8753760139647255,6.34418490687058,2.4875878165041323,1.844626372627597,4.310065123347403,2.2179399956632375,4.63516683003683,3.5209149027099396,-0.0,3.6930333840030722,2.6252561354443293,4.123180995905045,4.497451238153193,3.1757806937839272,4.320583154465104,2.6818366307202304,6.061214984566028,8.644946259020053,6.0893156235345955,4.096936367138385,7.140205013966402,10.235177610054517,7.492292896170177,6.270454946444082,6.0723642555430395,6.7685782535120165,8.891993323926355,7.2807926939614385,6.818817096103903,8.3625547124869,5.470715321237757,6.990626214704771,11.033663088294817,6.754977237861944,6.403602971023922,6.426709932154987,7.015558170058422,5.429153790109752,9.330709409440676,6.530008795523206,3.8697084111767315,3.2988646317750847,6.06475026002272,4.145226386472067,2.7393816180889767,4.161100856581869,2.8952743117467996,6.367793515236753,4.253805955653551,16.938167480214464,16.47206847878318,44.705115609554966,31.91472282122952,5.3767858084652485,2.838705856146217,3.7659434543723287,2.518820672738725,5.577042041293187,8.125194543280031,2.1623592732383274,5.149967426066771,7.702380089136244,5.947728049775139
26,5.944607028194712,3.0303455556362886,4.038285084652377,32.08367442338331,30.173869567014062,7.074830006514815,2.2290910119448766,4.8710619792265994,7.3984212845484585,3.1683822302573583,6.180274338225295,1.83537012606156,6.598997941081381,4.340403593726066,2.332494208839015,3.2321789449105345,2.2629102353891417,6.606801803771997,6.103913638848163,2.77814556236091,3.1170697631131423,3.2981941185014536,4.37315239079756,4.590394656689486,2.2084532329020092,3.6930333840030722,-0.0,3.1287516246977356,2.734009320548916,3.4524869259815456,2.50911269636313,3.7439073125032087,3.724898885628001,4.193335938774524,5.009226573584968,6.059826846878787,6.302199824364461,5.284903596032922,7.657220151328143,4.037814431928211,6.127984923128172,4.254188215730158,5.3028032149532915,6.589192164272761,7.37511855527156,7.635532692559016,6.5228680909859325,6.870264107109493,5.798150001475184,8.6354787060557,6.339128990956676,6.198960700513625,6.481998962470814,5.839871042398104,3.7053394200831864,5.967305720428941,4.630859605623533,2.0997661907171286,2.4474499002338153,2.742565301447852,2.3060928661670346,2.593712116712749,1.2417699431540874,2.8382254114988172,4.189348463601159,1.8048184787626012,22.255075196279293,21.64911857872391,55.68887536695273,39.65766869095799,3.25923180226703,2.510520314092155,2.0494017868069476,2.063124728442061,4.096723544441715,5.986813442428129,2.41569528645216,4.277093714786259,10.599432185911942,6.70726734433132
