,0,1,2,3,4,5,6,7,8,9,10,11,12,13,14,15,16,17,18,19,20,21,22,23,24,25,26,27,28,29,30,31,32,33,34,35,36,37,38,39,40,41,42,43,44,45,46,47,48,49,50,51,52,53,54,55
0,-0.0,15.239268738109349,9.056964880706838,7.603523017997313,7.136217061427352,8.634005296336507,7.489621853847909,6.283571020828177,7.326091844423714,4.187796051526339,4.286238866832722,4.120315627428053,3.910140166173395,5.06734353749022,31.25801105062035,8.052310500725481,7.907406427942628,5.55013877234416,4.151353133912068,4.145363477727058,7.816385051075628,7.4052737352439415,6.693727857806347,6.176790080655151,7.154776178792435,7.54981045629118,7.240619128004163,8.630800360099913,8.20241560232769,7.427061554268082,6.740921699350249,5.565882662426765,8.262621051683684,9.611905470341918,7.812725196215118,8.961070527137998,6.074750886735359,6.238605757058257,10.006294015389459,5.470544532985531,5.519899189872797,5.077688369592483,13.236887992266205,8.211129147618331,8.46773974553853,5.5547899878900475,5.49395795191191,8.410751381331536,9.153751811667338,5.2383367109495165,5.729615550148881,6.3365055905979375,8.233305561011203,7.489410349803914,6.915900479752886,7.718302382678223
1,15.239268738109349,-0.0,23.001807007679613,23.87566820589346,17.654143913630442,21.27086643403358,18.483193609877176,22.304106652247953,16.858027562621203,16.233063176545492,18.857437422316426,14.749112553794587,19.88699766899381,17.821443673583712,24.11561999320095,17.502209741837152,18.723245470927846,19.322174646323248,15.744896341294174,18.474290103002115,15.348985864537397,15.457418533637354,22.314442383098363,17.20741007345169,15.749705130971268,11.282316697219613,23.469857066797974,17.055191281118557,21.4344338019427,22.532887427516485,14.961786449410402,11.855869858605327,13.669581129632965,18.35985422947785,16.875406224306854,17.14660077275239,13.549096321234261,18.155412612495287,27.384366189593184,23.059643643097335,18.816273002109902,19.992195113159628,23.09242520180444,23.395451825462874,19.86077634546404,19.81653888971073,16.350231799513587,18.287170292406255,21.773785210567283,11.61535874220507,22.916476076209655,15.601156658115272,15.296032178274029,16.75810363192704,14.212067171566478,11.214860602526254
2,9.056964880706838,23.001807007679613,-0.0,6.498426454245119,5.304631629688019,2.927366149608856,7.961691992827428,3.377298931463899,4.111735607973558,6.809681510406263,5.620094715622489,9.55931716538258,5.018658742683666,4.451777393877726,23.727467748652092,2.9932295043402393,7.273599767218377,4.314316041555076,8.266212984358873,5.790316391312324,6.234217720545521,4.2107337699526735,4.443310943460078,4.19584357947856,3.4824627754334085,4.594528078560638,5.233153800347449,1.8329846311395663,2.604946911959974,10.75318911761053,2.7514928043592093,4.310264646194721,3.9419828749045043,4.145508841120958,5.090580806852398,3.6624974587592125,5.06609922429708,4.2487881838571475,9.086139347445572,3.615603631207188,4.425922676234819,3.9988185351172745,4.718624644753966,4.0654443920735615,2.7913705323781315,3.015550246816637,3.73751285990615,2.562604130055336,16.08217009408929,5.003520169323076,3.1410252919188175,4.3409391099036805,3.4801323905562547,3.0703727618196397,3.2383663814174555,3.236610347596442
3,7.603523017997313,23.87566820589346,6.498426454245119,-0.0,7.427247690240926,6.4417802319441,13.279811987189817,5.728968057340067,7.737624200751523,6.7942852938757845,4.805146267309066,8.929851622548997,5.072564104342263,4.668635646683016,28.96940043540892,8.938344785948772,9.275353171102457,6.423937819376236,7.995374184310626,7.470970276015884,8.713016950527795,8.353319095553834,6.010354186288405,7.131440836365601,4.4338177137528465,8.85176617207382,6.1315790111503645,8.021719357841974,6.401759229993322,15.218752752556993,5.644887557683629,5.153097348850719,5.932739412520737,5.239240182772542,5.795656774175908,10.272583434108116,5.82560016733547,7.975761461525301,10.567403449467571,4.208891589406286,4.690560644255999,5.697423928513956,9.59570775051948,7.252224986921287,4.799849137197896,4.212192013289446,3.1377627778617994,3.829646281043562,15.958964119906303,4.089127477291498,3.723042844296185,3.0079127007516053,7.735638654210363,6.477989963991087,6.838333182773873,7.160332477979301
4,7.136217061427352,17.654143913630442,5.304631629688019,7.427247690240926,-0.0,3.4846245864495318,7.1169091239084725,5.634246571787471,5.629665905017652,5.498806940724049,5.891680560117842,5.845938229965801,4.675836367795277,4.917590690830303,14.416825706389417,4.47226098419638,7.893223166133958,4.361475818335613,4.2865128628614215,6.018962228069737,7.116155475246551,3.1134401312495283,3.670813706609643,3.972456280837825,5.46868471840907,5.156237219674009,5.685744145078598,4.712460560889524,4.718001948565115,10.019046404337312,4.24529232475585,3.001738458909782,3.643716688790063,7.48534677988195,6.4347510082039925,5.502590157298013,5.463347296376231,4.501483334971431,8.766720512420969,4.196656745742674,4.499074329416775,4.388875629613553,9.372658313490911,4.986071149682213,4.116462107421036,2.8979220167881485,3.2099604563841986,4.48533792264212,17.411662011969877,4.383218421719637,2.9917359139628132,2.994244483940121,5.255113951515467,5.651456989611177,3.844281224608472,4.456118466391556
5,8.634005296336507,21.27086643403358,2.927366149608856,6.4417802319441,3.4846245864495318,-0.0,8.930650864258503,4.873104504405789,4.97411411237247,7.619380826754118,6.240550240983289,8.572614560821739,7.093035620281538,5.896512341244627,19.379452701671582,4.776293945886532,6.475312823881856,4.879881989954119,6.273711885827557,6.758169617258709,6.927036100543684,3.1765423089859164,3.884040328844331,5.227856257935241,5.368886948213762,4.997367110380006,6.4226833998009845,4.10870339389218,4.429320147918169,12.673729331021107,4.165548924410073,3.574876917480258,4.268120070840763,6.205498374664147,4.034324947565532,4.480924338175134,4.9086194261442415,4.098234954096424,7.359366235259952,5.185035631520056,5.608019893565458,4.973474680171183,6.0451714278840925,4.497522073725262,3.3490751626159887,2.747911326061921,3.9778996480502995,2.536324414600145,14.347071721161534,5.47950718669275,2.9446206726533046,3.4626941601179753,5.345473299831195,5.6064860361718045,4.373970783569403,3.961949079784956
6,7.489621853847909,18.483193609877176,7.961691992827428,13.279811987189817,7.1169091239084725,8.930650864258503,-0.0,5.809085626402646,2.8808148669077327,6.937844680833388,10.668270221230522,9.957624846197097,7.86318288100152,5.434331992980957,12.904790956857797,6.291882365702696,12.533525171757383,4.6767496297179765,8.050419521462985,7.439203145970494,5.560880102361407,9.168640430025368,4.033654051508598,7.050097230058647,5.789630870051256,9.746509267597743,5.581882737569655,6.719586773213922,4.784707323266887,6.09845856403126,6.595264444560261,8.246529241809336,6.835414765064914,5.834327945051283,6.385060334921844,5.92377951085906,5.708886600752568,8.313117450616826,5.056834808012065,5.326785154397246,7.058270009870149,7.452559295363551,7.131049545617679,6.598161590767308,4.234010876305142,7.720246850656978,7.249544909388564,8.002489163662348,18.98397499909645,8.43668430426145,9.684563675799739,9.667657089733932,5.669887764089144,5.177630106172062,7.835267727915368,6.378019781073938
7,6.283571020828177,22.304106652247953,3.377298931463899,5.728968057340067,5.634246571787471,4.873104504405789,5.809085626402646,-0.0,1.984366379126902,4.797567011495528,5.177200630776454,8.362670811138702,4.220180715041911,3.0556903235205564,25.45154799343336,3.970940869996521,6.848561881590197,2.2441666683696355,7.797436112075342,4.8084586592178855,4.079867449815383,4.5217385393779645,3.534610108807129,3.023343637259559,2.2077053085732254,5.286081182102118,4.068835440703033,2.74140960805467,2.762553923246433,8.592761515912782,2.6641799251923652,4.683730096972165,5.1544840171756805,4.31108991348524,4.149675504857285,4.116645200784923,4.00172300468526,3.954235599023388,8.873068299608777,2.6505178109558907,3.2452253315775823,2.971112142634666,5.05667649193284,4.246602807709913,3.2080966156198047,3.4418508185168215,3.3168817148403855,3.6985571098111087,14.064817755976618,3.69589080746564,4.791979637791345,4.117536776159301,3.43873496721505,2.8472448040486538,3.27798479261427,3.152096291216327
8,7.326091844423714,16.858027562621203,4.111735607973558,7.737624200751523,5.629665905017652,4.97411411237247,2.8808148669077327,1.984366379126902,-0.0,6.962700755978407,6.079161591865036,9.853359097012818,5.1089427195896,2.804967685796772,12.290667576148097,2.6088102503739714,6.448885185869311,1.72759094129194,8.481253470336467,5.414980247596799,3.6894866236802684,4.550897676459176,3.3574492905708047,2.6685277706917887,2.8088425083308475,4.989344165339881,3.5278340676786075,2.6823734689539287,2.6296726305130824,6.731113989275699,2.6907792928952454,3.8108828356428806,3.9788859936890435,3.8241515672890887,3.5571369341919197,3.4411024865630644,3.3464998005946014,2.9621334263760133,5.7436423179074865,2.82224818115633,3.041045558091526,3.3482225171381446,3.632051042882735,3.1332745388561793,2.554632553061827,2.99458666231805,3.672984546848953,4.545954650500561,14.35049927173109,3.055228857554644,5.351971785071595,4.515970687264445,2.368699590612208,2.848396412595372,3.4017131686611264,2.8512165364992677
9,4.187796051526339,16.233063176545492,6.809681510406263,6.7942852938757845,5.498806940724049,7.619380826754118,6.937844680833388,4.797567011495528,6.962700755978407,-0.0,3.3268416873106994,4.048898650223805,2.898590639508174,4.7558451382475395,29.09381136790326,7.570130651268982,9.384301461690903,5.528505609188686,2.933928158691128,4.39361824256787,6.96228009019839,7.031656869108558,5.0895986250318455,5.12442324000988,6.159684395242822,7.415036359996075,6.8332369085786215,6.8478172819764,5.170455522447039,9.113983784200633,4.806389661173413,5.128261156594215,6.506933058578759,8.728569689216052,7.536731555945,8.298422820510496,5.503915665387845,5.157685362209132,6.940847414846056,4.09954373381162,4.817708263082222,3.5587723026536238,11.941368214685312,5.6012784996645,5.99454145603346,5.114809016112619,3.607626298540805,5.985430799607904,15.44286648796741,4.454846569048796,4.366236996100297,5.431951143822568,7.050100809322121,6.0008788077050985,4.715272643533989,6.545882465026925
10,4.286238866832722,18.857437422316426,5.620094715622489,4.805146267309066,5.891680560117842,6.240550240983289,10.668270221230522,5.177200630776454,6.079161591865036,3.3268416873106994,-0.0,3.0840916047191107,2.319793886434163,3.9054008120750447,27.709789537352403,8.084864010921292,9.765627841935025,5.055865427277044,3.1705419317802765,3.962657001071978,11.515527830620643,7.641528023566868,4.1315166687897165,6.296625751749166,6.999703449227809,8.162236855336356,9.249641168665008,7.938722713256048,4.713436720459714,9.9998879015778,4.14355020568463,6.013203456642231,5.850298870856279,9.369433577464394,7.605582623219711,10.489480239021779,8.856850087372331,8.267944575393523,13.78822304598811,5.158484896106672,8.33342749663159,5.823930864200686,12.819408531139963,9.088010998189999,7.96752869918536,3.781190794445578,5.130248473375212,7.692097975104327,15.651717992797145,5.715927948367168,3.723979000977342,6.272787098718094,9.864096201371654,8.451668307684159,6.811932221296833,7.007208395395473
11,4.120315627428053,14.749112553794587,9.55931716538258,8.929851622548997,5.845938229965801,8.572614560821739,9.957624846197097,8.362670811138702,9.853359097012818,4.048898650223805,3.0840916047191107,-0.0,3.1504128147514034,7.143074132459618,36.499769269463506,10.379940959805497,13.527825448381032,7.703767666663071,3.2769043206075232,5.649825073758412,12.857688895938882,8.53927179561176,7.5942838322691815,8.278166315657742,10.713329301345063,10.117453350676504,10.790489036652787,9.641456034736422,7.834761188895221,10.171470315016602,8.037498727019665,6.7339199937762935,8.5203785968227,13.508070155477053,11.799550527377738,12.032591261195726,9.942372734760623,8.681489734832896,13.196262933944835,7.431803325181308,9.065019105113064,5.3580701294985555,18.05987146031947,11.236787516035427,10.38413077850002,6.985589534289459,6.541902596983405,9.19668858903545,18.812552279048763,7.689505643440592,5.520479979642495,7.598111274225833,11.77543004289355,10.87506529173048,7.847368950044497,9.853789677257343
12,3.910140166173395,19.88699766899381,5.018658742683666,5.072564104342263,4.675836367795277,7.093035620281538,7.86318288100152,4.220180715041911,5.1089427195896,2.898590639508174,2.319793886434163,3.1504128147514034,-0.0,2.7887349064846494,27.4262081939512,6.986141993858777,9.192741924575394,4.01680621269703,3.16290915376668,3.1842644763466024,9.810833014558423,6.183970483059898,4.29250773603478,5.560265018553931,5.628287840292963,6.934374527994007,7.471195305645245,6.5320237167165995,4.18829887250082,7.702816160860215,3.744339550570629,5.094750514655625,4.89999342995543,7.880941693920117,6.425132349577653,8.960583213592,7.361480579377013,6.707281010083554,13.934070548244152,4.5671344719273845,6.578347821344698,4.5365260947345565,11.612087721140204,8.423618852250517,6.961221915504575,4.412176995927333,4.398834822984863,6.783630111588075,16.3377059348731,5.003965403378855,3.9124331145485733,5.438967605339569,8.362931630250353,6.849545502172355,5.842702183364368,6.515358546205845
13,5.06734353749022,17.821443673583712,4.451777393877726,4.668635646683016,4.917590690830303,5.896512341244627,5.434331992980957,3.0556903235205564,2.804967685796772,4.7558451382475395,3.9054008120750447,7.143074132459618,2.7887349064846494,-0.0,15.387805728445063,5.265522290276885,8.194409207095388,1.81208002526989,5.640300407182326,3.0390237719858395,6.669928943716543,4.804335201766365,3.2616938106844717,4.1052731668270175,2.9897994428603396,5.206357233144436,5.280259553848851,4.110217368581887,3.883578201774869,7.845638783279318,2.585031784619451,3.0258773824942304,3.3117439945255103,4.426920230044332,3.502373775047283,6.436354205739256,4.687166531755783,4.743369283643193,9.052608938273911,2.379085239672721,4.038426515283247,2.839573922269258,7.601904799099975,6.256752746809696,4.264481403538065,2.9776571544649437,2.8342496732341576,4.784832400418756,16.343346081137838,3.3758535362399993,3.7842595891270068,4.600658526628163,5.436957438810113,4.738159428008853,4.136869056045941,3.8107161856239498
14,31.25801105062035,24.11561999320095,23.727467748652092,28.96940043540892,14.416825706389417,19.379452701671582,12.904790956857797,25.45154799343336,12.290667576148097,29.09381136790326,27.709789537352403,36.499769269463506,27.4262081939512,15.387805728445063,-0.0,35.499901213203195,12.855277570312047,17.321391622228177,28.658188208550136,23.96201431489765,13.389850727233997,28.704726797514905,37.210478697264044,34.852095135261415,24.73521742919754,29.904765188541944,11.6275804110788,14.711408811171552,13.019244140232265,14.905218100966826,13.137510540666277,26.128491554342258,30.25862969216965,22.70726774671565,30.03370497056623,25.773213277020037,25.999641432810883,11.254631673188978,14.137184395832403,28.194733382025188,17.60107659544888,24.637091270170774,25.269655151630456,28.831132448640574,26.135517043971614,23.2741571818183,28.243383267211122,28.679791615684124,17.68533681130984,17.81339421809657,28.97530334897609,20.44933806596836,25.203580012116433,27.879040054978123,25.14201435270342,25.785579039335097
15,8.052310500725481,17.502209741837152,2.9932295043402393,8.938344785948772,4.47226098419638,4.776293945886532,6.291882365702696,3.970940869996521,2.6088102503739714,7.570130651268982,8.084864010921292,10.379940959805497,6.986141993858777,5.265522290276885,35.499901213203195,-0.0,8.007859774431047,3.0129003106708665,7.118019542863762,6.570385354354356,4.023428013448611,2.8924096635494716,2.417687439793873,1.7471321437489267,3.0183504139456634,3.227020946073533,4.522185226937759,2.407708382714305,4.044907901936859,9.116557173083931,3.5105593625265135,3.150769461479261,2.3131458407983603,3.4536389866620345,3.8892044328628765,1.6435357922103915,3.1527476718606446,4.1704181006282575,11.794863590950635,4.153525986288281,4.021540248371884,3.5501639963992297,3.891210226602864,4.120290796558695,3.3199875693030663,3.9904047194452477,3.8143763786481126,4.126675979698084,15.797440510194555,4.555356052235206,4.839295820736708,4.323267643122957,2.7388287353979552,2.0514697743265713,2.7071985627326836,4.761823220660108
16,7.907406427942628,18.723245470927846,7.273599767218377,9.275353171102457,7.893223166133958,6.475312823881856,12.533525171757383,6.848561881590197,6.448885185869311,9.384301461690903,9.765627841935025,13.527825448381032,9.192741924575394,8.194409207095388,12.855277570312047,8.007859774431047,-0.0,8.03532451801496,9.805882007101708,9.732443241810348,4.697926930802455,6.89074658039664,8.682133543894816,4.198235811347897,7.485401341939382,4.905650834551604,7.376337693479441,9.565134045747996,8.031506772517439,10.142836962065166,7.0141134869419774,6.630325068387909,6.634142129219979,5.567626158440245,5.031540548885282,5.667269930692845,5.903350072036088,3.0553835614645637,6.475861440991327,8.233019671287462,2.720046312879849,3.7753392701282187,5.952580876699827,8.597167731704495,9.204943515996627,8.004852650793945,8.28560509165339,8.72182202209486,8.302619743690286,4.33227199060862,6.846857211709845,7.804258160196634,5.7905346379374265,6.193858922433286,9.516995403426991,6.675558834847585
17,5.55013877234416,19.322174646323248,4.314316041555076,6.423937819376236,4.361475818335613,4.879881989954119,4.6767496297179765,2.2441666683696355,1.72759094129194,5.528505609188686,5.055865427277044,7.703767666663071,4.01680621269703,1.81208002526989,17.321391622228177,3.0129003106708665,8.03532451801496,-0.0,6.171476137924358,3.2043041510675696,4.388951176582713,3.1749653285983115,2.5236191781224986,2.3174168017121515,2.1913540460651584,4.257092499565846,3.769535399927093,2.848356871384505,3.4760622823642136,7.892597522940749,2.752057053798187,2.645600640013405,3.4819261376220547,3.905032232770135,2.920856905556042,3.931585395185023,3.0144719839596164,3.4255745688456907,4.182960131286851,1.3385290681267414,2.8926732268989923,1.7017608085568192,5.442648912384546,4.538843680988885,3.1823103584056116,2.3630964358575968,2.133637768911452,3.663633896640264,15.371335448270965,2.9463483497086203,4.290521362032776,3.376671447459562,3.921876203799798,2.860612636433453,3.036117118344408,3.8029504605537534
18,4.151353133912068,15.744896341294174,8.266212984358873,7.995374184310626,4.2865128628614215,6.273711885827557,8.050419521462985,7.797436112075342,8.481253470336467,2.933928158691128,3.1705419317802765,3.2769043206075232,3.16290915376668,5.640300407182326,28.658188208550136,7.118019542863762,9.805882007101708,6.171476137924358,-0.0,3.7617595597683797,9.476347930365904,6.167971482765535,5.386746893055039,5.963338310096771,8.567400401421985,7.420923438544757,8.702491915155388,7.697737136397601,6.766658468747796,9.358919594157774,6.144284316331731,4.920039747829972,6.443082007876196,11.21815286293077,9.727784799135838,9.27964985943431,7.963002288254225,5.937533487127186,6.9886396235191945,5.3396733673736,5.966415346560559,3.3022338707604346,14.49218416527436,8.922117253132742,8.038801719186521,5.231002760815236,4.399896252415424,7.455526242697673,12.317959540955606,6.609684187363216,5.071628950683079,5.572745888074915,9.17329475704687,8.271656989810204,6.237075096631964,7.61284174123973
19,4.145363477727058,18.474290103002115,5.790316391312324,7.470970276015884,6.018962228069737,6.758169617258709,7.439203145970494,4.8084586592178855,5.414980247596799,4.39361824256787,3.962657001071978,5.649825073758412,3.1842644763466024,3.0390237719858395,23.96201431489765,6.570385354354356,9.732443241810348,3.2043041510675696,3.7617595597683797,-0.0,8.147144149399049,6.244835656342003,4.768238304256635,5.4972498702936585,4.626237549847568,6.568054011067052,6.763232565596806,6.397106341706757,6.190214866406453,8.09518499997573,5.052257819758764,4.419466404402556,5.739982826753107,6.404640800440931,6.011172568662076,7.652389309023221,5.776551475556688,5.019552239367161,8.912449306290172,3.025872388359565,5.335798958414411,3.472048506037409,10.019016625578416,8.694283987157382,7.231290054488049,4.832849627457067,4.278849504158839,6.242261933017234,16.67047201027215,5.846064327927714,5.239698855971364,6.177340314207731,8.144742522303114,6.959998257466912,6.891073105889339,5.739884948981053
20,7.816385051075628,15.348985864537397,6.234217720545521,8.713016950527795,7.116155475246551,6.927036100543684,5.560880102361407,4.079867449815383,3.6894866236802684,6.96228009019839,11.515527830620643,12.857688895938882,9.810833014558423,6.669928943716543,13.389850727233997,4.023428013448611,4.697926930802455,4.388951176582713,9.476347930365904,8.147144149399049,-0.0,4.971076646342279,5.438208890104982,3.0025751163258976,2.695704762207833,3.0856563505928487,3.5729485739291422,4.697006301523674,6.20703082586244,7.641983639824851,5.086028575977962,3.563293612472304,5.033366147381004,2.1601302689078956,3.259291693046889,2.4255295535893633,1.7210951253964766,3.1524228232788145,4.0077859764208,4.2672653796842575,2.5807686519733952,4.247882294628174,3.6909460536398915,4.145301564557492,5.496011059512647,5.095586918078133,4.276398962336194,6.261850390664942,9.46374825422206,4.637254235475361,6.885454534875139,5.783320359234262,5.201093538307593,3.303942621190384,4.87581248855401,4.849130675573393
21,7.4052737352439415,15.457418533637354,4.2107337699526735,8.353319095553834,3.1134401312495283,3.1765423089859164,9.168640430025368,4.5217385393779645,4.550897676459176,7.031656869108558,7.641528023566868,8.53927179561176,6.183970483059898,4.804335201766365,28.704726797514905,2.8924096635494716,6.89074658039664,3.1749653285983115,6.167971482765535,6.244835656342003,4.971076646342279,-0.0,3.0243627707802005,3.1177330113694617,3.640261338996917,2.4442411407378684,4.9688532413328055,3.22211639356862,4.665661977797396,12.225647429289525,3.798058041826353,1.8260931123650945,2.569502649711248,4.446246218509557,3.053271782914146,2.7570370253637755,3.7483841250416745,4.4770380333435,9.729766513253654,4.150392922807457,3.6981639793250967,3.858174567651113,6.027657830806181,4.415950947246822,3.68521890741749,2.7900583899264655,3.380503760255758,3.4084430080865524,14.44133990450954,3.72870768198318,3.790717850192097,3.3491861237839076,3.828379601072943,3.4528722407174377,2.283517902271448,4.422054662367634
22,6.693727857806347,22.314442383098363,4.443310943460078,6.010354186288405,3.670813706609643,3.884040328844331,4.033654051508598,3.534610108807129,3.3574492905708047,5.0895986250318455,4.1315166687897165,7.5942838322691815,4.29250773603478,3.2616938106844717,37.210478697264044,2.417687439793873,8.682133543894816,2.5236191781224986,5.386746893055039,4.768238304256635,5.438208890104982,3.0243627707802005,-0.0,1.5322127716563112,2.7950651570919622,4.306073359585142,4.001150423534154,3.1975532686645094,4.278062153181088,8.739596703306429,3.2151262677985923,2.7650752411611363,1.6911091563497243,4.569648359982637,3.1987700901559197,3.935089737131125,3.207525402157152,4.601106042487036,12.378437479877004,3.550795617648464,3.9689451930129525,3.2230042642287455,6.321625990487084,3.8715990669780536,2.4749353187640724,2.8986446995695196,2.9889331418863856,3.7085808759480074,17.62417246641277,4.076156764708392,3.628777164437662,3.7014163796299484,3.9431759203883847,3.9286244089617375,3.2770226813438508,3.332143707365069
23,6.176790080655151,17.20741007345169,4.19584357947856,7.131440836365601,3.972456280837825,5.227856257935241,7.050097230058647,3.023343637259559,2.6685277706917887,5.12442324000988,6.296625751749166,8.278166315657742,5.560265018553931,4.1052731668270175,34.852095135261415,1.7471321437489267,4.198235811347897,2.3174168017121515,5.963338310096771,5.4972498702936585,3.0025751163258976,3.1177330113694617,1.5322127716563112,-0.0,2.2013094315175747,3.109910550711363,3.267293446285105,2.900302803538704,3.5073382323480553,10.03197816122134,2.6606115146063054,2.9438578829732194,2.0248843628277653,3.203327110458592,2.481664500404709,1.9008782633157235,2.0858729206250355,3.8273134166053686,10.886658477116667,3.290925363424673,2.646035525994767,2.6969374308571137,4.461111574373618,3.380144090197975,2.9864648246621335,3.284063197877438,3.4270327608663425,4.515898878643636,10.389297171888925,3.7837083936520255,3.6876214520827815,4.369120355639499,2.8553342991568553,2.3669044164493718,2.621014279730917,3.541620836414815
24,7.154776178792435,15.749705130971268,3.4824627754334085,4.4338177137528465,5.46868471840907,5.368886948213762,5.789630870051256,2.2077053085732254,2.8088425083308475,6.159684395242822,6.999703449227809,10.713329301345063,5.628287840292963,2.9897994428603396,24.73521742919754,3.0183504139456634,7.485401341939382,2.1913540460651584,8.567400401421985,4.626237549847568,2.695704762207833,3.640261338996917,2.7950651570919622,2.2013094315175747,-0.0,3.3997281976431903,3.1585104570964004,2.267527358523331,3.1280010497515516,9.185541896416536,2.357258974476938,2.5107150581605877,2.4107002983140435,1.502219244781064,2.586201924972073,2.9950260106422752,1.3727233672343495,2.596641507888323,5.481577568195762,1.7994921665445267,2.436339948696164,2.615971128662263,4.111272646763143,4.698434139986759,3.3888580787607574,3.1583052821357853,2.9345846591889826,4.255250460384315,15.019288732186753,4.099618348036118,4.38614057671323,4.541831543901452,3.3947876074167196,2.209606198267057,2.97729832367182,2.9996602784957105
25,7.54981045629118,11.282316697219613,4.594528078560638,8.85176617207382,5.156237219674009,4.997367110380006,9.746509267597743,5.286081182102118,4.989344165339881,7.415036359996075,8.162236855336356,10.117453350676504,6.934374527994007,5.206357233144436,29.904765188541944,3.227020946073533,4.905650834551604,4.257092499565846,7.420923438544757,6.568054011067052,3.0856563505928487,2.4442411407378684,4.306073359585142,3.109910550711363,3.3997281976431903,-0.0,5.567694422645438,4.396422805965846,5.337457103567525,11.349991222415616,4.457893771166497,2.2051313611187906,3.6089020842233377,3.5808231576473575,2.8437964603755144,2.2369800951857286,3.204348895380835,3.8813909114215663,8.751816363844064,4.556894620492428,3.8862401819834793,3.742476113138363,5.1167816171220455,4.834474945351193,5.963863072946829,4.032360315519825,4.358304131264602,5.796117608857914,7.619704075071954,4.769033808597398,5.069739035354796,4.575389124884113,5.175413643084737,3.2149723801157206,3.954819717997261,6.096581062707149
26,7.240619128004163,23.469857066797974,5.233153800347449,6.1315790111503645,5.685744145078598,6.4226833998009845,5.581882737569655,4.068835440703033,3.5278340676786075,6.8332369085786215,9.249641168665008,10.790489036652787,7.471195305645245,5.280259553848851,11.6275804110788,4.522185226937759,7.376337693479441,3.769535399927093,8.702491915155388,6.763232565596806,3.5729485739291422,4.9688532413328055,4.001150423534154,3.267293446285105,3.1585104570964004,5.567694422645438,-0.0,3.3139983116256984,5.0728083838233475,9.38028333017709,5.526283554217099,4.721504440880348,4.290784308789942,2.7164488419383805,4.659738529561832,3.2915993736242357,3.0459643975911757,3.2729054688781827,8.55195757999784,3.2664980059709405,2.6889836252323946,3.8867180939023545,3.6549520726828035,4.3194608580226745,3.4414388122920596,5.336210531822037,4.413936202759036,5.194473864979737,15.168691709141344,4.850610461368097,5.871339340668801,6.056543318853782,2.993641429112157,4.490358034487275,4.988557393552558,3.971040835187136
27,8.630800360099913,17.055191281118557,1.8329846311395663,8.021719357841974,4.712460560889524,4.10870339389218,6.719586773213922,2.74140960805467,2.6823734689539287,6.8478172819764,7.938722713256048,9.641456034736422,6.5320237167165995,4.110217368581887,14.711408811171552,2.407708382714305,9.565134045747996,2.848356871384505,7.697737136397601,6.397106341706757,4.697006301523674,3.22211639356862,3.1975532686645094,2.900302803538704,2.267527358523331,4.396422805965846,3.3139983116256984,-0.0,1.9264789992612237,10.380116497421014,2.314170412518238,2.649079061416624,2.717759073112348,3.2925550931030076,4.319755731709018,2.3056485085628764,3.2557188644233532,3.691861657512898,7.93834163600237,3.463294451912762,4.591448168028669,3.546860262673205,3.7509906222053813,3.4223065264225805,2.1086185512850193,2.8381815247581703,3.1731900582844976,3.137863211261401,19.89873028137113,5.225030631331456,3.989893095957705,4.1914444303613285,2.6808865898470478,2.892023883192784,2.589763288127335,1.9591292452142062
28,8.20241560232769,21.4344338019427,2.604946911959974,6.401759229993322,4.718001948565115,4.429320147918169,4.784707323266887,2.762553923246433,2.6296726305130824,5.170455522447039,4.713436720459714,7.834761188895221,4.18829887250082,3.883578201774869,13.019244140232265,4.044907901936859,8.031506772517439,3.4760622823642136,6.766658468747796,6.190214866406453,6.20703082586244,4.665661977797396,4.278062153181088,3.5073382323480553,3.1280010497515516,5.337457103567525,5.0728083838233475,1.9264789992612237,-0.0,8.063885381001278,1.9293347497092357,4.655887001114141,4.6475643569947405,5.371136560673668,5.058723382963057,4.3845307196173335,5.62571697649603,4.964245047074476,8.748287546275607,3.532133532490764,5.336108148839197,4.501311571126148,5.877755680537286,3.2319601207403634,2.402726258788998,2.7225187176586845,2.3914755694386,2.4672487987978444,18.53526459372807,3.9860200992164154,3.670138978705752,3.8502930381842555,3.3960451057507335,3.726603820830696,2.9272635883526172,2.3580609257706926
29,7.427061554268082,22.532887427516485,10.75318911761053,15.218752752556993,10.019046404337312,12.673729331021107,6.09845856403126,8.592761515912782,6.731113989275699,9.113983784200633,9.9998879015778,10.171470315016602,7.702816160860215,7.845638783279318,14.905218100966826,9.116557173083931,10.142836962065166,7.892597522940749,9.358919594157774,8.09518499997573,7.641983639824851,12.225647429289525,8.739596703306429,10.03197816122134,9.185541896416536,11.349991222415616,9.38028333017709,10.380116497421014,8.063885381001278,-0.0,9.571885633037892,11.298638234481093,10.158596474905384,8.048399278381913,9.358848547010759,8.746696968070873,8.931413125460983,10.641476521980607,11.644074168851597,7.678582984479049,8.962002624601917,10.343814016690562,10.19510163192947,9.389884900105722,8.480620523207959,10.435229185133013,9.815167219478054,11.254230214849365,11.54634026986419,10.102152000278373,11.2605691675313,12.474579365031296,8.561610314994523,6.702316689906443,12.191024249669265,9.354933696589814
30,6.740921699350249,14.961786449410402,2.7514928043592093,5.644887557683629,4.24529232475585,4.165548924410073,6.595264444560261,2.6641799251923652,2.6907792928952454,4.806389661173413,4.14355020568463,8.037498727019665,3.744339550570629,2.585031784619451,13.137510540666277,3.5105593625265135,7.0141134869419774,2.752057053798187,6.144284316331731,5.052257819758764,5.086028575977962,3.798058041826353,3.2151262677985923,2.6606115146063054,2.357258974476938,4.457893771166497,5.526283554217099,2.314170412518238,1.9293347497092357,9.571885633037892,-0.0,3.3034831715887916,3.351612132522035,3.860010524157282,4.221632300718053,4.1080727150295315,4.542170586587967,4.390591714928643,5.51457641546047,2.6149191634028766,4.214661161726408,3.268726571195259,5.329485177407709,4.120049789624663,3.0898056996535046,2.147963026969227,1.6061423058892708,2.8788565698679425,15.063755733786211,3.402234409317017,3.1162116456966937,2.9815059402261577,3.8085490166118725,2.8653309874036452,2.612623135866437,2.358111384861976
31,5.565882662426765,11.855869858605327,4.310264646194721,5.153097348850719,3.001738458909782,3.574876917480258,8.246529241809336,4.683730096972165,3.8108828356428806,5.128261156594215,6.013203456642231,6.7339199937762935,5.094750514655625,3.0258773824942304,26.128491554342258,3.150769461479261,6.630325068387909,2.645600640013405,4.920039747829972,4.419466404402556,3.563293612472304,1.8260931123650945,2.7650752411611363,2.9438578829732194,2.5107150581605877,2.2051313611187906,4.721504440880348,2.649079061416624,4.655887001114141,11.298638234481093,3.3034831715887916,-0.0,1.4276556305816661,3.6163311003133813,2.899032405643168,3.1521452839715094,2.7505388219861606,2.617144100398904,7.30054319276768,2.5915063170011283,2.978637542497758,2.5226767859024317,5.63339708585106,4.660316345741444,3.3042490837210887,1.9842632943296987,2.1859378514209,3.5938039882823287,13.068355870378916,3.8091727487969513,3.472264580241039,2.7229197028239107,3.9065498780399075,3.690387163537002,2.651956252818553,3.4910207123757573
32,8.262621051683684,13.669581129632965,3.9419828749045043,5.932739412520737,3.643716688790063,4.268120070840763,6.835414765064914,5.1544840171756805,3.9788859936890435,6.506933058578759,5.850298870856279,8.5203785968227,4.89999342995543,3.3117439945255103,30.25862969216965,2.3131458407983603,6.634142129219979,3.4819261376220547,6.443082007876196,5.739982826753107,5.033366147381004,2.569502649711248,1.6911091563497243,2.0248843628277653,2.4107002983140435,3.6089020842233377,4.290784308789942,2.717759073112348,4.6475643569947405,10.158596474905384,3.351612132522035,1.4276556305816661,-0.0,3.2438363162013526,3.1606615519527073,3.0910561578230182,2.962901564102712,3.6637658783570863,9.465962010360396,3.522601457563476,3.131489359523723,3.255949192953548,4.947950577097843,4.453773053406385,3.7576118754277834,3.015689687338,3.1258099303646074,4.2972431524687025,17.026503793841275,4.02191998246035,4.266095180829615,3.4629571585618257,4.006618822511504,3.9997939038781447,3.009908117376812,4.700298222053502
33,9.611905470341918,18.35985422947785,4.145508841120958,5.239240182772542,7.48534677988195,6.205498374664147,5.834327945051283,4.31108991348524,3.8241515672890887,8.728569689216052,9.369433577464394,13.508070155477053,7.880941693920117,4.426920230044332,22.70726774671565,3.4536389866620345,5.567626158440245,3.905032232770135,11.21815286293077,6.404640800440931,2.1601302689078956,4.446246218509557,4.569648359982637,3.203327110458592,1.502219244781064,3.5808231576473575,2.7164488419383805,3.2925550931030076,5.371136560673668,8.048399278381913,3.860010524157282,3.6163311003133813,3.2438363162013526,-0.0,2.860425911501063,2.4277215112413755,1.8060788967236228,3.0156087799332383,4.4823808077144385,3.1912647665264475,2.134833257818285,4.6113596202352,3.236338797366358,4.651662433135165,4.963471063825717,4.306100182260329,4.769900299444618,5.541373003214175,13.075973365970764,4.34740108070437,6.53980659382951,5.333935196988132,4.980802295328302,2.94866467405848,4.9972536841701265,4.518663599800971
34,7.812725196215118,16.875406224306854,5.090580806852398,5.795656774175908,6.4347510082039925,4.034324947565532,6.385060334921844,4.149675504857285,3.5571369341919197,7.536731555945,7.605582623219711,11.799550527377738,6.425132349577653,3.502373775047283,30.03370497056623,3.8892044328628765,5.031540548885282,2.920856905556042,9.727784799135838,6.011172568662076,3.259291693046889,3.053271782914146,3.1987700901559197,2.481664500404709,2.586201924972073,2.8437964603755144,4.659738529561832,4.319755731709018,5.058723382963057,9.358848547010759,4.221632300718053,2.899032405643168,3.1606615519527073,2.860425911501063,-0.0,3.802610925559027,2.3420268408851608,4.902773487573353,9.191870179038276,3.2797229177962763,3.025744329589543,4.136077042931378,4.446528578035322,3.256183830623304,3.9024231392018263,3.5119686220852895,4.061231605059091,4.558797124974353,11.684345180098127,2.403285849556601,5.540751670587834,3.980030254143755,3.3789227441710588,3.721989663366507,3.341455777605878,4.169392231826344
35,8.961070527137998,17.14660077275239,3.6624974587592125,10.272583434108116,5.502590157298013,4.480924338175134,5.92377951085906,4.116645200784923,3.4411024865630644,8.298422820510496,10.489480239021779,12.032591261195726,8.960583213592,6.436354205739256,25.773213277020037,1.6435357922103915,5.667269930692845,3.931585395185023,9.27964985943431,7.652389309023221,2.4255295535893633,2.7570370253637755,3.935089737131125,1.9008782633157235,2.9950260106422752,2.2369800951857286,3.2915993736242357,2.3056485085628764,4.3845307196173335,8.746696968070873,4.1080727150295315,3.1521452839715094,3.0910561578230182,2.4277215112413755,3.802610925559027,-0.0,2.8452611435733597,2.4622613411516476,6.966385393104406,4.619211748679711,3.5871806386595595,3.61308173687662,2.5767328698324734,4.333612351331209,4.179571310108182,4.800769874132326,4.648603278212238,4.865107878766659,12.522522047728694,5.4626531061102,5.7522009600873485,5.3095778058165815,3.806371798435939,2.1846756924094857,3.2415205172347634,4.267684944851832
36,6.074750886735359,13.549096321234261,5.06609922429708,5.82560016733547,5.463347296376231,4.9086194261442415,5.708886600752568,4.00172300468526,3.3464998005946014,5.503915665387845,8.856850087372331,9.942372734760623,7.361480579377013,4.687166531755783,25.999641432810883,3.1527476718606446,5.903350072036088,3.0144719839596164,7.963002288254225,5.776551475556688,1.7210951253964766,3.7483841250416745,3.207525402157152,2.0858729206250355,1.3727233672343495,3.204348895380835,3.0459643975911757,3.2557188644233532,5.62571697649603,8.931413125460983,4.542170586587967,2.7505388219861606,2.962901564102712,1.8060788967236228,2.3420268408851608,2.8452611435733597,-0.0,2.2217300618022264,7.481107043217676,2.639357186835397,1.99879048964536,3.09506694847376,4.396703104863914,4.479998262620956,3.398321955060554,4.0662649778278315,3.828359166967979,4.78817225190773,12.67273937414196,4.117295456126343,5.757664314148461,4.782874321315741,3.7494052447622557,3.9468423029519437,3.615803250468446,3.5660291017033683
37,6.238605757058257,18.155412612495287,4.2487881838571475,7.975761461525301,4.501483334971431,4.098234954096424,8.313117450616826,3.954235599023388,2.9621334263760133,5.157685362209132,8.267944575393523,8.681489734832896,6.707281010083554,4.743369283643193,11.254631673188978,4.1704181006282575,3.0553835614645637,3.4255745688456907,5.937533487127186,5.019552239367161,3.1524228232788145,4.4770380333435,4.601106042487036,3.8273134166053686,2.596641507888323,3.8813909114215663,3.2729054688781827,3.691861657512898,4.964245047074476,10.641476521980607,4.390591714928643,2.617144100398904,3.6637658783570863,3.0156087799332383,4.902773487573353,2.4622613411516476,2.2217300618022264,-0.0,3.9285836383417307,3.407796333726352,2.137496017783987,2.0925176111686925,5.105250611468012,5.173142559669128,4.374348564274687,4.1261090138772225,4.5308020215216604,5.137382921472366,8.192531140063918,4.8486266143114545,5.037186704376593,5.0028132238586,4.5769530061975585,4.483293122493359,5.521261344414795,4.238097631430504
38,10.006294015389459,27.384366189593184,9.086139347445572,10.567403449467571,8.766720512420969,7.359366235259952,5.056834808012065,8.873068299608777,5.7436423179074865,6.940847414846056,13.78822304598811,13.196262933944835,13.934070548244152,9.052608938273911,14.137184395832403,11.794863590950635,6.475861440991327,4.182960131286851,6.9886396235191945,8.912449306290172,4.0077859764208,9.729766513253654,12.378437479877004,10.886658477116667,5.481577568195762,8.751816363844064,8.55195757999784,7.93834163600237,8.748287546275607,11.644074168851597,5.51457641546047,7.30054319276768,9.465962010360396,4.4823808077144385,9.191870179038276,6.966385393104406,7.481107043217676,3.9285836383417307,-0.0,3.556040911749257,3.6024725318530555,3.65651326165272,6.718273976343866,7.419912900322891,9.950357760348595,5.474569486076297,4.971957453960871,8.580791643725723,14.621368218945458,10.110025368095675,9.364661962292681,6.906206370067685,12.729578982901714,8.024423824430782,9.54947629732281,6.806041577640752
