,0,1,2,3,4,5,6,7,8,9,10,11,12,13,14,15,16,17,18,19,20,21,22,23,24,25,26,27,28,29,30,31,32,33,34,35,36,37,38,39,40,41,42,43,44,45,46,47,48,49,50,51,52,53,54,55,56,57,58
0,-0.0,3.244727544050016,2.3567150939431243,2.3929590796141587,3.052550247355571,2.1001245295448365,2.4301247589591335,8.039410977066384,11.664446816898227,8.455789075693588,4.1670005744753,5.451119442138413,6.116179093827208,6.960045215293971,12.419204631556553,1.0713496505444968,2.6327264832514965,2.7626950866188,1.8693739051281395,3.033652817156582,4.071442617923847,3.2366494981070737,6.127036693595047,10.994013054637437,7.735095954578315,3.601118631492561,4.887426723266867,5.330008481159858,7.859399463755913,8.226358540897632,11.429797813477157,8.0675600372565,1.6995936534213416,2.065037112840156,3.4957381151153997,2.672527972526805,2.0309516105637897,3.0740552466754876,9.055562241279702,26.20818667128763,8.233051444928966,9.881805668741746,11.81567532557682,12.351174506747997,12.284779126332818,8.43316462080243,8.305250155468794,2.5459908959078827,4.895470315299212,3.3562497214296476,2.024977788415159,2.790428306971843,2.3194357619075165,9.1144673404534,25.878664270014294,11.948234260525776,10.777386649912389,10.336613505196613,45.196632029797286
1,3.244727544050016,-0.0,3.8740640885478004,3.6201598849816756,4.323327988248003,3.7293307084261653,3.8558742732216067,12.64206341260612,18.495810986932565,13.00743126806585,7.7153490129439755,8.567564592831301,9.671980901799092,12.349101107645488,14.575708337869768,3.8601672130234626,3.835467011181056,3.979147125874041,3.861331643400767,5.21013514048834,6.60899733278981,6.436025662871008,11.331146431454947,17.2444607355073,12.553551020479171,5.589748969157663,7.56663093443549,8.332614664696647,12.363172633169086,13.960617682937576,16.18113096818412,13.642347836498221,3.2281602722842315,3.6197947164399795,2.9993140888160466,2.7425954816785616,3.730400090861402,4.871405437387565,7.289687615670735,23.209752981345073,8.784419177752271,7.998098798011544,9.046451457623359,7.913520350557454,18.390609292146515,11.460179827575692,14.206679358812986,4.817879943469662,4.143025187472664,3.0087118733703364,3.1879221961532465,4.432967282405189,2.739463929461879,6.166974025296843,23.220044296233876,11.489854857405735,9.108021800194045,11.472841041013368,44.30280100863535
2,2.3567150939431243,3.8740640885478004,-0.0,1.4751649452359894,4.751035479945269,3.182692841396005,4.221620986781753,10.989030873489083,16.13201104922701,9.29211703448471,5.784693796025601,7.058399878227189,8.150420862033972,10.88688162577108,14.35677001667165,1.9529625883313189,3.11051597172006,1.9005482512534737,2.5827022715872316,4.019718574021875,5.543557424066656,6.204363425070432,9.085071989078193,14.421220004290857,11.830034586133166,6.437331896599071,7.538086065182318,7.613743198129689,10.9763755727899,11.846788067592483,16.01311233535549,13.698524020864879,3.840502874730447,2.870952138017701,2.4993991416811685,2.1570888435730358,2.534006783753618,4.625558549678074,6.752584567965404,21.98092732415613,6.03936087939484,5.865990781413605,7.667013431284768,13.842640150603877,13.747291273252676,12.438239651736504,12.826080079272975,5.808267411798023,3.9562067444368885,2.6530713845411698,2.840055988675782,3.5603392633955533,1.3109370006153847,7.309451034098813,21.529278704525662,8.080104000498274,7.218572575945479,7.251217086085473,48.75567323423279
3,2.3929590796141587,3.6201598849816756,1.4751649452359894,-0.0,4.3136127801239414,2.912495425197985,4.045257481177246,9.714174972473014,15.763412512882471,8.200576916638184,5.481917899058766,7.230230074965414,8.509467074646498,11.053404107720496,16.231426278532894,1.8262840135844634,2.810001228257588,1.6178036416923216,1.7383261684580584,4.699914326018707,4.597997597453921,5.317354865996591,8.730495790238205,13.911145902755035,9.572366407521201,6.455986847118186,6.834565892888024,7.166918928983606,9.333388671580332,11.494112535118477,15.555569824388314,12.739526627828976,3.57879440338389,3.068669843980183,3.6206909467979926,1.7876081586590686,2.2984011163587468,5.05099983085762,5.880778673009977,24.07925293345139,6.321047581071453,7.84307227927339,10.12460618356323,9.532217064664785,14.466271200031144,12.251381600891442,11.630589701425498,5.005232126924555,3.681225615562414,2.3138542215852795,2.8233965051712344,3.629320178687375,1.8385961143844693,8.005401362596547,22.04661354422751,9.744052423907318,8.801018972841293,8.1330095253438,53.10006171964476
4,3.052550247355571,4.323327988248003,4.751035479945269,4.3136127801239414,-0.0,2.302473486463056,1.2217124127474757,7.202151728929327,9.732029165220737,5.9907351683030665,2.9806630148471176,4.211895773592359,6.631777919285272,7.096750010267608,11.644319439380828,2.475641065123654,6.630602271425952,5.147197092608066,3.2760955414687722,2.2027249638981186,2.0631984575764877,2.8395046668716946,5.151126796866528,9.846594842823647,7.211343493014107,4.162953033112531,4.556374030971947,6.045584382943313,8.253352734702665,7.041112818039967,8.830834338630062,7.022990495095325,2.498674051918301,4.5840050653860605,5.05734681219079,3.096634323368948,4.221623447827822,4.610349602895658,12.657086951140265,29.54491279539659,10.595963147527328,13.335337702763248,14.141239239722013,11.577259496506766,9.782616497202106,6.372119182996492,7.202905369965122,2.6012568502653792,5.664314669224535,4.52075702220996,2.54499413158397,3.9239507069614934,4.462236899573358,11.386357591075834,29.527479523690452,15.710754677493822,13.410856141639828,14.765389824599808,57.92025447744183
5,2.1001245295448365,3.7293307084261653,3.182692841396005,2.912495425197985,2.302473486463056,-0.0,2.071464769591295,7.784960708666981,12.265919311218019,7.201757898018763,3.26169223371988,4.730895907112994,7.1807713045809365,8.745945458762783,15.910467559818088,1.788498123284286,5.358543938463652,3.2864398543786355,2.2805787209721786,2.2767344287860873,2.1496609602900887,2.877209708999039,6.473081824213778,10.994653929206674,8.140819561525646,4.505943326088717,4.463703238424339,5.968113984314861,9.209971452025766,8.415784903411968,10.234557732087234,8.636748478876315,1.259785597687818,3.0791923773124594,4.006241343634099,1.987717806330328,2.48272757574968,3.8925565594611955,9.957803726884404,29.58476454805586,9.654862858391441,10.901955968191272,12.835241276197415,10.589561792024343,12.137878432529268,7.481057788895511,7.625936025803187,1.890548240862518,4.287950157065078,3.016293864490048,1.1633079842278549,2.88285586263956,2.5573626774033476,10.20124914041688,27.95767138031074,14.37189786532948,9.919595156848759,12.426595744110523,58.478773810633776
6,2.4301247589591335,3.8558742732216067,4.221620986781753,4.045257481177246,1.2217124127474757,2.071464769591295,-0.0,8.64155263416765,10.109975528878822,6.527082320130308,2.9010848898570947,4.9685712839303795,7.076640676573862,7.326768182636347,11.149586165962534,2.109142677402394,5.513044289813274,4.14699072760039,2.5653274322112076,2.435742827454559,2.281233353549961,3.272619614922851,5.923006248779636,10.943154695789877,7.594007281065139,5.060159877522167,6.128004282548827,6.960008635789292,9.036724881697003,8.177181928443408,9.853607025915633,7.561016771550666,1.887757657577204,3.54930480959175,4.772907062999286,2.538311738298181,3.314867214573548,3.9860515932452794,12.521444551712811,26.859132881411988,10.082715690023804,11.635218862153405,13.105850561945832,12.735275194909432,10.331088808374243,8.304084912490866,7.362845902871457,2.100329863604355,4.6769002358443865,3.9894191048858483,2.654274793640605,3.6779590585882356,3.842159495046852,9.562937965997069,27.457787907074007,13.985505013251883,12.185679857384558,13.775446342120397,53.56562209512658
7,8.039410977066384,12.64206341260612,10.989030873489083,9.714174972473014,7.202151728929327,7.784960708666981,8.64155263416765,-0.0,3.2543424664719796,3.022387744297879,5.577497128273373,3.5275323878971854,2.6729732402862716,1.6534542409024855,6.139605310706172,8.265745454971364,10.891470309602653,10.417120619957972,9.275173691411231,7.16092369589693,5.970807033996844,4.684534856984499,1.4287299101578543,2.3488568276040884,2.4807556116257747,6.616822416106943,5.272724585044841,3.387918628780696,1.698577849814211,1.4513021434319122,3.619500455232286,1.509107362976001,7.088803802800919,9.721474021115469,11.570016726816833,9.719233887643993,10.828245156928874,10.18608002237033,19.076048976983813,37.00713112340694,17.75650923383107,20.21586058435486,19.646493411288468,17.981173095731968,11.298233108895639,1.787177580527813,1.4803429273465707,6.979645195940178,10.563827468655012,10.442663105803872,7.329012523728409,9.041829738488625,10.035664078984246,19.962849277279357,36.58385048959789,21.742940041674185,22.64613661766825,18.83409013654313,51.636813969069365
8,11.664446816898227,18.495810986932565,16.13201104922701,15.763412512882471,9.732029165220737,12.265919311218019,10.109975528878822,3.2543424664719796,-0.0,4.268064249309396,7.908604444423125,6.4237373264766635,6.08942892762168,2.4035224918566573,4.635184863128809,11.218890634526534,17.759246457530203,16.36643736576368,15.181179208167649,10.056293804796267,7.945850742504104,7.7526198331023535,3.739143037846155,1.606767883269845,4.540125858745546,11.522019338953355,9.125538415899136,7.179383324445641,2.6966472159476105,2.230143230933831,1.457863270543532,2.1585830988761803,11.910454866292332,15.201403800170796,16.690674258991677,14.654540449110543,18.136458710910553,16.112210395228427,27.26873423121754,45.93811036605444,23.78066075264764,28.78334342159039,28.54883565222939,26.496503211615735,5.73278761942423,3.4266625941943505,2.7422688635268755,11.105320201483234,17.5597159602514,14.97738840206295,11.29580141061163,15.60714948585825,16.431468485228717,25.978150987485222,45.919222148349924,29.36973314475528,29.85903203302756,28.26404341468093,53.32175512977744
9,8.455789075693588,13.00743126806585,9.29211703448471,8.200576916638184,5.9907351683030665,7.201757898018763,6.527082320130308,3.022387744297879,4.268064249309396,-0.0,2.9130892723055632,1.8765577368862965,1.6593666604817776,1.927400078111911,6.997595068317149,6.436214960038723,11.409584710335068,9.200687911585094,7.739737007524588,6.114546422626846,4.001756853901682,4.053736370357656,1.8368161885518026,3.411866358123093,1.329312803417941,6.34518159405557,4.864777676885678,2.8410775611933423,2.030075617612533,2.983376905930349,5.250478131082744,3.1879180361957333,8.185743186017147,11.273486759716466,11.798623339478398,7.8336666871330305,9.493371648002016,9.17867510465751,18.52400557237872,35.51064364493745,16.309469480600356,18.947850198541715,17.86736940164886,17.214758333975393,3.9611681052862755,3.789093044014531,2.8808728300992583,7.08974922466847,11.188293749445634,10.252372634903681,6.969243800967716,10.24523078984757,8.663723258830958,19.99247006187333,36.27632598453855,20.426690754112354,21.445389774384218,17.71835496137366,52.56974180450144
10,4.1670005744753,7.7153490129439755,5.784693796025601,5.481917899058766,2.9806630148471176,3.26169223371988,2.9010848898570947,5.577497128273373,7.908604444423125,2.9130892723055632,-0.0,1.7273938370170947,3.3706660909073727,5.047694313543796,12.068293161441327,3.0569059696408782,6.726914080220169,5.500692234284202,3.8603804980734497,3.0015122380827375,2.151506237572513,1.4662220833161441,3.128997833365837,6.274956407231036,3.999565954231332,1.9617280192796192,2.3226936138924614,2.3541423781296187,5.041399322793445,5.529769233402276,8.148288249731536,6.222783933574902,4.261408542927137,6.723742910393752,7.0539886087317605,4.581469945513421,4.720763700210092,4.066705314749898,13.38120769157382,28.896464054210725,12.184472984345055,13.692601814392976,13.65693507407012,12.21432819791051,7.011838393680963,5.757977217120836,5.5046272674189805,3.6726572903041137,7.651288735954272,6.002087197694098,3.774657307460668,5.71998781573139,5.369077087489927,13.465906716155741,28.978046010624322,15.131482152219228,14.083050827447687,14.609202612886735,48.480587411697286
11,5.451119442138413,8.567564592831301,7.058399878227189,7.230230074965414,4.211895773592359,4.730895907112994,4.9685712839303795,3.5275323878971854,6.4237373264766635,1.8765577368862965,1.7273938370170947,-0.0,1.622167252135975,3.3342019557341898,7.212142250211258,5.082218955425709,7.550364666994617,7.2236572635259515,5.850831973349953,4.3816287955092985,3.5436935430286103,2.15113325666308,2.0119184475143292,4.905790917654395,2.66731062345902,2.4171222426115375,2.1292600901339687,1.6231874555012242,3.2993109941587835,3.897162236701299,6.49969216327556,4.522085758801592,5.493246386278313,7.623292817560915,7.934666371943668,6.194227605894704,6.413815496638425,5.181783150376232,15.654752521024422,31.071757683405025,14.625051312644336,14.18701497735763,15.2824598033479,12.597420108194356,5.315026357181623,3.854029176555395,4.087560827273458,5.02996910305718,8.9017540055259,8.105755820267943,5.193641522651041,6.497519454456287,6.691351797204717,15.820612473259553,31.147201851361004,17.822337712490093,14.860621892660776,15.75453009558101,47.48856177055917
12,6.116179093827208,9.671980901799092,8.150420862033972,8.509467074646498,6.631777919285272,7.1807713045809365,7.076640676573862,2.6729732402862716,6.08942892762168,1.6593666604817776,3.3706660909073727,1.622167252135975,-0.0,2.6527591338468235,5.602785229035038,6.352419073219431,9.165672133930567,7.470873380596796,6.282160064377201,6.369452977047882,4.632091888493561,4.119883508683029,2.0036985809303416,4.732287540382045,2.2221007198527527,4.338884986783375,4.650771724933307,2.154730914587726,2.2133177228201335,3.1900562832856707,6.014563290728465,3.8859604925988145,6.041808325486715,8.828807882296132,9.701254378842295,8.347643433224887,7.649287713331055,6.786790142149833,17.13110827740196,32.751593234208244,14.142044499471154,16.007072562412336,18.708657844357457,15.031582405033209,5.1823893945018895,3.3328804722821874,3.5901996585764127,5.831980074373473,9.225398757378025,9.466169227316021,5.985011019132638,8.664475281291017,7.5202252313740665,16.66289824954029,31.940279761098715,17.686903936798497,18.30581000242265,17.304639368487198,47.07402877149926
13,6.960045215293971,12.349101107645488,10.88688162577108,11.053404107720496,7.096750010267608,8.745945458762783,7.326768182636347,1.6534542409024855,2.4035224918566573,1.927400078111911,5.047694313543796,3.3342019557341898,2.6527591338468235,-0.0,4.689257549750066,7.4334496816773195,11.93374832063248,10.942603139161829,9.611997295908205,7.749088728663763,6.075385714030067,5.679235944429841,1.8313168717528008,2.27237224382736,2.2671350844828826,6.671757536241549,6.171054661197845,3.534004670327204,1.5092062621751716,1.852690093365957,3.3455675702251213,1.7398571084651926,7.876598936821855,10.326576078003987,11.452687106929977,10.84383915368341,12.205668293497611,10.41776187320081,22.059019807245996,38.73585218871646,17.27289980640911,22.165899251526806,23.924642815618192,20.30229654417617,4.277973261225137,2.3774120907057084,2.1186319193029064,7.855248740084777,13.129279691243253,11.420576092598846,8.372048219827644,11.150610107296961,11.129344302035326,20.382168004794842,38.620268854298985,22.84948769968126,23.542782004236162,21.975709744323566,49.19386330645046
14,12.419204631556553,14.575708337869768,14.35677001667165,16.231426278532894,11.644319439380828,15.910467559818088,11.149586165962534,6.139605310706172,4.635184863128809,6.997595068317149,12.068293161441327,7.212142250211258,5.602785229035038,4.689257549750066,-0.0,14.35635317084648,14.770704196932005,14.18561281966265,14.116246644775417,13.512663519186521,12.31830433105718,10.680180347074627,8.225904635581538,5.297327540462724,8.459647790472182,9.765321717246515,11.981369193407499,6.455836785215448,4.267397648373698,5.965846704843793,5.4714861347417285,5.066471812174778,12.149627263693889,13.376640013261689,13.769031501168097,13.67614040307949,15.026762975957064,14.103112805480807,28.265933854434753,39.849407880312704,22.64105168628143,23.174874910202,29.46487533284046,22.528986446382966,5.094048325228767,6.616117750048097,8.01681764825993,12.865449147943272,15.371472636795312,17.987676088029126,14.633799325508642,15.097823952707182,15.295497034262704,24.102172609156217,40.03950830958343,26.418504298215606,27.29719719668358,25.700262134192236,51.81882341811293
15,1.0713496505444968,3.8601672130234626,1.9529625883313189,1.8262840135844634,2.475641065123654,1.788498123284286,2.109142677402394,8.265745454971364,11.218890634526534,6.436214960038723,3.0569059696408782,5.082218955425709,6.352419073219431,7.4334496816773195,14.35635317084648,-0.0,3.0569076860959847,2.754353004421769,1.6727981205346474,2.4991318206249455,3.2849358075939565,3.057431360045031,5.758384147641168,9.623372208781248,7.037379438344376,4.105693275652708,5.451388069209361,5.6474794555355015,8.213047889604308,8.374240466259433,11.521848904269905,9.045103920633197,1.982906612195366,2.775499105356443,3.9990038282204887,1.9919572657371252,1.9141782471130422,3.348744871400191,9.137804385167986,25.597381273981128,8.948998427710206,8.865916444503217,9.971871843465793,12.542911138338571,10.530750887012246,9.031287327043266,8.424686688164138,2.866643226945165,5.064332996606592,3.431251679488068,2.3101538548315332,3.119804196408554,2.13082237096111,9.651220077849398,25.633942055135513,10.530009630908244,9.719938573852625,9.276533861311725,48.29364098054428
16,2.6327264832514965,3.835467011181056,3.11051597172006,2.810001228257588,6.630602271425952,5.358543938463652,5.513044289813274,10.891470309602653,17.759246457530203,11.409584710335068,6.726914080220169,7.550364666994617,9.165672133930567,11.93374832063248,14.770704196932005,3.0569076860959847,-0.0,4.143664331377861,3.7587051387326165,7.059912261695558,8.22895019614846,6.400711120272993,9.60669296859572,16.351506483586977,9.969916778905983,4.825980607922905,5.699675841496348,6.410791406976467,10.745122258356849,12.709257637511683,17.595295712427973,13.26821359398992,5.568449698807024,3.7707205145312903,5.409003318302869,4.054464749791969,4.262074322519078,2.7952754018329378,10.125877723382992,25.39382545067231,10.067847262339486,8.461437579068267,10.31370646653685,7.807360691548792,18.61551245392701,12.02830285841998,13.703287718033494,7.198890215166689,8.363230356043594,6.265626073367623,5.272468951986988,4.696029816326266,4.41143805097212,9.982106717089383,24.350523620813313,11.385056316116318,10.754009276393411,10.770622449671347,42.5877159990799
17,2.7626950866188,3.979147125874041,1.9005482512534737,1.6178036416923216,5.147197092608066,3.2864398543786355,4.14699072760039,10.417120619957972,16.36643736576368,9.200687911585094,5.500692234284202,7.2236572635259515,7.470873380596796,10.942603139161829,14.18561281966265,2.754353004421769,4.143664331377861,-0.0,1.970890157763281,3.734782713152907,4.263206222074853,5.6150468091608055,9.267514072238468,14.272261751963612,11.513222749595222,5.4509900659948745,6.081485558182871,7.338243529249369,10.206858523620824,12.853781502666713,16.768273265663716,13.712558442449803,3.710491493732542,3.8088442243518066,3.6622445955454666,2.656620851524627,3.1274241640601894,5.441841661275928,8.061412332212711,23.23446360945663,7.0450398531144875,7.65958116830762,10.689312588591669,8.444938139679836,15.300214998608203,11.87028006333784,13.300663865971666,5.175147231426701,3.6850068934561353,2.544307338865562,2.7557488848033636,4.102955347118936,2.2299450335333195,7.140020078606984,20.459848377146926,8.667802827306213,9.728972172460193,9.183285872174642,46.24705291481792
18,1.8693739051281395,3.861331643400767,2.5827022715872316,1.7383261684580584,3.2760955414687722,2.2805787209721786,2.5653274322112076,9.275173691411231,15.181179208167649,7.739737007524588,3.8603804980734497,5.850831973349953,6.282160064377201,9.611997295908205,14.116246644775417,1.6727981205346474,3.7587051387326165,1.970890157763281,-0.0,3.183453220570668,3.5706966512981517,4.2255100068878475,7.219104866406746,13.794300744520203,8.888891837620744,3.9475183142739514,5.638396906565181,6.396506561620014,9.239650492956434,10.4293972311166,13.880986275161346,11.26332352030819,2.857491780639569,3.7757337712700254,4.355051307469209,2.4523505669550394,1.6424279383487583,3.6878528674632496,8.636601721301846,21.30528880110315,6.982575921133722,9.1648638733525,10.796074109272299,8.47096309253978,12.776286767506289,9.677676086090981,11.27080039174657,3.905139540820412,4.10352154678189,2.630810757143767,1.7716397088433233,3.852348777121307,1.9160029000871943,8.766443394193514,22.348364113156805,8.730470139351572,11.749877268630337,8.98283405588324,45.35994225519027
19,3.033652817156582,5.21013514048834,4.019718574021875,4.699914326018707,2.2027249638981186,2.2767344287860873,2.435742827454559,7.16092369589693,10.056293804796267,6.114546422626846,3.0015122380827375,4.3816287955092985,6.369452977047882,7.749088728663763,13.512663519186521,2.4991318206249455,7.059912261695558,3.734782713152907,3.183453220570668,-0.0,1.974852511677097,2.556236702622642,5.276334587055417,8.813829371811513,7.061287841851702,3.6376444355208277,4.887046490519376,6.316695612857905,9.140528853269483,6.952780435328462,10.267381969781242,7.4639956815827695,2.516651109126573,4.707960539635805,5.219125015252273,3.7762033399285113,3.5070921754044964,4.685823349324035,13.148199429018797,28.94658366074491,11.401459832928518,11.28180764534077,12.393565038427475,15.587039669816114,10.360941857807775,7.174173242290768,7.503025691789992,2.19454468132837,5.282140739296397,4.332820742080868,2.115582231761256,4.157564580021613,3.575834614274341,9.997914310060697,28.987048567589014,13.495997194762804,11.390926025469481,12.782607501145039,55.66403927873667
20,4.071442617923847,6.60899733278981,5.543557424066656,4.597997597453921,2.0631984575764877,2.1496609602900887,2.281233353549961,5.970807033996844,7.945850742504104,4.001756853901682,2.151506237572513,3.5436935430286103,4.632091888493561,6.075385714030067,12.31830433105718,3.2849358075939565,8.22895019614846,4.263206222074853,3.5706966512981517,1.974852511677097,-0.0,1.3952086165730828,4.208044142494953,6.550939440040914,5.044779237127571,3.6315739115330103,3.1805951073090113,4.388236329767745,5.937408266343978,6.062708580469749,8.297723199323736,6.184554506823364,3.283785302059869,5.787033706162103,6.358622215492899,4.087117039400474,4.757554415756429,5.250403660343859,13.049668503597717,29.210075304982695,10.885203306791283,13.685424839490297,14.424971769021418,12.708077828552051,8.282498235187067,5.839382152691211,5.792960206074009,2.5317238191163725,6.255791011138345,4.960114993013752,2.5700243271782495,5.203787180950722,4.920076573026608,11.547283529770397,27.884409346752804,14.843821437269913,13.46836296761579,14.46664529533687,60.15969893516006
21,3.2366494981070737,6.436025662871008,6.204363425070432,5.317354865996591,2.8395046668716946,2.877209708999039,3.272619614922851,4.684534856984499,7.7526198331023535,4.053736370357656,1.4662220833161441,2.15113325666308,4.119883508683029,5.679235944429841,10.680180347074627,3.057431360045031,6.400711120272993,5.6150468091608055,4.2255100068878475,2.556236702622642,1.3952086165730828,-0.0,3.4516658383164036,6.295684477214291,3.3827196702646507,2.254039926661955,2.7230811697803756,2.946858441598306,5.950991802156558,4.7612187460829025,7.423978050645798,4.887048106137699,2.7930204017494624,4.869991837271541,6.352149612727635,4.894307392171311,5.191039983274077,5.252079565293229,13.841554678810168,30.60083722230894,13.158135715901281,14.641615492789162,13.859686413650962,13.7338174304311,7.607622110380482,4.959233638771813,4.6108659550360045,2.4369011594678964,5.737058154015466,5.503862880268218,3.084036680789372,4.794803158584797,5.517511706510203,12.460670532655659,30.45633412775367,16.417537961115137,14.784349855240874,15.290745875447119,52.63919594072876
22,6.127036693595047,11.331146431454947,9.085071989078193,8.730495790238205,5.151126796866528,6.473081824213778,5.923006248779636,1.4287299101578543,3.739143037846155,1.8368161885518026,3.128997833365837,2.0119184475143292,2.0036985809303416,1.8313168717528008,8.225904635581538,5.758384147641168,9.60669296859572,9.267514072238468,7.219104866406746,5.276334587055417,4.208044142494953,3.4516658383164036,-0.0,2.972375371057186,1.3835232040451022,4.622639466884837,3.5923013488987214,2.221133908270017,2.518640245703467,1.9406142716396042,4.2612202132831705,2.167523560031074,6.14716991286891,8.274242001217997,9.999335601575648,8.812150452476637,8.84198471368654,8.478779663638328,17.526174397187592,34.426368612934446,16.20675925002562,19.175254308254097,18.587522546573087,17.83925509971572,6.761375772825793,2.335984709939619,2.0132506477337238,5.567249729532633,10.137208004664513,8.143980985271384,6.047971694544657,7.850763451078875,8.985643520863396,17.900145226678937,35.27170754762606,19.435250112001107,20.482010310956337,18.18895626315266,48.246992198436196
23,10.994013054637437,17.2444607355073,14.421220004290857,13.911145902755035,9.846594842823647,10.994653929206674,10.943154695789877,2.3488568276040884,1.606767883269845,3.411866358123093,6.274956407231036,4.905790917654395,4.732287540382045,2.27237224382736,5.297327540462724,9.623372208781248,16.351506483586977,14.272261751963612,13.794300744520203,8.813829371811513,6.550939440040914,6.295684477214291,2.972375371057186,-0.0,3.146009813917884,9.988956344588328,7.805255107341078,6.138019829925873,1.815429438155039,2.027925695699374,2.316050243099742,1.849272642969668,10.230121041310543,13.931129838296409,14.403894147624692,13.182102930072642,15.268168783053932,14.590250768335332,24.06224457665979,43.15197337787024,23.209390110203717,26.060038262646312,24.186998399503818,25.006721340162468,6.474033385008791,3.046012577102062,2.2230514843818363,9.767784116555186,14.801514845304562,13.466065167847544,10.297633391722496,13.609878484148505,13.709728649283146,23.676374404068483,43.33028694867465,27.029676606695617,26.563288959652716,25.371568578611424,54.616508901071306
24,7.735095954578315,12.553551020479171,11.830034586133166,9.572366407521201,7.211343493014107,8.140819561525646,7.594007281065139,2.4807556116257747,4.540125858745546,1.329312803417941,3.999565954231332,2.66731062345902,2.2221007198527527,2.2671350844828826,8.459647790472182,7.037379438344376,9.969916778905983,11.513222749595222,8.888891837620744,7.061287841851702,5.044779237127571,3.3827196702646507,1.3835232040451022,3.146009813917884,-0.0,5.822426508532118,4.9600242672406045,3.25143020347098,2.0899511275312075,2.272965181115986,5.113130783784748,2.5311347432451914,7.138628002112726,9.25709360529967,11.425369200197817,9.486922672321741,9.820560498311826,10.411645225508648,17.593680758268825,36.33490282557158,19.764206023339014,20.617508548738723,17.725696765281654,17.136721683644243,5.159668682377213,2.8905283413756773,2.336435614008342,6.4911632365728815,10.06115132051256,8.858894507892467,7.592857713791687,8.118426742617714,9.681556315974639,19.733392787777458,37.67727021167281,21.89768513587771,21.779120140530676,18.994710577693798,50.464652264560065
25,3.601118631492561,5.589748969157663,6.437331896599071,6.455986847118186,4.162953033112531,4.505943326088717,5.060159877522167,6.616822416106943,11.522019338953355,6.34518159405557,1.9617280192796192,2.4171222426115375,4.338884986783375,6.671757536241549,9.765321717246515,4.105693275652708,4.825980607922905,5.4509900659948745,3.9475183142739514,3.6376444355208277,3.6315739115330103,2.254039926661955,4.622639466884837,9.988956344588328,5.822426508532118,-0.0,2.0561271963691925,3.000025560138186,7.18794548459839,6.62168706951436,9.612304757653593,7.528551351492002,4.264122346713174,4.907284622975786,6.52396001193762,6.339587788355606,4.694812183510719,3.9323355952059864,14.458600864614501,27.539201410652947,11.86033492953825,12.82963576692586,13.521465690113741,12.538732995121507,10.088845146425529,5.688321388125721,7.289791770628097,4.901452964894504,7.5014735460028845,7.018781978087474,4.239800089920362,4.491312623777542,6.328589848818012,11.008451596035659,27.560695589337843,14.051042782374486,12.86163726253081,16.107677181895642,39.30024120855358
26,4.887426723266867,7.56663093443549,7.538086065182318,6.834565892888024,4.556374030971947,4.463703238424339,6.128004282548827,5.272724585044841,9.125538415899136,4.864777676885678,2.3226936138924614,2.1292600901339687,4.650771724933307,6.171054661197845,11.981369193407499,5.451388069209361,5.699675841496348,6.081485558182871,5.638396906565181,4.887046490519376,3.1805951073090113,2.7230811697803756,3.5923013488987214,7.805255107341078,4.9600242672406045,2.0561271963691925,-0.0,1.8418776069403084,6.554457191780409,5.388841732862895,8.20975143229588,6.868367527499574,5.0859466758635055,6.466294135594543,7.090195801093879,6.827104670552597,6.189081708413325,3.9968768813679736,14.13630856397142,28.155518828211243,13.271530158988009,14.155116241569788,15.859250008948385,11.196645819257238,9.60760877280297,4.337102539608495,6.325312232489256,5.022551845488751,8.032159944186043,7.458437257975276,4.294875140745946,4.937658621812491,7.314601311424426,13.046059870234886,26.452601001059154,15.957928258896244,13.190772135623003,17.434600819295092,48.26830513757815
27,5.330008481159858,8.332614664696647,7.613743198129689,7.166918928983606,6.045584382943313,5.968113984314861,6.960008635789292,3.387918628780696,7.179383324445641,2.8410775611933423,2.3541423781296187,1.6231874555012242,2.154730914587726,3.534004670327204,6.455836785215448,5.6474794555355015,6.410791406976467,7.338243529249369,6.396506561620014,6.316695612857905,4.388236329767745,2.946858441598306,2.221133908270017,6.138019829925873,3.25143020347098,3.000025560138186,1.8418776069403084,-0.0,3.1295513298487982,4.7029757411880135,7.592414177034292,5.564241937022055,5.767224569523155,7.1716651700324485,7.449956876743015,7.096915909718414,7.137507295517229,5.18089408229495,15.135958187667425,30.042014215077664,13.821655418230803,15.727123294682611,15.198510406645884,12.895743005106189,6.753204799141955,4.188671171705036,5.302399476986932,5.976822289601088,8.331142025208495,9.156693082789726,5.866918131408077,6.764796033010626,8.268050751212748,15.07604296975765,28.426121582885386,17.324659894559865,18.384384809967273,17.86346642887798,46.66249534495234
28,7.859399463755913,12.363172633169086,10.9763755727899,9.333388671580332,8.253352734702665,9.209971452025766,9.036724881697003,1.698577849814211,2.6966472159476105,2.030075617612533,5.041399322793445,3.2993109941587835,2.2133177228201335,1.5092062621751716,4.267397648373698,8.213047889604308,10.745122258356849,10.206858523620824,9.239650492956434,9.140528853269483,5.937408266343978,5.950991802156558,2.518640245703467,1.815429438155039,2.0899511275312075,7.18794548459839,6.554457191780409,3.1295513298487982,-0.0,2.124602933909494,3.305753515519497,1.823155754503079,7.869884441039999,10.622115691172565,10.970275036740526,10.174430239737346,11.402399261953285,10.081310294422266,18.285681405627802,36.03422014038728,17.73328538391399,20.66125887864953,20.870263733236687,17.116564204086487,4.4613044166585,2.6498603868656065,2.1208600184861472,7.708355119286534,10.846060770925886,10.023347573641937,7.9629303923826065,9.970159694771086,10.197008215900821,20.552163735381367,35.162322813221785,21.709920675309036,23.181667345435535,20.111826534672325,51.716917687301645
29,8.226358540897632,13.960617682937576,11.846788067592483,11.494112535118477,7.041112818039967,8.415784903411968,8.177181928443408,1.4513021434319122,2.230143230933831,2.983376905930349,5.529769233402276,3.897162236701299,3.1900562832856707,1.852690093365957,5.965846704843793,8.374240466259433,12.709257637511683,12.853781502666713,10.4293972311166,6.952780435328462,6.062708580469749,4.7612187460829025,1.9406142716396042,2.027925695699374,2.272965181115986,6.62168706951436,5.388841732862895,4.7029757411880135,2.124602933909494,-0.0,2.1443868981507577,1.0312974792389487,7.394836787075631,9.62461486472465,12.176928233485771,10.958537005282013,12.33216984682515,11.88847469957213,21.55454816370775,40.23332225093188,19.472242986136216,22.84139632668391,23.175460242674088,21.86321857306434,7.6687350237761684,1.5279727430379901,1.1978992547361393,7.625318988659175,12.209788778839982,10.571876352358416,7.94156986643057,9.851208513335603,12.342637280793523,21.632079385244015,40.42425717665492,24.316533254987842,23.18128903544453,23.191810143045462,53.96694688176093
30,11.429797813477157,16.18113096818412,16.01311233535549,15.555569824388314,8.830834338630062,10.234557732087234,9.853607025915633,3.619500455232286,1.457863270543532,5.250478131082744,8.148288249731536,6.49969216327556,6.014563290728465,3.3455675702251213,5.4714861347417285,11.521848904269905,17.595295712427973,16.768273265663716,13.880986275161346,10.267381969781242,8.297723199323736,7.423978050645798,4.2612202132831705,2.316050243099742,5.113130783784748,9.612304757653593,8.20975143229588,7.592414177034292,3.305753515519497,2.1443868981507577,-0.0,2.3280258409252244,10.26358458978989,13.894046626377275,15.75136402601744,13.72292528641844,16.83901614932778,15.959330815351706,25.9470705906392,45.28781482990547,21.67796664516942,27.612029410564684,27.899276845554525,26.15037154001384,8.979172618351013,2.5556854541463694,2.7334107717327294,10.302905283167028,16.288711428190698,14.454917407264256,10.355005700998701,14.447343672255899,16.133693423795638,24.729673965601663,44.88421061234099,29.309887900535678,27.713504347701342,29.096744175295246,51.2860964634745
31,8.0675600372565,13.642347836498221,13.698524020864879,12.739526627828976,7.022990495095325,8.636748478876315,7.561016771550666,1.509107362976001,2.1585830988761803,3.1879180361957333,6.222783933574902,4.522085758801592,3.8859604925988145,1.7398571084651926,5.066471812174778,9.045103920633197,13.26821359398992,13.712558442449803,11.26332352030819,7.4639956815827695,6.184554506823364,4.887048106137699,2.167523560031074,1.849272642969668,2.5311347432451914,7.528551351492002,6.868367527499574,5.564241937022055,1.823155754503079,1.0312974792389487,2.3280258409252244,-0.0,7.377049163451675,9.395039358880915,12.316122285000311,12.384589709629964,13.720376774469802,13.102010979819948,22.418705173444625,40.63839623446014,20.76016530245106,23.771449359459034,24.82729990520934,21.706758618132064,7.768107606669325,1.7579434711983477,0.8624847539830106,6.910571162179154,12.447376289268941,10.33618306819502,8.484050418622582,10.706470241381705,12.9581430719953,21.60657750249913,41.13942929395752,25.517678361866245,24.079457888160626,23.739171147782855,51.50079427525129
32,1.6995936534213416,3.2281602722842315,3.840502874730447,3.57879440338389,2.498674051918301,1.259785597687818,1.887757657577204,7.088803802800919,11.910454866292332,8.185743186017147,4.261408542927137,5.493246386278313,6.041808325486715,7.876598936821855,12.149627263693889,1.982906612195366,5.568449698807024,3.710491493732542,2.857491780639569,2.516651109126573,3.283785302059869,2.7930204017494624,6.14716991286891,10.230121041310543,7.138628002112726,4.264122346713174,5.0859466758635055,5.767224569523155,7.869884441039999,7.394836787075631,10.26358458978989,7.377049163451675,-0.0,2.2165202210935253,3.2718437406684444,2.8730925624100063,3.3207525834345124,4.7863727618925935,9.837366915607909,28.19187213990708,9.498668884466996,11.37916565554749,13.036085351564028,13.982053462481117,12.881828294695808,7.715756595601078,7.439984240646332,1.2276077621756698,3.940510718615569,2.740842891464679,1.547792375111975,3.0379148530744122,3.067446648931283,8.93503333479041,27.702152288548866,13.82201743834234,11.307871043602244,12.857919500803142,54.90770713092143
33,2.065037112840156,3.6197947164399795,2.870952138017701,3.068669843980183,4.5840050653860605,3.0791923773124594,3.54930480959175,9.721474021115469,15.201403800170796,11.273486759716466,6.723742910393752,7.623292817560915,8.828807882296132,10.326576078003987,13.376640013261689,2.775499105356443,3.7707205145312903,3.8088442243518066,3.7757337712700254,4.707960539635805,5.787033706162103,4.869991837271541,8.274242001217997,13.931129838296409,9.25709360529967,4.907284622975786,6.466294135594543,7.1716651700324485,10.622115691172565,9.62461486472465,13.894046626377275,9.395039358880915,2.2165202210935253,-0.0,2.0886958557844815,3.01597305468641,2.7880250745987145,4.826759634370786,7.132766143166193,23.19192272422036,6.936452223410761,8.131118315599663,8.419841194924008,13.009063132739703,15.584151053840746,10.34281220410127,10.27427823138325,3.0780830983751013,2.6335914453581597,3.099812873822008,2.1782931537265213,1.4871130512169513,2.517066740696364,7.739887518221302,22.941786193592783,10.465653306919279,9.589709738011203,9.2038131366299,56.85256924016028
34,3.4957381151153997,2.9993140888160466,2.4993991416811685,3.6206909467979926,5.05734681219079,4.006241343634099,4.772907062999286,11.570016726816833,16.690674258991677,11.798623339478398,7.0539886087317605,7.934666371943668,9.701254378842295,11.452687106929977,13.769031501168097,3.9990038282204887,5.409003318302869,3.6622445955454666,4.355051307469209,5.219125015252273,6.358622215492899,6.352149612727635,9.999335601575648,14.403894147624692,11.425369200197817,6.52396001193762,7.090195801093879,7.449956876743015,10.970275036740526,12.176928233485771,15.75136402601744,12.316122285000311,3.2718437406684444,2.0886958557844815,-0.0,3.360585779711503,3.7153764750802325,4.946573650930769,6.079684567406196,21.99872375743247,6.450509378184685,7.205244252123377,7.356208038871308,11.717649278030734,16.559650063483073,11.154986714514482,12.637354587996843,4.6764332681944865,2.503985712481947,2.6013307676173,3.0943180250864324,3.639154149909458,2.7148614158947013,6.932375924915675,21.396075994648687,9.489363705017292,7.504061544143993,8.22532668655911,57.07121289539025
35,2.672527972526805,2.7425954816785616,2.1570888435730358,1.7876081586590686,3.096634323368948,1.987717806330328,2.538311738298181,9.719233887643993,14.654540449110543,7.8336666871330305,4.581469945513421,6.194227605894704,8.347643433224887,10.84383915368341,13.67614040307949,1.9919572657371252,4.054464749791969,2.656620851524627,2.4523505669550394,3.7762033399285113,4.087117039400474,4.894307392171311,8.812150452476637,13.182102930072642,9.486922672321741,6.339587788355606,6.827104670552597,7.096915909718414,10.174430239737346,10.958537005282013,13.72292528641844,12.384589709629964,2.8730925624100063,3.01597305468641,3.360585779711503,-0.0,2.216360566107687,4.609100797159718,8.143947177472228,20.70562326940838,8.099485525243148,6.5258860189573635,6.801837448581929,10.095461848942467,13.050995758504033,10.935235470852776,11.809850712803838,4.155746753531773,2.6914504289475496,2.1153752528264014,2.340129267578289,2.9665137974766087,1.5323478518377605,7.1524234659757955,21.557588810783752,9.981121240429555,8.64009748527443,9.12148486030965,53.088264882816524
36,2.0309516105637897,3.730400090861402,2.534006783753618,2.2984011163587468,4.221623447827822,2.48272757574968,3.314867214573548,10.828245156928874,18.136458710910553,9.493371648002016,4.720763700210092,6.413815496638425,7.649287713331055,12.205668293497611,15.026762975957064,1.9141782471130422,4.262074322519078,3.1274241640601894,1.6424279383487583,3.5070921754044964,4.757554415756429,5.191039983274077,8.84198471368654,15.268168783053932,9.820560498311826,4.694812183510719,6.189081708413325,7.137507295517229,11.402399261953285,12.33216984682515,16.83901614932778,13.720376774469802,3.3207525834345124,2.7880250745987145,3.7153764750802325,2.216360566107687,-0.0,3.1136675206980615,8.378924160364928,19.71978140498681,8.11144004139339,8.851457621776703,9.285155906703144,11.858307010390078,15.181670691110229,12.097877860135881,13.27257940704084,4.660573229640171,3.660758191385451,2.5410401620644505,1.6313282781983116,2.99451301569417,1.9267742886520085,9.096748653261994,23.505667897904143,10.668628578513607,9.40102858255279,8.908960769300604,47.39521993826358
