,0,1,2,3,4,5,6,7,8,9,10,11,12,13,14,15,16,17,18,19,20,21,22,23,24,25,26,27,28,29,30,31,32,33,34,35,36,37,38,39,40,41,42,43,44,45,46,47,48,49,50,51,52,53,54,55,56,57,58,59,60,61,62,63,64,65,66,67,68,69,70
0,-0.0,3.2990686746482982,2.9806994994790106,1.4555840666826845,1.3253608669156327,1.7831532610305054,7.275782870449118,6.91994333287821,5.695460954493176,4.39917871270635,4.671911698252936,5.480997248356548,4.846003093033084,6.794557406205169,7.343298594275211,7.202114624797451,6.966900394580793,5.053393133256315,5.134842131346245,4.858421739064769,8.068672547068648,10.160897229580819,8.041430792703231,7.045814770046489,6.853068822048689,7.670804522752697,13.453099236384437,8.302529542542738,5.001378431108684,5.418053682143173,7.71289494948841,11.347735879772145,6.316163454503816,7.183251317481566,5.51558981616033,7.861745439009455,8.15041654273947,8.261148904572114,7.64430178426668,7.911299590368212,7.188997275332634,8.108535363559213,7.085819248419243,9.498575333006642,8.296568314595387,15.464157895577106,13.487543029807748,13.247160002290693,11.310253259447059,23.743355772892553,13.45485016275539,11.402875858213605,10.038527536598892,11.300795778383295,13.889961644111027,16.040898238972293,12.032922240565435,15.6668605888173,13.308127290016444,24.998289463519356,23.001276787455616,18.610690926226333,19.225562286344406,22.520695465563826,22.00573284575115,15.183898734334894,17.01669308896143,23.514748856445905,15.248038037030799,34.98253254869925,22.176703364998783
1,3.2990686746482982,-0.0,6.264096463695001,3.5995594842284913,3.733009822660488,4.625888315649757,6.4587504979025105,9.16763321636829,9.153688847645883,9.117081938466022,9.28623950229429,7.553583226019292,8.51393300543023,11.01127536565705,11.901460327339121,11.429238172902915,7.536786840985149,8.245136438554981,7.703591065441019,7.747664749999068,10.218875336711223,8.639176720360117,9.510436508147274,9.701652866575067,8.986535561912842,10.352338602114262,15.069920719112783,10.490932517064783,7.531586612312465,8.893468964964418,9.145999779924818,10.373502947574039,6.860145022692739,8.967663618150326,9.22488860256962,11.76007175944396,7.07593394940542,12.38589116686087,11.702286787052799,12.803866603481438,12.44451269975398,7.492160448545917,10.572409446143261,14.259548541101656,12.027071962884992,18.8695419858072,14.130151672598455,15.629470782630156,14.911434873276532,18.132945143289817,13.513724009165106,17.608861957273966,14.018221401035715,13.318300382243983,17.58440031911548,19.531892019190952,13.735028837130525,17.353776272374038,14.482915985384343,22.216604256886892,18.87589603455619,16.53402306062895,17.357040954014828,19.718801411673503,17.8243041457497,17.540452917823078,17.273724134007395,20.495759383816395,12.532909964213914,27.921071343099392,20.990939291873236
2,2.9806994994790106,6.264096463695001,-0.0,3.611413982018882,3.4004108410651153,3.0711776819251817,5.415677450594467,5.715844664573408,5.2747542393492255,4.904218892825828,5.121295753337587,3.5149673142714457,3.716875490378162,5.727800698622066,5.843034396368819,5.481681943312908,5.128343954017949,4.163114422398978,4.521490355383819,4.534392395351552,6.308520219697409,7.154437010441212,6.061556427530962,5.295217413943535,5.070259502857164,6.364682518734704,15.193393560324468,6.412601006531051,4.442844250611069,4.669771482668281,5.9805230158805545,8.174344375364976,5.128318959530084,6.251392681471326,3.546923111935971,6.148203771498325,6.255901966631597,7.518068412512868,6.350678943516063,6.6468321307099485,6.909478519922696,6.035777913085076,5.563042298631403,8.599218643188195,6.362689615059855,15.354157283332352,12.817719445190654,12.324261617072159,10.724664753324035,21.24408773138259,11.807376827101248,12.851773536398774,11.471134248971959,11.629869433091725,13.462431886390855,16.1230868166151,11.391847894595907,14.977672577474301,13.005650731515484,23.043931418681396,20.95365569782274,16.93891951716728,18.268985364717214,19.659099429139115,19.157125405043274,17.0246971334952,17.809829294854843,21.870913032337356,14.646897316684862,30.3193995021772,21.362358807052523
3,1.4555840666826845,3.5995594842284913,3.611413982018882,-0.0,1.2458386614466392,2.0552279247172947,7.3436883862510705,7.3878119257476955,6.030559861983255,5.080086602059942,5.642859229468271,6.061682631942021,5.555196952931826,7.583707135838766,7.761229404553035,7.505449188253123,7.2306954336000615,6.06682913817691,6.320044664981855,6.137268823238965,7.89421406566416,10.424205026476406,8.442182628676424,7.692932760255873,7.017683790231137,8.569410906426224,13.383378609351858,8.913142725068974,5.756698357942688,5.583989502048249,7.742833119564376,11.417846456668677,6.651249086460044,7.204826881484043,5.850318784756306,8.27402702921046,8.591287848477343,8.696282105655785,7.9100367242918,8.498815648773844,7.973490886797971,8.030738384076352,7.172551447850771,10.198401112677914,8.374313093270896,14.886712868584544,14.906462738005205,13.683628744929223,11.544409219083827,23.87418860962911,14.139324474902514,13.952217542080065,12.853307591122169,14.181360176342217,14.410270514748973,15.215183994443668,13.183873518988626,16.02021894800996,12.961942963610321,23.212844825419225,23.7268370502852,18.5726189365089,18.19570919408742,21.115965797017996,21.861661585705658,15.763233544912074,17.68455858653684,22.48472548515329,15.45764838545173,34.722141872642574,22.747860638578956
4,1.3253608669156327,3.733009822660488,3.4004108410651153,1.2458386614466392,-0.0,1.9289357755235952,7.572952342831436,6.669004964014395,6.048687105203885,4.676358932480461,5.581434503385594,6.4015701982263336,5.242135401319839,7.584108820628475,7.471953496018249,7.006922067874381,7.005035069010136,5.480764620469008,5.926198275067058,5.877582256062916,7.621701397319087,10.415957951397733,8.094707503754545,7.2157911945421,6.710218580432632,8.428050033304045,14.69433625851257,8.656377543904922,5.2834520164863035,5.220279762008473,7.33877264802928,11.171236215273748,6.282766423467514,6.952865448108842,5.557090934902673,7.5797044618858616,8.785939693520186,8.232379282592072,7.658910764993083,7.916045391774234,7.17870056586485,8.058866210474909,6.914638105598328,9.545684382640037,7.991566188070371,15.286249297514363,13.948908931409656,12.943833698810238,12.470506019449267,23.0931326116738,13.01554926063426,12.914010634316941,11.845190404124033,13.027550159379173,14.39930184651282,15.294858414456993,11.825347697711356,14.826587986783212,11.529285435958265,22.873704700932304,22.317935881451966,17.270523615081178,18.260484655523744,20.793065894836186,21.429332700794642,15.633996013050773,18.22663056715979,22.45109025444126,15.020173729174426,34.19922490897069,23.620667578197004
5,1.7831532610305054,4.625888315649757,3.0711776819251817,2.0552279247172947,1.9289357755235952,-0.0,8.781222278011212,7.726549140146512,6.564248605699944,4.260621162721523,4.67792777417232,6.287269859886646,5.180205326486532,7.7229613345756345,7.511486343525065,7.222191029779661,8.207343022508448,6.130044293742684,6.818761249270103,6.35724637782004,9.0846554183484,12.034938783398813,9.392350065319532,7.646043078501777,7.851863174514744,9.10679157891563,13.773560276635544,9.914804848236917,6.177465746111466,6.053011342561107,8.736662540914084,12.98339703268594,7.583881926288047,8.372993353633428,5.773484585898929,7.788110489404906,10.492735726026362,8.67674493214427,8.159264216176165,8.030245550390216,7.312345194846637,9.652546536646557,7.160566712487067,9.821298090278365,8.393276429093408,15.457889626391365,14.506972152004813,12.646780827555899,10.861149741296309,25.96457910576625,14.435050574315047,12.359335500592668,10.288486366488915,12.788260212752757,12.551289719354507,16.0771769750674,12.71736716690208,16.1459437757006,12.970820149892464,25.779508483660177,25.144787539956365,19.862610954691174,20.50000304882564,23.89655182087298,23.886825391290383,16.36850038989861,18.19656766325942,25.086089038701335,16.84935211763444,37.997828920690495,24.064640419767517
6,7.275782870449118,6.4587504979025105,5.415677450594467,7.3436883862510705,7.572952342831436,8.781222278011212,-0.0,3.938701814163812,2.3338058300732865,3.9223899721247752,3.5789567774947306,1.8377242401708664,2.8660061178610596,3.3152351407778444,4.381521236968393,4.460602203490924,2.543663616099469,3.2094382669903294,2.989310259507121,3.1820077532177633,4.835096742602082,2.1064799646376557,2.650532248788417,3.7581310866144477,4.804976438137872,3.3970600198226335,13.805352823593946,3.2053132829803235,3.274566743739992,5.3249344570781805,5.527402098411057,2.4088492690182792,2.8871003204230314,3.9879983193050794,5.369062917791075,5.889144209240238,1.8036814341043752,4.544235360080515,4.065474535086964,6.694453935092515,5.994745577808542,1.9499720271266685,4.838190527359069,5.4269961262908275,5.99876019783156,13.438143433760986,11.447298522321834,12.07545652984218,8.704511434980525,13.542684358519466,10.721582405502291,12.233887339906534,12.622559068898722,11.957862757303506,12.217769275319267,13.654144010553333,11.510222414785204,11.43285859644903,13.624592477311905,16.36936979742004,14.785784458023796,11.262662167424411,13.21491836977401,13.581842676869341,12.267120344440668,15.170397233164945,14.39272415374034,15.064949536564045,12.78678891431383,13.452987782559083,13.885669894512152
7,6.91994333287821,9.16763321636829,5.715844664573408,7.3878119257476955,6.669004964014395,7.726549140146512,3.938701814163812,-0.0,3.203300797315314,2.6519712804295716,3.136352607170172,3.6550345713676755,2.6078890386385782,4.390823478929553,3.4197825919608413,3.334444519779211,3.9854698469395577,3.5944485128948354,4.544775267766601,4.143171050620873,4.980923694573839,6.344214681378151,3.980735268837723,3.943994760694729,4.631171375029676,5.441914106891322,12.94415743010854,5.146035396682783,3.4985110931692733,4.707875693081333,5.692646913110572,5.703050742339453,2.997473087440458,4.5741552879092655,4.247599963295588,3.8962391423275764,6.050021041049208,2.1346477061798894,4.124967728162861,4.6745442190770135,4.5049853203379016,4.518840795497086,3.3210232559602506,3.8982543345645273,2.903752507877929,15.055274711611819,7.584598890940905,8.412972923855119,9.830847981950022,10.216052328536833,7.98921487468989,9.746995034179301,10.388370971960693,7.630820002858681,10.658034740559854,15.115722940831331,8.72234143736677,12.433561558595029,9.013373951661054,16.400128654835285,12.232593563146837,11.389242593233284,12.945323032879822,12.189661071711846,9.91139109677289,15.623865110800331,13.275509838825116,15.158895103678965,9.56776721414653,15.513858924131155,15.202373653413117
8,5.695460954493176,9.153688847645883,5.2747542393492255,6.030559861983255,6.048687105203885,6.564248605699944,2.3338058300732865,3.203300797315314,-0.0,2.0600993650972974,1.8271207996818752,2.7763446129267835,1.4256814772016142,1.6227964202298446,1.805746768531028,2.053746354831306,3.0803223479157285,2.034286414743757,2.5009327545190967,2.350121969707736,3.050530116918939,3.8157323034167283,2.1236686365318724,2.7753270882200614,2.7102469817499455,2.753781168058068,13.407263470116309,2.1864856774143173,1.943959280268496,2.8735606424265785,3.7853366517541387,3.7994340251224803,2.523618936416518,2.6318286417849253,2.5710125658881315,3.38132953710257,3.912992873173998,1.7315671057453657,1.5235514856148304,2.7924254294572197,2.9390828112691016,2.6154838647251806,3.5994519155664095,2.6617377855066753,3.5333366753397173,12.867938345671087,9.73512251116485,11.475008390102268,9.12045024252921,14.164973314955095,9.685436247087479,9.84951918736484,10.456684683115729,10.157252074521155,10.714970487970893,12.534388325478128,9.921688094848268,10.312871868688575,12.218764038505855,17.565503412822988,15.135701176195704,11.664157011180539,13.674894911000296,14.046760853027674,12.842180983053655,13.95470919763883,14.12849023584407,15.935583783469083,12.482392330936216,16.827168064087015,13.45275742598407
9,4.39917871270635,9.117081938466022,4.904218892825828,5.080086602059942,4.676358932480461,4.260621162721523,3.9223899721247752,2.6519712804295716,2.0600993650972974,-0.0,0.9767963334452244,4.401951006161274,1.586165360116101,3.0664117969464293,2.4969736830648634,2.7943190376706397,4.528992430818223,2.6479622941039995,3.7664091419594175,3.4016576043778044,3.9578248686828874,6.373930433522279,3.425263224222035,3.364509851469823,3.6563629181780133,4.582549512977347,13.29428358015756,4.120477584099697,2.6612450363828164,3.2426627673401054,5.14178794292078,5.789315804933978,3.3658125877488936,3.851924062448155,3.487337078817681,3.9001253755049436,6.4635829685238715,2.1327806652195385,2.8451646579029157,3.8390689388380497,3.191820572404421,4.488193958656374,1.6611107780674341,4.169040568409102,2.3583326271963507,15.211571814990956,9.72866564828193,8.802342513626645,10.663588616919375,13.373291797580356,10.1357172670435,10.02777863176003,10.861575314316786,10.123195151633887,11.443467154493236,14.794636126615574,10.3214483043479,13.221296749013156,9.743191436585102,17.02419960017055,14.611116762654277,13.299622864022957,13.591569665666556,12.93971903607938,12.09862292739178,15.600676248885833,14.0036982924752,16.278285455923392,10.9200940181281,18.60250119856786,15.795543796264244
10,4.671911698252936,9.28623950229429,5.121295753337587,5.642859229468271,5.581434503385594,4.67792777417232,3.5789567774947306,3.136352607170172,1.8271207996818752,0.9767963334452244,-0.0,3.97997073211942,1.415981300314145,2.3408102739928087,2.146723308557257,3.0372604373018266,4.155758599610386,2.7295413905366153,3.4686064927489246,3.0613776679270632,3.954824533469623,5.496727219641802,3.140235955308477,3.3897772201089955,3.4091943481514995,4.2586222889322665,13.946646213169796,3.7309058075615438,2.7008452625222588,3.458192990137623,4.748594673394166,4.998949921441295,3.570682949188928,3.4870914019016355,3.7192062803705124,4.277999030348532,5.823439155956049,2.3861253875905466,2.380103481205192,3.7205578881602053,3.2802235394794246,3.9005828603926873,2.1539131852539097,3.6254507935714426,2.9155446257634257,14.071306987874793,7.745878569569719,9.290689376227261,10.617753878050172,14.016083665425816,8.49032059815199,8.698384270052893,9.256891974754824,8.342682805034059,11.515087140095655,13.942208792803582,8.311191507142942,12.034513674090329,10.05132364250351,18.06428883013728,14.094922160683742,12.903280877234398,14.421572899551169,13.860855561998958,12.300427824802059,14.557532751462093,14.3057250163576,17.119255030014056,11.267883488653258,18.76724010475054,14.83631616099526
11,5.480997248356548,7.553583226019292,3.5149673142714457,6.061682631942021,6.4015701982263336,6.287269859886646,1.8377242401708664,3.6550345713676755,2.7763446129267835,4.401951006161274,3.97997073211942,-0.0,2.639473078243189,3.4027408060762587,3.947788654171956,3.9010383955765473,1.935938945170843,3.1152217206468036,2.9815602465582245,3.116664454649336,4.358881941367988,3.6411841548724633,2.596039425720973,3.8398028972007237,4.1496844334887655,3.5429103763053282,13.412490582523374,2.97109920688147,3.2696833597792185,4.826914034445165,4.950372657874999,3.5483736011614333,3.1560709845981765,3.8984126281646634,3.9910134191782327,4.664602459344684,2.3265775850406425,4.004868656278551,3.806545521116808,4.7610502472792895,5.237163290543696,1.948665482999533,4.156759509781928,4.594282433472197,4.0619466412298495,12.623133364843817,9.911842939894461,9.326160936092432,8.365604741914277,17.034576020722895,9.747990231309446,11.781257255077373,11.33770819604016,10.630133964325099,10.738244455841345,13.010391014263728,10.224560354764568,10.771848283442445,12.497452855606301,17.775260908987352,15.854573403692763,11.971094022214354,14.514838893550595,15.720559211744266,14.493657698112488,14.788600414245929,14.086969314891892,17.320788611824536,12.699055762798098,22.48118534491363,15.221869202667543
12,4.846003093033084,8.51393300543023,3.716875490378162,5.555196952931826,5.242135401319839,5.180205326486532,2.8660061178610596,2.6078890386385782,1.4256814772016142,1.586165360116101,1.415981300314145,2.639473078243189,-0.0,1.949575553821797,2.4726874439291993,2.6306219123461885,2.785520855280551,1.704237403912398,2.362271012015594,2.3085504024058245,2.9753015874507978,4.522839695564199,2.2117060705249054,2.5005526561117746,2.611543164437062,3.3986301246824624,13.804186697600256,2.8511230131298473,1.9972427902054015,2.9845486831005967,3.7847775348503827,4.078008946903955,2.225540415596602,2.8793397934202325,2.6059356629860706,3.2280325116904045,4.370422728521596,1.8554163512611896,2.2895019474574076,3.543689428935407,3.533396997067857,3.1110869742828084,2.772532963909676,3.830150014471032,2.9248655676732285,13.071120073035265,7.761875912074902,8.723049525058222,9.34143529581579,13.677505473920217,8.060998890247873,9.075256585751752,9.495757674502057,8.878073465772493,12.58248955984118,13.054818343405548,8.359136780858684,12.310698067770803,10.556894051939203,16.996689677058246,13.699803525202071,12.206237859425226,13.89296983814403,12.70813121978016,12.150245297575637,14.008123048086953,14.123747358713924,16.392847490419054,10.425921027701046,17.35466759684639,14.102315012649488
13,6.794557406205169,11.01127536565705,5.727800698622066,7.583707135838766,7.584108820628475,7.7229613345756345,3.3152351407778444,4.390823478929553,1.6227964202298446,3.0664117969464293,2.3408102739928087,3.4027408060762587,1.949575553821797,-0.0,2.747059886173609,2.768486250990654,3.3745339762274544,2.626821454881414,2.6729621633624983,2.6468920333190615,3.6810150982190097,5.300116601340492,2.8547500786644084,3.5682597055142944,3.527604988307895,3.287023160937276,9.588040650982347,2.6038036339682193,2.4156219298553494,3.757098357795912,4.8826252713423575,5.310387633284998,3.3521297126185017,3.5817036835149776,3.2922296413553602,3.7528115236046573,3.3353092526991976,2.1691644750115695,2.5124575560238447,3.6069499666041884,3.852339243676064,3.79911381161881,4.907688591298404,4.102333556372384,4.454384537201089,11.350708783962137,11.692458508940122,11.315837964923622,8.41742636068841,13.813476553162756,11.389591987171084,6.981536581669482,7.365797188217878,7.97862079103024,13.589204869069421,11.235478939738513,12.002021259402111,13.15756393066883,14.057356321202219,16.72301066393243,14.378839164350271,13.167128671150499,10.639607923543165,13.344965589511188,13.480135998721241,10.489703329620855,10.406889937234755,12.897647594266317,10.148186846847297,16.618031784423316,11.989710012819291
14,7.343298594275211,11.901460327339121,5.843034396368819,7.761229404553035,7.471953496018249,7.511486343525065,4.381521236968393,3.4197825919608413,1.805746768531028,2.4969736830648634,2.146723308557257,3.947788654171956,2.4726874439291993,2.747059886173609,-0.0,1.339087381536717,3.8921236818656153,2.7747777576318704,3.4849394247341148,3.2664172138985297,3.01735620245586,4.939415384912152,3.193408508464691,4.078898506682332,2.45746053670174,4.07172591714891,13.540470263178262,3.410928269626538,2.9778464014548343,1.9144447512575542,3.4396604019814077,4.8743735453517,4.004313906379532,2.84022430122986,2.0507424047246645,2.7567848517333235,5.097170326288708,1.9341402321802112,1.6204118817938185,1.1754143010901943,1.7609515081402547,3.957853987767645,3.2645654065843996,2.719178075660401,2.322839823402856,9.948709472153785,9.154878888013462,11.233771791692128,10.220867809346316,13.581586578970946,7.838826280434484,7.3727733093804035,7.9230386576430885,8.11844177012012,10.850344807616846,9.423644090768986,7.719355993937214,7.492222082334497,9.563954644444188,16.08956447669098,13.403156384466834,10.231140560576096,12.074139639429822,11.989392689686614,12.985578021619537,10.985660179942405,14.805882423861974,13.928002795667014,11.602400297806145,18.080789955823096,15.528770985700692
15,7.202114624797451,11.429238172902915,5.481681943312908,7.505449188253123,7.006922067874381,7.222191029779661,4.460602203490924,3.334444519779211,2.053746354831306,2.7943190376706397,3.0372604373018266,3.9010383955765473,2.6306219123461885,2.768486250990654,1.339087381536717,-0.0,4.067313976927307,2.2424238751329932,2.7668496966491527,2.9139066141069168,2.4656561293463217,5.0666708441301616,3.169432490449768,3.7851029620689305,2.2421884828900223,3.3829226776452095,13.766994777043383,3.3192514229124472,2.8173823967655265,1.8158527983607067,2.7102732888601064,4.900491706983826,3.7864779269725237,2.5371914574161707,1.384980984872157,1.9974341735740773,5.409069164720553,1.740864659809657,1.3048163983843857,1.5333391789934545,2.1209936453650795,4.111713488606425,3.533897331552862,2.75993653201074,2.6769748986318334,10.564121707866846,9.521415728554993,10.281054685621749,10.10992896379049,14.99007191677591,8.342420250308296,7.86522136993871,8.147074758802589,8.659206254644953,11.317863306998229,9.602328477723065,8.029653054686271,8.170439891721038,9.978909668381675,16.20401953977796,14.008396362994404,10.327752546851512,12.827951139177081,13.180471090841824,13.813933592733802,11.329816510742866,14.914909896817585,15.169010738962685,11.903425679492166,20.18540578735947,16.64846187115965
16,6.966900394580793,7.536786840985149,5.128343954017949,7.2306954336000615,7.005035069010136,8.207343022508448,2.543663616099469,3.9854698469395577,3.0803223479157285,4.528992430818223,4.155758599610386,1.935938945170843,2.785520855280551,3.3745339762274544,3.8921236818656153,4.067313976927307,-0.0,2.7195699832479465,2.245592464532011,2.841831202321206,3.5805437936628692,3.903326678883404,2.1062108491388174,3.204756197262982,3.4344967891672455,3.1761991930584874,14.165388842679656,2.553433272576007,3.2219802180536314,4.067487958593592,4.235439101470999,3.621479715634923,2.5455994212806807,3.185502562477956,3.994931380007764,3.749082263837413,1.445710142699253,2.834101947104501,3.464129439298966,4.638846097753067,3.7220403721814157,2.1912514690169895,5.0130346679694675,3.3597676235251757,5.73079507316438,13.478486790607224,10.346620792053383,10.234394076021271,8.973205030981942,14.130349046384115,10.01936866036687,11.195933602726303,11.886853843342191,11.365750481956159,11.463497114077473,13.143882482441912,10.792189975263398,10.375089238758633,12.949015320941086,15.891463462036146,13.770712430883156,10.028720992320757,13.940978857514578,13.924699333212065,12.593208811539526,14.768774339997412,14.307727444212903,15.77396734831491,12.602456044943512,13.831123131469926,13.52429143283534
17,5.053393133256315,8.245136438554981,4.163114422398978,6.06682913817691,5.480764620469008,6.130044293742684,3.2094382669903294,3.5944485128948354,2.034286414743757,2.6479622941039995,2.7295413905366153,3.1152217206468036,1.704237403912398,2.626821454881414,2.7747777576318704,2.2424238751329932,2.7195699832479465,-0.0,0.8302410300223545,0.8415406445158365,2.3489136321638884,4.255482254389902,1.6258490017570941,1.7986468449809163,1.4987642465836066,1.5248799028615676,14.046062785447692,1.4861269492274065,0.9070654913453479,1.9612369806400598,2.23800295985989,3.7902180177565574,2.0564659277729778,1.9930214866454392,2.0406216937191033,2.3935997682367285,3.35691853683969,2.136042041410011,2.1908614941775957,3.177856747953952,3.5029352416353183,3.13693967094721,4.498965828929107,3.6595839353308914,3.906874580249512,14.97123953798582,10.786560957041193,10.560210370531854,11.5293807095993,13.671355707263471,11.079279609706516,9.383380884886126,10.74604085771165,8.54165144885346,12.46534870214187,15.00876689840806,11.638086590914526,12.542061134088154,13.32432191970654,18.65877287394211,13.59250133589985,12.486154795885497,14.514935953934755,15.38065625245614,13.431518776403328,14.727532780295459,14.535115670507057,16.525838010597656,11.70793387435992,17.491511535929885,15.928231659774715
18,5.134842131346245,7.703591065441019,4.521490355383819,6.320044664981855,5.926198275067058,6.818761249270103,2.989310259507121,4.544775267766601,2.5009327545190967,3.7664091419594175,3.4686064927489246,2.9815602465582245,2.362271012015594,2.6729621633624983,3.4849394247341148,2.7668496966491527,2.245592464532011,0.8302410300223545,-0.0,0.9180912218084377,2.1513862227521816,3.8449606368518308,1.6368663723427441,1.8843821044572022,1.6515504376539611,1.7307018395989215,13.636709607089994,1.8397456062018098,1.432470543347057,2.4295047924260014,2.2434390078628423,3.339346354100449,2.2005493316746825,1.8780692827774554,2.281054014796169,2.9786387879512026,3.0213932328568673,2.9954431683361777,2.2653067117600414,3.844085969605705,3.972140614141064,2.9798428465934976,5.774666171226348,4.560243730268837,5.208247761062639,14.946440198010839,11.982299417584185,10.891537087988052,11.001885041581048,14.123051013228144,12.091949132388969,9.599035536624568,10.778228047803983,9.034512262270365,13.561579776683176,15.030804938874802,12.68381648587323,13.09572064064933,14.468415270666819,18.44865691486321,13.417007189606048,12.429044227812458,14.050935446672053,15.839149537889295,14.276266243647141,14.341127357581113,13.949971553260552,16.029907694745926,11.896892932385907,17.400873901122306,16.019022532012077
19,4.858421739064769,7.747664749999068,4.534392395351552,6.137268823238965,5.877582256062916,6.35724637782004,3.1820077532177633,4.143171050620873,2.350121969707736,3.4016576043778044,3.0613776679270632,3.116664454649336,2.3085504024058245,2.6468920333190615,3.2664172138985297,2.9139066141069168,2.841831202321206,0.8415406445158365,0.9180912218084377,-0.0,2.7476881366390375,4.1911898654201805,2.1112169602852107,2.3204480789855375,1.8446623907779414,1.5874904202577895,14.388293317457062,2.2690126438300973,1.4316688105205235,2.465906046187127,2.6187650980501314,3.775001495305078,2.1215605405669313,2.1143182456568663,2.4519759412285613,3.021654939062202,3.2964925754945624,2.8170189045274165,2.72191966373921,4.064769641603265,4.235901660386318,3.6338515793484616,5.652439253709378,4.707727319031336,4.865220620513392,15.76362513426211,11.94328993554364,11.13396505475556,11.76248082582785,14.051517130680915,12.458785852342363,10.164713610642156,11.40667063169558,8.89499171721295,13.415395722836118,16.045580027231672,13.142018207536903,13.70764384485308,14.867628281413849,19.601630056264867,14.061024035119488,13.339380039975534,15.0287275904849,16.54127638500531,14.401015732234587,15.484121457163678,14.994619055035143,16.779422426203908,12.56307425856497,17.7855760103873,16.518213273659388
20,8.068672547068648,10.218875336711223,6.308520219697409,7.89421406566416,7.621701397319087,9.0846554183484,4.835096742602082,4.980923694573839,3.050530116918939,3.9578248686828874,3.954824533469623,4.358881941367988,2.9753015874507978,3.6810150982190097,3.01735620245586,2.4656561293463217,3.5805437936628692,2.3489136321638884,2.1513862227521816,2.7476881366390375,-0.0,4.318126141467606,2.276465543373437,2.9991858414038783,1.3641201107058707,2.6499622489579764,15.777862182475083,2.566984376142484,2.7191702887422373,1.6776004047435211,1.8160655994011203,3.806185126408779,2.375319421440072,1.2220996846538386,2.0836254086873884,2.262334677380017,3.8533824990593337,3.232537351106058,2.1539937815101236,3.6766912956626747,3.6923936448579635,3.641827882347105,5.504015737369659,4.877374967036194,5.372723511401315,10.225064562075774,12.040783592248916,11.51154724072718,10.947907957090258,16.204015425497328,10.566512615171233,10.749393628230019,11.474200054627223,12.21986640404359,15.2668798292669,9.532982152429867,11.196492300385126,11.077003348161396,13.442034396444173,15.141104878401045,14.514901737720457,10.609868957847308,13.425687371890323,12.530658667400564,15.620533370052861,11.926615452322237,16.90924969685242,15.066332045290135,13.099642452356154,16.60063079988199,16.364776710255846
21,10.160897229580819,8.639176720360117,7.154437010441212,10.424205026476406,10.415957951397733,12.034938783398813,2.1064799646376557,6.344214681378151,3.8157323034167283,6.373930433522279,5.496727219641802,3.6411841548724633,4.522839695564199,5.300116601340492,4.939415384912152,5.0666708441301616,3.903326678883404,4.255482254389902,3.8449606368518308,4.1911898654201805,4.318126141467606,-0.0,3.0498316612548746,4.353147475908276,3.8163013664169245,4.037740007307348,17.759158980391422,4.0776146472497485,4.96603985426718,4.817121829083764,3.9653790250955976,1.3802521125503773,3.7492249531099606,3.7186184259688804,5.885584648004795,7.272429549442785,2.8350754783148684,6.855157050849184,4.631862591479336,8.25405384040842,7.132642267140096,2.205410539992354,7.5665668412612375,7.477988073762676,8.67952809224436,16.639201118934015,14.513836141169056,14.28786998479654,11.834397295984166,17.003033604384807,14.171203824021275,15.728798276710556,16.723475456921292,15.610282102743327,15.200817284790828,16.98812381382848,15.110595907987403,14.449557892050773,17.25840938285532,19.24297436735662,17.208012053655313,13.05316387201715,17.295368378120845,17.044234459466796,15.722114024611619,18.624201514645847,18.128665687442524,18.698809439175122,16.127408106887856,14.146862986271733,16.276993284845975
22,8.041430792703231,9.510436508147274,6.061556427530962,8.442182628676424,8.094707503754545,9.392350065319532,2.650532248788417,3.980735268837723,2.1236686365318724,3.425263224222035,3.140235955308477,2.596039425720973,2.2117060705249054,2.8547500786644084,3.193408508464691,3.169432490449768,2.1062108491388174,1.6258490017570941,1.6368663723427441,2.1112169602852107,2.276465543373437,3.0498316612548746,-0.0,1.3456451404563587,1.176936116337004,1.5174132696451654,14.872906542628941,1.0167399850021572,1.4114279864427808,2.4861412873549855,1.5026759852573135,2.475369915415637,1.8530161000077496,2.1555083596150415,2.9303140043933773,3.363070522123152,2.2747033041737033,3.174262279481373,2.6952935842074077,4.517568726689812,4.508080037501011,2.4587523533930256,4.626363189366792,4.541589697256113,4.852347176331511,14.4913206433424,9.945691801662319,10.879156723534928,11.735279580674986,13.346507015394847,10.048596234833017,10.437726663081845,11.404055652199554,9.301541079440787,12.50539496062578,14.783002730953905,10.687448560995145,12.262408717847336,12.714760043564599,18.2568327736957,13.236692031031069,12.045057185259903,14.85740301568257,14.391335257693688,11.843677207568023,15.068319075843709,15.376349900768911,16.634477442264,11.45019130429993,16.098390748628436,15.844844467366825
23,7.045814770046489,9.701652866575067,5.295217413943535,7.692932760255873,7.2157911945421,7.646043078501777,3.7581310866144477,3.943994760694729,2.7753270882200614,3.364509851469823,3.3897772201089955,3.8398028972007237,2.5005526561117746,3.5682597055142944,4.078898506682332,3.7851029620689305,3.204756197262982,1.7986468449809163,1.8843821044572022,2.3204480789855375,2.9991858414038783,4.353147475908276,1.3456451404563587,-0.0,1.791264749119173,1.1896656555289231,17.600543976279166,1.2412064955831135,1.717823711052649,3.2660067845209904,1.5984921384464759,3.4701778738098485,2.2795465403333743,2.4489094436005114,3.29612791970668,3.5989927434297004,3.8109528391604757,2.7944851756737212,3.5071275584918578,4.759616814623108,5.290847471899055,3.5505427627769577,4.410709231852198,4.959534393507217,4.18682633866678,16.422481664599648,9.065314677063357,11.312069924790983,13.562379609692005,14.675341613679635,9.55866366835368,11.624255835132844,12.413965409721904,10.233130823253978,13.931009108779037,16.674653779339913,10.072275716997535,14.243710294132491,12.360145325170222,20.51582548608422,15.160785932857415,14.137573428058053,17.371063160187514,15.29475170372315,13.097540387154224,17.17800999940511,18.59704306864016,19.632635015192186,12.869708179588534,18.661110293335664,18.732749510551926
24,6.853068822048689,8.986535561912842,5.070259502857164,7.017683790231137,6.710218580432632,7.851863174514744,4.804976438137872,4.631171375029676,2.7102469817499455,3.6563629181780133,3.4091943481514995,4.1496844334887655,2.611543164437062,3.527604988307895,2.45746053670174,2.2421884828900223,3.4344967891672455,1.4987642465836066,1.6515504376539611,1.8446623907779414,1.3641201107058707,3.8163013664169245,1.176936116337004,1.791264749119173,-0.0,1.7570107159592143,17.249984790036475,1.397218459516563,1.8746935779658198,1.1837899677465964,1.2247290270337976,3.3508417407971827,2.0678901641718874,1.2982104949996145,1.7940230431198594,2.2109511007815272,3.70700256357178,3.3140868452048386,1.6872399107771747,3.3571441127043977,2.9281327678896285,3.538872728210728,5.064573793349216,4.747093704966149,5.052460263374053,12.158975067464551,11.58221399884864,12.265955230121069,12.658001720623913,16.160965988413206,9.990923202751523,10.937375214516576,11.55978452062706,11.946903950194624,13.856687778761565,11.871014216719743,10.338842135996272,9.502709519040296,12.471294658430262,16.945879113523933,14.49436247515435,10.293787725690494,14.769787149149078,13.744944948697464,14.958493005830615,13.812238785141668,18.08482196143962,16.313686611231823,13.80097441335428,17.76837588633347,18.11941033934064
25,7.670804522752697,10.352338602114262,6.364682518734704,8.569410906426224,8.428050033304045,9.10679157891563,3.3970600198226335,5.441914106891322,2.753781168058068,4.582549512977347,4.2586222889322665,3.5429103763053282,3.3986301246824624,3.287023160937276,4.07172591714891,3.3829226776452095,3.1761991930584874,1.5248799028615676,1.7307018395989215,1.5874904202577895,2.6499622489579764,4.037740007307348,1.5174132696451654,1.1896656555289231,1.7570107159592143,-0.0,15.323051727367,1.4411731803284515,1.5529703044951808,2.994042143061357,1.5384432002326576,3.3587134067314794,2.802281249170225,1.837446239038008,2.9556403769416053,3.5962876564131396,3.5628791656877636,3.6774583669611025,2.963721277931537,4.551427202834858,5.1861407539507525,3.1865879670786006,6.658838432836975,5.22686381402989,5.8542289425569445,16.534441917768756,12.994416972520511,12.08729588309852,12.578086655986056,15.143441237594896,13.566698301141638,11.022149430404832,12.128196456457125,9.905752876057786,14.480935717397477,16.753426180094706,14.055484628743548,14.661997268477514,16.11227343531363,20.527586217006622,15.036326897284768,14.265722005064529,15.718194639311921,17.63254931308088,14.940341076321168,16.144650662572808,15.921660218225854,17.587417014259206,13.487931561877971,18.64641634801351,17.905801138572723
26,13.453099236384437,15.069920719112783,15.193393560324468,13.383378609351858,14.69433625851257,13.773560276635544,13.805352823593946,12.94415743010854,13.407263470116309,13.29428358015756,13.946646213169796,13.412490582523374,13.804186697600256,9.588040650982347,13.540470263178262,13.766994777043383,14.165388842679656,14.046062785447692,13.636709607089994,14.388293317457062,15.777862182475083,17.759158980391422,14.872906542628941,17.600543976279166,17.249984790036475,15.323051727367,-0.0,14.363584023826466,14.516139092251219,16.245741469512506,18.907705297298982,17.790282339474974,16.89383765930798,16.450926915146866,16.027532153969084,14.64502120513675,12.83110558904268,12.574940995264608,14.437624952309545,13.321331134867258,12.452362840818136,14.567432237266638,10.489470816827179,9.520872748702402,10.491572548884475,1.707510154527137,4.225647179756785,9.177109874510032,6.107146553923302,7.741763956623983,4.996826776590145,5.69529037858112,6.037551812385633,6.0998434103571215,2.833302184774084,2.2392644766782985,4.52303345758594,3.630211532364729,3.869970570956806,8.028452371274431,7.667465008709566,7.009082042880491,3.7107646110024057,5.021401385141191,6.959475518025214,1.9606590631029228,2.9355305848900946,5.1301123677432106,4.247124124603132,10.941086932332183,5.600081360481672
27,8.302529542542738,10.490932517064783,6.412601006531051,8.913142725068974,8.656377543904922,9.914804848236917,3.2053132829803235,5.146035396682783,2.1864856774143173,4.120477584099697,3.7309058075615438,2.97109920688147,2.8511230131298473,2.6038036339682193,3.410928269626538,3.3192514229124472,2.553433272576007,1.4861269492274065,1.8397456062018098,2.2690126438300973,2.566984376142484,4.0776146472497485,1.0167399850021572,1.2412064955831135,1.397218459516563,1.4411731803284515,14.363584023826466,-0.0,1.0972680179303242,2.484930331373013,2.1611767298310216,3.431065942877677,2.834774094091273,2.5834064729638344,2.909970667401219,3.3328364452251424,2.9003967850499834,3.351769228931778,2.539473562834975,4.100077020692003,4.307241159710082,2.7313994224677685,5.867711464937464,4.654322568098459,5.454993070434937,15.342142458477785,12.427175749905214,11.790379582806962,12.20032506073451,14.266466869075957,12.521098917478511,10.084503309958485,10.995253506358935,9.377492956853585,13.478673936372882,15.466792964402298,13.104344353548871,13.263420578614454,15.035573199434154,19.228724252712954,14.017614808083978,13.11048907163545,14.152199364827512,16.007717977750012,13.368954923960075,14.817394485323794,14.600813120133466,16.191251180017307,12.13100610936085,17.302821451250306,16.615310481060824
28,5.001378431108684,7.531586612312465,4.442844250611069,5.756698357942688,5.2834520164863035,6.177465746111466,3.274566743739992,3.4985110931692733,1.943959280268496,2.6612450363828164,2.7008452625222588,3.2696833597792185,1.9972427902054015,2.4156219298553494,2.9778464014548343,2.8173823967655265,3.2219802180536314,0.9070654913453479,1.432470543347057,1.4316688105205235,2.7191702887422373,4.96603985426718,1.4114279864427808,1.717823711052649,1.8746935779658198,1.5529703044951808,14.516139092251219,1.0972680179303242,-0.0,2.4528367218433527,2.885494520227124,4.289310270167542,2.3652458832463648,2.487966898790966,2.7323495730740435,2.8160708981996687,3.5337863666679636,2.1130117214494355,2.647064280892375,3.714123198215073,4.159208286250786,3.4013676995635223,3.9001958864360757,4.277261689802567,3.4834161244996595,15.542610602543778,9.696123737700068,10.390568313431716,12.43080479984587,12.408998287089831,9.921108765909157,8.646943667220784,9.858208798808542,6.951151972984152,13.502621887924374,15.777852549484338,10.394710773460965,13.66340164739639,12.229765581477498,19.07000650155703,12.718904131446621,13.324896864413539,14.39939756140657,14.448766727425822,11.80268208829338,14.777585707194062,15.013694681375458,16.62383666872045,10.470993794446063,17.41806361302095,17.027656676096353
29,5.418053682143173,8.893468964964418,4.669771482668281,5.583989502048249,5.220279762008473,6.053011342561107,5.3249344570781805,4.707875693081333,2.8735606424265785,3.2426627673401054,3.458192990137623,4.826914034445165,2.9845486831005967,3.757098357795912,1.9144447512575542,1.8158527983607067,4.067487958593592,1.9612369806400598,2.4295047924260014,2.465906046187127,1.6776004047435211,4.817121829083764,2.4861412873549855,3.2660067845209904,1.1837899677465964,2.994042143061357,16.245741469512506,2.484930331373013,2.4528367218433527,-0.0,1.9414035933217455,4.361802524044342,3.275214661080491,1.6017919363682258,1.3142813372145186,2.0380678267690806,4.723741768879706,3.205411330268568,1.3726386560832609,2.585876303672238,2.3758661603997515,4.022022302412323,4.22061594976329,4.44198592646806,3.7677089118367513,11.26197967558402,10.911878822211678,11.294730749727552,12.121550173258386,15.558433247126596,9.143564767790108,9.673702906583312,10.329018012292996,10.819242889700988,13.551103772344327,10.676804491444937,9.29443108570173,8.998941542254979,11.28040617947998,16.26482257830686,13.897870156530908,10.142013817924642,13.834688292971379,12.723522398800007,14.74306267301893,12.553659183468215,17.21593406722433,15.690207124346589,12.652415476136197,17.87153783255113,17.61113822163855
