,0,1,2,3,4,5,6,7,8,9,10,11,12,13,14,15,16,17,18,19,20,21,22,23,24,25,26,27,28,29,30,31,32,33,34,35,36,37,38,39,40,41,42,43,44,45,46,47,48,49,50,51,52,53,54,55,56,57,58,59,60,61,62,63,64,65,66,67,68,69,70,71,72,73,74,75,76,77
0,-0.0,1.6226576736594345,3.6772772176517527,2.61025882981502,8.1408224288061,11.140208574765698,10.612987106867275,8.74038499399843,7.588185091087255,4.699682345740293,5.441656621372298,4.214417022455601,4.836477592550391,3.792610607463978,4.676922073612979,6.423898624445193,5.8568483027151395,6.303206746144192,10.851308808520265,10.53207281846436,10.25298227776917,9.797968421473335,4.6750533354505865,6.357523189202629,3.046175468063701,4.699125520248611,10.196011710296089,14.054851144210225,16.927862350435756,16.77983037293719,20.7485495711834,18.68656167595611,19.99440256436718,14.37253687175759,13.547042745349426,11.60119150635426,11.51941609041853,17.218915709706646,15.764953777509177,16.10734796339066,17.60117694739839,7.799845876131194,10.872743793277836,16.661005742415288,21.806453439146352,11.424144185191558,14.431317821389234,14.441117733768953,10.853897312270686,7.649813959934229,13.288004602044975,12.111350760576746,15.144044675371363,12.753470004104724,13.006515135074679,17.364893957304435,15.465089855833302,15.52407249845854,13.863980528217422,19.003558732516545,22.20497181696357,20.309879129944246,12.267649731313794,18.428890477593985,10.306119876555274,15.728758803367008,20.01028131477701,22.46543897690542,14.982749364286814,8.84244316655318,9.388023755350341,5.985088144868254,4.798593178798501,7.73752545543768,8.750693884410898,5.798655051998869,5.176793780633883,4.173002241229419
1,1.6226576736594345,-0.0,3.2015325159747428,2.0183189253107217,6.640131715695219,9.020494517047585,9.897469432847702,7.785941966429591,6.642331081963099,4.17898229468938,5.133345718137364,4.180019006621727,4.020505627111777,2.6843661132703613,3.5868344096202582,6.068010144108112,5.293734258692461,5.550800913350217,12.018472109279099,12.211100776763924,9.058729486757116,9.905808719306343,3.865231502938193,5.261291612167462,2.942850901198868,3.8774011347862247,9.617742086367773,13.283614773242903,16.751540983149894,18.305979618971147,20.632244055468576,19.20366723753226,22.121584302394336,14.021208726661065,15.351448945329897,10.48774233737892,11.397725562458536,17.910982272523444,15.307503266395265,16.524810799919173,17.929295514019586,7.097086636469973,10.777940371592475,16.012689153935476,24.781180039629213,11.36140758352108,12.789528570064594,13.137266360585125,11.45765835056454,8.420310436670485,12.52486920158117,10.995259621039256,14.776655289867014,11.64595399571616,11.455018870715387,20.6089477716155,13.54704094464299,17.232566646912005,14.763295274941159,17.09099458532855,22.69965736375519,24.4488040467478,13.204117689376899,17.426250957050154,9.888277422353198,16.20618464605449,22.740659169513023,22.64848529609528,14.23539348643722,10.484585129492975,10.555703761238666,6.255603453672125,5.496048539422152,5.916710966813046,8.612172293277153,4.587480028356688,4.553513801976227,4.648573921959599
2,3.6772772176517527,3.2015325159747428,-0.0,1.2111947053504906,5.159308424985698,8.14856472517327,6.35667446964408,5.886553900146428,2.9878728670088526,1.7329845206154006,2.402981722576197,2.0204064775862736,1.9217303902919287,1.1376525705581972,1.9395818730735126,3.026368865147302,2.820053903678538,3.679173332787697,8.053361793206614,10.303380252808386,8.226077728164913,7.366394124853819,1.7560605617113734,3.1555570637633354,1.3853673299663212,2.3056949342340403,8.174357242575747,9.92611800525163,11.715061857183086,10.397389822360516,14.803588143320404,13.740656554612663,20.913022488811862,8.571326811924123,10.324120008246053,8.06223873246297,7.974320137124725,10.909113642260555,13.222079245830988,14.463641730497304,11.839492949477998,4.674342579689837,8.296239240657972,14.631066900141604,18.049794636336934,8.096003040565208,10.755916663781996,9.219207877979294,7.018791913638492,5.56573563498519,6.904495481365721,10.448512334615002,12.297157887708487,10.457634727406925,7.977282097788324,14.466897683191506,15.160605493639695,10.135403841345523,10.041289116093607,15.41437196794852,16.457584096707098,18.95484231417083,7.668443422716317,13.114244492564394,5.365461931910531,13.458559887016575,18.006082994502346,15.901404836433446,11.019582458557165,7.188281360579876,6.951218286358758,3.205334829914265,3.09349705892715,4.609310128385176,6.130468075744305,1.979477593182777,2.8983787700284953,2.9673208481659734
3,2.61025882981502,2.0183189253107217,1.2111947053504906,-0.0,4.533511053606724,7.156591032088023,5.908242902830145,5.3703759682566306,3.5564745476411903,1.7495900978407377,2.4811142687915075,1.9381182913402892,1.7757342767799063,1.1347155429987588,2.563728423818284,3.516442285914167,3.1384001344015244,4.461638044345916,8.842718285665889,9.322149132882354,7.9959098794893055,6.585449196750284,1.9663624614118003,3.3129076294610775,1.1614767076568167,2.5526170301180864,7.243019578208403,10.032401658611974,12.079560572601036,13.647043590665778,15.98812341656121,14.050692342224162,20.091890029895875,9.311002437445701,11.285801932290308,7.206216291052066,7.551892131945314,12.809741814011565,11.893679909378982,12.249355656195526,12.663430960910556,4.475663029936002,7.509983399120322,12.93140153292567,19.515094095088326,8.403669199208478,10.303002825520737,9.578048776139005,7.612576852152427,5.267732121895819,8.076958086044693,8.87811995489072,12.471834544599881,8.834043658314174,8.552167037101754,16.364341139670124,12.716773007702784,13.146344025626222,9.914679846748456,14.037233907628245,16.561808769513302,18.86910660810868,9.671173145909695,13.291532554108604,6.132817892916932,11.9745340954466,17.513194854705215,16.23835907287045,10.747564137541243,6.891954567448683,6.5389567857446345,3.515111221721092,3.4342239562426524,4.833710414772114,5.277302964568991,2.4330140031440677,2.984918462019379,3.2792892314896265
4,8.1408224288061,6.640131715695219,5.159308424985698,4.533511053606724,-0.0,4.807461862640985,2.172450379186848,2.327490921908901,2.7518371150293555,2.624465677079324,2.6446135390767367,4.311496395610142,3.056007950031237,4.025391527395213,3.741203802935248,2.9082739421919643,2.1596546345517034,3.5626948131171514,6.271609094068724,7.175896049966344,4.889431376490278,3.3099360894032652,4.659111303333516,2.38233199863281,4.5937765120196685,3.197203988328497,4.588580851059615,6.974343211849138,9.624084803173437,11.853326266849301,15.359243157982055,10.443844345383647,20.535231841936593,6.861596636755708,9.633605577832359,5.48725753566395,6.221897860466603,11.27075288759455,11.187325926065506,11.496315878208557,11.328125793009907,5.056071539698811,5.94664476189919,10.050792901913137,16.59251851463213,8.973839313084254,7.271471528413083,6.862763996583362,7.328456145019803,3.865497618574735,5.36092814820891,5.8646146539030894,9.641458150746177,5.95235144630936,5.7134282908674,14.161912136669251,10.026852523142225,10.337978807892943,7.926038643962523,11.436268737595928,14.513625120138707,16.03470323892413,7.25207320052444,10.337153559158898,4.59473055301559,9.70704355161613,13.472361755558927,13.787117292312304,9.000151190652295,4.525037720626736,5.403995726880722,4.745146772814105,3.2651260036100678,2.632826287400202,4.998336678514816,4.575904964261229,2.7640304667318865,4.125671275321789
5,11.140208574765698,9.020494517047585,8.14856472517327,7.156591032088023,4.807461862640985,-0.0,3.8624128960566186,3.886666558039081,5.52861614712875,6.185400806183791,5.05749416244245,7.69645557687751,7.273149756176633,6.062269784636907,7.344095707833654,6.608012131476473,4.846317794379242,5.867840641785703,9.944124545368732,3.3191856587607034,1.055011016619686,3.2292700500554257,7.727557266248887,4.038759016470724,7.489757571512136,5.41624288101506,3.103941061822403,3.6089552931779902,4.282616958008513,7.114135408810916,10.510640823562076,5.399039299687512,27.343212478217392,3.5540957405720297,3.615757262676478,3.031596970800353,2.770548833836175,5.2759307340994335,5.0514333927506305,5.894584473927098,5.096231388222454,5.7455586064074184,2.677605582501238,5.021259979441533,11.618332584953842,7.56857111924814,3.5434603579254507,2.669230532584304,4.959825493496843,4.111075364948096,3.934397312016558,4.851283034427753,5.204246746869991,3.137100217657993,3.508435848994302,9.735464092759678,6.871578201898724,5.887189514955406,2.964800707804435,5.24943502151437,8.537936794245187,11.257070278479588,4.6729723555692155,5.318057536952072,4.006913889438966,6.2182237221733025,8.606453922943814,8.037171561308904,4.292334522215129,2.821406420847394,3.9663017930344835,8.422105455236657,7.083251607322384,5.116237372077986,5.231264870068558,7.7235800028634625,5.331429537968681,8.112239335076186
6,10.612987106867275,9.897469432847702,6.35667446964408,5.908242902830145,2.172450379186848,3.8624128960566186,-0.0,2.8124493185529373,4.366314847239165,5.19407080891733,4.56672158548274,6.0642790005692175,4.304456086626767,6.005423546250375,5.8222776543441,4.313111373227224,3.079222459699402,5.223253761558906,4.71285699407719,4.938364510396737,3.3251125023378503,3.7083529477219757,5.84357880779244,3.9685634929713154,7.459040607534435,4.4147965771897075,2.674525722169664,3.7179535268434836,5.565800572009451,7.808395116164768,10.477002561026897,6.172291782440779,17.134611507696782,4.844669141386189,7.419237099418417,3.8307116678105384,4.699055026465677,7.703297934582536,8.32954438153562,8.282070553139757,7.802956443543482,6.146824145446435,3.7415304067821586,7.917996644818371,10.821523152772413,7.802122003911796,6.42237059790647,4.077037985670188,6.626997112591114,3.0553724397411766,2.404720024735133,4.015548809039525,7.105201569374037,4.104879946929123,3.502699294988898,8.974305242478485,8.574658308863768,6.2643367541127635,5.273953956804316,8.47000127423631,9.580512431736153,10.78376401727826,6.9528337167078345,6.098701121045288,4.223338369717808,6.233434480876466,9.125189167588813,9.0741147215556,7.100639791907076,3.6072700287768713,4.410420855865086,5.743438228446275,4.679159054668371,4.445794893593212,6.059673480762581,5.7525740426905685,5.406581602019647,6.6688118531743825
7,8.74038499399843,7.785941966429591,5.886553900146428,5.3703759682566306,2.327490921908901,3.886666558039081,2.8124493185529373,-0.0,2.645405666309144,2.77607124973222,2.7541846423836627,4.6234193785726205,4.576659903828134,5.170129738942993,5.4476968022563454,4.4240195719525435,3.07038798634581,3.229847268845937,6.976005812726463,6.158928435138085,2.9213849260170996,1.7205963678604035,4.872197730199435,3.2057911785877575,4.720864205938476,3.715142839311158,4.009624478944211,4.705835732985503,7.1330567106796305,10.061930012454933,12.317632354614915,7.115520218606705,22.18698067881378,4.491363214448533,6.922149565360884,4.3478818282800145,4.07584625209835,8.758638995157524,8.388285790581033,8.598187023574464,7.931531205678165,4.674488744010258,3.8619268607512804,8.641248118473179,13.574258703085228,7.170296265520299,5.101503248720818,5.0110626922373,5.042666091764912,2.482871691510196,4.620742939049244,5.045048795439826,7.071386756907097,4.251898451187549,4.15511841331727,11.852717147979245,6.833670750714805,8.413213390215551,5.749726878111257,9.795323059040605,12.622761125189232,12.68526170573741,5.333862902828921,7.350257919331061,3.193899289624631,6.901511784929585,11.995844272352969,11.852376230062061,5.959055546957472,3.287795097848799,4.304064923461837,5.485985080891222,4.537237021670067,4.109975238001758,5.096381580903787,7.10683727234095,4.14538186620912,4.294348909727655
8,7.588185091087255,6.642331081963099,2.9878728670088526,3.5564745476411903,2.7518371150293555,5.52861614712875,4.366314847239165,2.645405666309144,-0.0,2.758138024033141,2.265539896560639,3.663643771311534,3.13035068187471,3.1068795505788023,2.966064689588238,1.7779661430191296,2.2111031449095466,2.607321891851741,6.893139832386511,7.44395383213925,5.052742727567808,2.9568166668457443,2.050914747169077,1.3894786319864119,3.5474932101903254,2.2603144672509705,6.641865183627856,6.279922691127938,7.512694199869346,9.234944208337662,13.343610960723078,8.93623206837137,21.52814180539209,5.549856972224448,9.316870409501643,6.8696229746011035,6.070349642650536,9.255600903904309,11.669767406349038,12.841657113756005,9.013133751243652,3.925695883879114,6.549485883272167,10.831560497715163,14.188694284584816,7.174008325159017,7.663850079838272,6.206042585300892,6.198753317782518,3.8712268195807544,5.340572350882426,8.025737777049896,9.933908151057269,8.278993719417796,5.461510634361313,11.162540807920218,13.13238006092464,9.170429872881943,6.774594652436018,12.84962028317283,14.121393520039797,14.92754368960524,6.105208321827659,7.963289501147729,3.943374183303644,10.639758827787036,14.114903755042507,11.642265061570265,8.077210560080768,4.242455332992431,4.602081995387931,3.3735618010922175,3.351759269186749,3.520508733110541,4.196662173102329,2.9300227243360717,2.743774975174735,4.089724933028064
9,4.699682345740293,4.17898229468938,1.7329845206154006,1.7495900978407377,2.624465677079324,6.185400806183791,5.19407080891733,2.77607124973222,2.758138024033141,-0.0,0.9432710396800121,1.3701187001836515,1.0657573249531997,1.4785852693057535,1.7663972031623243,1.7492700076169097,1.933836708864207,2.6533577283036363,8.934997284069635,9.032996359712435,5.5909265854205055,4.0407507577397945,2.1369926447834153,2.4653875606728914,1.594312912731471,1.4996332449899517,6.620996956062298,7.860421627265032,10.89889627680009,14.622063909980959,15.523846764097135,11.196323327923567,21.368093766395845,7.632775726763257,7.465948257272797,5.547068726611421,5.660632772391591,11.98667450682119,10.097914808762644,10.420281984769122,11.289771133792327,3.4424107575987106,6.930329519443593,10.66527582123093,18.309168079149543,5.987188490927032,7.280295746776621,8.03275964680194,4.902866806451917,4.555187059378685,8.034081684310712,7.705437365954236,10.431544945484168,6.648947258356628,7.181488431905376,15.973697896801404,9.705172356770913,12.403752113238749,8.921317783063184,11.42601558924317,15.393704700684502,16.51467583173215,6.840712598604412,11.945384253135861,5.422492823526802,10.320038162399626,14.20500431308215,14.98885991694563,7.5283286581774655,5.516295038293836,4.689563520473013,2.4334809059606872,2.109805913256101,3.545765795229196,4.3609167574807985,2.8268681758715504,1.9663965856570451,2.230436618892726
10,5.441656621372298,5.133345718137364,2.402981722576197,2.4811142687915075,2.6446135390767367,5.05749416244245,4.56672158548274,2.7541846423836627,2.265539896560639,0.9432710396800121,-0.0,1.4342692394408745,1.3619088912523336,1.6534711156146902,2.474061891957718,2.1217126239984934,1.7671048960062126,2.2285461769906822,8.738164653352825,8.25716294496678,4.849846289205046,3.5018427415915543,1.8639989078176793,1.6786597218010928,2.214640769372886,1.8655260797387274,6.194251092096088,7.844091004243332,10.17835444536955,13.850167187891273,15.626445765497644,10.848683232935693,22.06761941199522,6.538973245885225,6.531912598032943,4.561497244683735,4.45024202456723,11.530725023357865,9.161026792609816,9.846401325470742,10.378274420733517,2.260092274853517,6.909379011205951,9.803777293426226,17.587711426303688,4.293638021217656,6.285820257445168,7.3268649037857685,3.7101184698732435,4.280591039288497,7.348451395956739,7.875918689957986,10.214641710445331,6.228243965800803,6.85735601816299,15.251238306646702,10.628797937405475,11.766355931745293,8.214230177700282,10.412264812644041,13.894698901871537,16.194380345238784,6.224526983600855,11.512469688876124,4.74529641472904,10.51931428929588,13.0975036859749,13.887153876567156,6.609156298155313,4.811350061825065,3.5416152802324996,1.9003772899446976,2.0717435892423275,3.5852632106418896,3.756846056494927,3.321825495513636,2.3210671147161497,2.487841276093269
11,4.214417022455601,4.180019006621727,2.0204064775862736,1.9381182913402892,4.311496395610142,7.69645557687751,6.0642790005692175,4.6234193785726205,3.663643771311534,1.3701187001836515,1.4342692394408745,-0.0,0.9145522955628629,1.5151173640780553,1.6778157080001816,2.4350000282879343,2.078739640742026,2.648484141858671,8.478773287990961,8.745301040338353,6.316166246569921,3.7006769536657496,2.065138474774602,3.002170013037375,1.4247841171495192,1.5872329306096709,7.240843468028902,10.787152688995867,13.101879856057304,12.745474649204393,18.0322184041889,12.292859674143102,22.637577533654024,9.0173093127778,8.164051758311794,7.794491277839918,5.971916109786958,13.122985309266962,11.911985862525786,12.22925290530639,12.4620507278885,3.8878149509601374,6.930844595375848,11.683712586195663,15.888659068445884,6.035639572066689,10.047446878423788,10.842306165578137,5.422883136531806,4.147779290859119,9.067555433762546,9.401111107890653,12.354523806697634,8.416463720565474,10.007981738296811,14.301046907541757,13.972555767252555,11.154657423776186,9.320005044408218,15.37047263461175,16.541356592800415,14.63413464569402,8.495834035349663,12.780230715589086,6.187106903770996,10.671295393199248,14.883010680761513,18.00646046554463,10.904714825585243,5.352756503409729,5.074031033096236,2.331504745176238,2.3606238723376882,5.152169648775909,4.729816368632008,2.7280924183035538,2.839674053646469,2.709620438514097
12,4.836477592550391,4.020505627111777,1.9217303902919287,1.7757342767799063,3.056007950031237,7.273149756176633,4.304456086626767,4.576659903828134,3.13035068187471,1.0657573249531997,1.3619088912523336,0.9145522955628629,-0.0,1.2788265695814407,1.3637282747493313,2.224182260720941,1.919112866364202,3.3540499213429817,8.899826683754732,10.438725399094498,7.280596804159599,5.168706855043236,1.9248598428450716,3.2089809895082078,1.9008479013078845,1.9144424982988553,7.415438873449426,10.820011074758881,12.580924154433546,14.891420776764974,18.24848286370239,12.956487167774425,21.059113063193983,7.690237069887381,8.97297681004301,6.419551248653368,5.545762761209862,12.941802274992316,11.76184225140932,12.339758300478538,12.03560316346245,2.931193762430305,7.272547686226271,9.660496519965198,19.740860851875972,5.713380763277412,8.304868552516337,9.531673756869042,4.858848961710429,5.252378986272029,8.210802451710297,8.745927047326367,13.624080434491363,8.322757108084595,9.273302413086439,18.121548516826017,14.759795608655786,13.305514464426931,9.483574295005765,14.03933497467251,15.472564217271175,19.492966268945956,9.205486574410857,12.94818800162595,5.369863345027278,11.922981735161601,17.423067374522876,15.837311203713472,9.895991791713302,6.759278585737883,5.477130160337013,2.125892849415239,3.1152448340383123,4.701345282979586,5.072504836964717,2.4539109762594915,2.4524260128849433,3.406910779727266
13,3.792610607463978,2.6843661132703613,1.1376525705581972,1.1347155429987588,4.025391527395213,6.062269784636907,6.005423546250375,5.170129738942993,3.1068795505788023,1.4785852693057535,1.6534711156146902,1.5151173640780553,1.2788265695814407,-0.0,1.7536374089435247,3.759482545996666,3.102931780271863,3.697668728140026,8.082586446549337,10.664947729668796,7.443758334583727,5.950246870360589,1.5805861765148461,2.1093821981252474,1.1572323994069849,3.2939092053234797,8.677698052826633,10.29116150472875,11.29857796819676,14.433430823150108,19.361167634954743,13.613033382304353,19.94859637457328,8.644275988720397,10.399498753291926,6.20288970608101,6.438114433629603,13.462921138864555,12.339186346563773,14.46116428398939,12.338439703019494,3.415819867589407,10.004125691768373,13.251209756277907,18.59468780810027,7.305614001561349,7.8323127092097655,8.196850928877957,6.4643978235154,6.593840157042753,7.008007773585401,10.925516292996406,10.57040956682904,9.251980573175285,6.896298291758959,16.046781135538684,14.513750474524155,12.421168672414167,9.380849869565532,13.514308289707499,14.212317175238729,20.648660733471587,7.96440732560181,13.245275767116569,5.772431255941446,14.68504011481291,16.26419310626796,14.530368870374735,8.782982658366562,6.771250990286354,5.337042044405277,2.8181131392028025,2.7876916671974583,3.8099280021139297,4.652879370497136,2.0814455022407827,2.9740739766922957,2.8945517646623005
14,4.676922073612979,3.5868344096202582,1.9395818730735126,2.563728423818284,3.741203802935248,7.344095707833654,5.8222776543441,5.4476968022563454,2.966064689588238,1.7663972031623243,2.474061891957718,1.6778157080001816,1.3637282747493313,1.7536374089435247,-0.0,2.1128482764759586,2.4531324109014885,2.885880799875206,7.59151742321107,9.109467252695323,8.145039674040095,6.441230518812787,2.194332477661945,2.4847721411961863,2.161572614973945,1.8429071567602933,7.734862977600958,10.50293632405365,11.943346336018726,12.421199609765868,17.822035376276673,14.313186099381342,21.201118974838007,8.783887402619571,11.245291500362718,7.745556442858958,7.36336440674962,12.392961098784347,13.166286950894676,14.514107849412243,12.476520787629216,3.8488756794900034,7.697284927453257,11.753787513066825,18.026515430771077,8.500423234100785,9.184237592926404,9.399176478335272,7.431017884596676,5.0764664224881315,7.44295723603163,8.861649331848971,11.84961347412316,9.90250520042812,7.955796120044909,15.416575716062047,14.381937932961694,11.510951018714907,9.149277200094126,16.17456964797914,16.262212306664384,20.16850507462431,8.700763276676998,13.351981701676896,5.183553855288451,13.446992551862081,18.438150294626126,15.90475923447598,10.845323999879536,6.244538665590298,6.06892629302567,2.51103963883261,2.5734395875345064,3.6782465781016556,5.128030576401979,1.7460232844975625,2.3343555869164105,3.2750995556084033
15,6.423898624445193,6.068010144108112,3.026368865147302,3.516442285914167,2.9082739421919643,6.608012131476473,4.313111373227224,4.4240195719525435,1.7779661430191296,1.7492700076169097,2.1217126239984934,2.4350000282879343,2.224182260720941,3.759482545996666,2.1128482764759586,-0.0,1.7548229533709165,2.7691209599985145,8.13439341670418,8.182081061856296,6.664840247810457,4.821293296048813,2.3612647637350794,2.423878898051677,2.6244417427709608,2.30853531553791,6.921647472536163,8.069632520973379,10.527163086595753,11.681439637171083,13.185010144991512,12.449491079807592,21.868037130278033,6.556121971145311,8.835821119463066,7.103800007172764,6.101601135058748,10.146022193851572,12.706384836884958,12.822954565394008,10.900488141891604,4.089167024789268,6.178493467787471,11.071975602130642,19.829092982298263,6.881270349903943,9.353918913638815,7.969198388016258,5.7350462916114635,3.8393296290630916,6.973933034151401,8.37602893410091,13.365980552497218,8.83245697535791,7.9943967036064265,14.947235081821054,14.17954771760394,11.710531795782023,8.821994864501363,13.539606257670622,17.728396661352637,17.14877106397564,6.728513646175775,12.135675501401167,4.281425862575435,11.789232419714637,16.54456170724878,14.791292991822202,9.577765767472114,5.203530416003426,5.030400880065204,2.0602861967355475,2.536894048279279,3.9857418312797446,4.27921270171076,2.9375029684599534,2.022094453319034,2.9241069327554325
16,5.8568483027151395,5.293734258692461,2.820053903678538,3.1384001344015244,2.1596546345517034,4.846317794379242,3.079222459699402,3.07038798634581,2.2111031449095466,1.933836708864207,1.7671048960062126,2.078739640742026,1.919112866364202,3.102931780271863,2.4531324109014885,1.7548229533709165,-0.0,2.4804219778474557,7.893156791790773,7.310624066792311,5.156855304447982,4.01482655875796,2.8189968596311923,1.7211129329988524,3.289061904817258,0.9880813854400315,4.62200136087895,7.82520888040209,9.759091740440967,10.280673400660975,13.582384904511894,11.141436591376896,23.325644353631695,6.599311242267417,7.818283453400062,4.670815507039069,4.8407812711509175,9.862180888721882,9.539029458007086,10.041815051438055,10.274912557596506,3.71027316795268,5.050080100558818,10.431012670509418,16.644517095160026,6.048540809930386,7.9225582694034795,7.231469500486978,5.273970499102697,3.3204921160458483,5.3800670900457686,6.822222606935399,10.471845944817872,6.449679248883106,6.44705700803435,14.02212736333826,11.29251730397649,9.485348967913076,7.438243602517297,11.382363370980888,13.163145444497218,16.10777188517633,6.313798488053281,10.789164025399904,3.71028947685534,9.40114337283769,14.594971879484838,13.609621658388228,8.577987964187825,4.667051841782604,4.495684756890987,2.798311400662118,2.7702331074861166,2.9855937331248503,4.614192860487494,2.879040576455745,2.402477436998216,3.774800225872221
17,6.303206746144192,5.550800913350217,3.679173332787697,4.461638044345916,3.5626948131171514,5.867840641785703,5.223253761558906,3.229847268845937,2.607321891851741,2.6533577283036363,2.2285461769906822,2.648484141858671,3.3540499213429817,3.697668728140026,2.885880799875206,2.7691209599985145,2.4804219778474557,-0.0,8.630591277663571,7.872804316862842,4.938614306661413,4.152891726713575,4.292478361135819,2.397489875715909,3.696888200714694,2.322882135750665,7.275162095703922,8.814901358217593,10.576244427032602,11.88974096951718,16.042347738956536,11.98819490895405,24.576192228851657,6.868781599574394,8.720359376417502,6.707195628087859,5.778513942259444,11.495948795720233,11.354332730133692,12.641540109611006,10.305183964643224,4.29449447799709,6.298115748299377,10.990250101815837,15.203251630189774,6.567770455710898,8.109994612790672,8.017551849416597,6.380345410654501,3.634241581903631,7.09295751109633,8.561109466579829,10.926184159573625,8.287589068077708,7.6383334965071965,11.494309613292911,12.875145733235815,10.190861442194494,8.689907668114923,12.994818279457645,15.967635080135032,15.393680121103571,8.176579482110872,11.12758992933944,4.679519991168903,11.366561983837173,14.19290312005427,15.883344711454182,8.73776689718566,4.954433532155648,4.665143402845221,3.36287643467252,3.099306465372264,3.6646192135392273,5.0928659456139656,3.392555457921378,2.68343008465345,4.10923724845088
18,10.851308808520265,12.018472109279099,8.053361793206614,8.842718285665889,6.271609094068724,9.944124545368732,4.71285699407719,6.976005812726463,6.893139832386511,8.934997284069635,8.738164653352825,8.478773287990961,8.899826683754732,8.082586446549337,7.59151742321107,8.13439341670418,7.893156791790773,8.630591277663571,-0.0,9.82675153352003,7.78213935814043,8.617296745829849,8.826569189389327,7.109556900117112,8.53101366914062,7.7749756687151015,7.592772226320317,5.682144532290287,6.903646009627581,14.44068182318204,15.421552406956978,14.429976745639273,5.333831980928222,8.072259458186211,8.99230227453981,7.439258812824311,8.213552911018276,12.645743401518141,14.33998782239647,9.385129349752898,8.076291874287918,8.415655911436781,8.680457692707769,12.726305575177781,13.727901889069388,8.702554874581173,8.10991564050749,9.060130931938026,9.346622549859958,6.733933149372027,6.82352021555701,7.869402769154616,9.318412733171185,7.279156906563205,6.983429105426908,9.657450749390758,11.093304209710634,8.500537610715892,8.906374887829259,13.370556247811527,14.527294516353084,15.486007236219976,9.407359355406875,11.634081988409243,6.813093171987041,11.382978483197737,13.708870498378989,14.063717290410876,7.911533748939269,7.939381696871854,6.44877589888761,9.304258549700636,7.640758297047964,6.262361880958032,9.635318420513325,7.397046659959449,8.684884298609518,8.731595205324469
19,10.53207281846436,12.211100776763924,10.303380252808386,9.322149132882354,7.175896049966344,3.3191856587607034,4.938364510396737,6.158928435138085,7.44395383213925,9.032996359712435,8.25716294496678,8.745301040338353,10.438725399094498,10.664947729668796,9.109467252695323,8.182081061856296,7.310624066792311,7.872804316862842,9.82675153352003,-0.0,3.068318605032895,5.6352602225865445,9.70679284582712,7.964356155465555,8.211347185998617,7.271116869738251,2.9510666748986853,2.9083167450926557,2.0829111576650674,4.082282628207895,6.322095999299199,4.382089348525943,26.219767373067242,5.450115668321262,4.869569817967018,4.103362023728156,5.594629012477451,2.7341567921594403,3.4841046018334363,3.564862909216964,4.22185579610529,10.61558480066752,2.9992851821190367,2.8103240655269626,6.914344450234019,7.131797388932416,4.663089413752217,2.4418758651478796,7.893031074806517,5.202503872388233,4.48905325159633,3.5530057191262454,3.7783836920445437,3.890375231698381,4.009129322573922,4.822519591770662,4.528523563832459,3.361175989745185,2.548376191631813,3.7846074196405746,6.632405249083452,6.16071113222757,5.568233967615045,3.2194648948389,5.803801579381443,3.5796489457920777,4.722121456785071,5.180650738054127,5.152428218455312,3.5377254960638957,5.9894949852545745,9.024322644637895,7.990797099506307,6.899114530667987,8.53948661070716,9.892849629097785,7.04043465410837,9.742130854441543
20,10.25298227776917,9.058729486757116,8.226077728164913,7.9959098794893055,4.889431376490278,1.055011016619686,3.3251125023378503,2.9213849260170996,5.052742727567808,5.5909265854205055,4.849846289205046,6.316166246569921,7.280596804159599,7.443758334583727,8.145039674040095,6.664840247810457,5.156855304447982,4.938614306661413,7.78213935814043,3.068318605032895,-0.0,2.3440374497939427,7.782262409978713,4.922738568695743,6.684200904856044,5.962622083615977,3.155112445001188,3.8110124744677036,5.188503143863716,7.033088451337134,10.95394967130798,5.552852389227112,21.881608687777835,3.123956119941112,3.2570875852094763,2.576729876887142,2.5406692097781436,6.253855634809937,5.5230664823251185,5.477416797354582,5.08956426803787,6.092745314328688,1.9718664255205274,5.002866389982832,10.071749740298467,6.2263320073968655,2.7800819557305374,3.258200427687892,4.6127529255009945,3.3989648045777368,3.9254087426476847,4.24146004618739,5.023994501516595,2.855174239619348,3.638131044210116,8.070221474230516,5.89494694926998,5.537629887826726,3.824518716301066,6.656343123272577,9.848981414481607,9.575839749847455,4.057077623870685,6.076311615821045,3.3451791696606996,5.461787464278645,8.013132482583103,10.151931916286193,3.869623480891293,2.4376038192971277,3.879257506970321,7.1173763493800495,5.998281936768895,4.8753714194931375,6.069933173741048,8.95598842570681,5.498449539219842,6.196353859138628
21,9.797968421473335,9.905808719306343,7.366394124853819,6.585449196750284,3.3099360894032652,3.2292700500554257,3.7083529477219757,1.7205963678604035,2.9568166668457443,4.0407507577397945,3.5018427415915543,3.7006769536657496,5.168706855043236,5.950246870360589,6.441230518812787,4.821293296048813,4.01482655875796,4.152891726713575,8.617296745829849,5.6352602225865445,2.3440374497939427,-0.0,5.490130895309755,3.569787157076821,5.487297807409574,4.189237655277796,4.47284479768548,5.2734034026391114,8.101548046572818,10.636534116172234,13.640796726906698,7.9116415875884405,24.1814101909525,4.57981308276082,6.076666172150695,4.64042239104333,3.810634503513775,9.583561322728592,8.695277511002773,8.76236154824213,8.650670347276064,4.6636606114307435,4.3264341628320695,8.530999634810128,14.410381801265581,5.787085790251991,5.175793320824009,5.8899339954983505,4.559314735400388,2.825823445644871,6.05769784217788,5.716643083495012,7.833661703717357,4.355140796143682,5.210629590664142,12.067375721256443,7.75525538119898,9.022027543555154,6.280178948047135,10.099653376013062,14.092600014041752,12.115372053434516,4.394353805909948,8.693594334330811,3.640705754104174,7.701193715580337,11.239793851666276,13.608286803101329,6.172608909381092,2.418806167228334,3.094132944551093,5.192655232750983,4.580884671477521,5.014567977899824,4.44339270868374,7.133886985638966,5.129929609943607,5.479865381272514
22,4.6750533354505865,3.865231502938193,1.7560605617113734,1.9663624614118003,4.659111303333516,7.727557266248887,5.84357880779244,4.872197730199435,2.050914747169077,2.1369926447834153,1.8639989078176793,2.065138474774602,1.9248598428450716,1.5805861765148461,2.194332477661945,2.3612647637350794,2.8189968596311923,4.292478361135819,8.826569189389327,9.70679284582712,7.782262409978713,5.490130895309755,-0.0,3.0811545078806573,2.2146715972709905,2.117466683168102,8.505152562369021,9.07786287825223,10.136689565934653,11.999816060492757,15.304992964752866,11.631205057532712,19.495280506888136,5.378722189793926,9.4043135412268,8.429708215617813,6.56470763077139,10.388245986176774,13.119771406297401,13.63880369366677,10.0167567354833,2.3868744085854274,7.343758546995177,10.380059920831034,19.31896463126689,5.97061556041832,8.64761612646299,8.399243251458694,4.679056430830129,5.570782766188493,8.414250715352079,9.272999464882533,13.286713560407021,9.886513544446663,8.461488308256449,16.29225575996513,15.466974652849474,12.557582500315318,8.430497693870048,15.067170161444391,17.213111891111474,18.66933981049573,8.012459631416402,10.90101022732254,3.931261610686848,12.622943377555236,18.45882560210281,14.200292511545605,9.45953137953042,6.625160821152289,5.783807804280377,2.4466000442279237,4.19345944334514,5.100846389870031,5.030254046790811,2.5705052045870693,2.8264006368311545,4.577887531311982
23,6.357523189202629,5.261291612167462,3.1555570637633354,3.3129076294610775,2.38233199863281,4.038759016470724,3.9685634929713154,3.2057911785877575,1.3894786319864119,2.4653875606728914,1.6786597218010928,3.002170013037375,3.2089809895082078,2.1093821981252474,2.4847721411961863,2.423878898051677,1.7211129329988524,2.397489875715909,7.109556900117112,7.964356155465555,4.922738568695743,3.569787157076821,3.0811545078806573,-0.0,2.7846271035354526,2.2336469271608506,6.555132120873179,7.830424259673755,8.764581373398668,11.131395285322654,16.909929539062087,11.628290730612777,20.87164160474039,5.773694837403769,8.24204941594494,4.5321056028733935,4.646645683099419,10.83059037264608,10.436504537808096,12.211400532230646,9.9788073639984,2.6475983355781008,7.514207723487061,10.742179825188215,15.668503374655334,6.087602907299776,5.755040953182614,6.080271276567373,5.070338995105995,4.405222269189531,5.109025932082174,8.672870806338462,8.126187557627906,7.210676024939939,4.968339849705872,12.828760186366079,12.252272159711312,9.307353257046653,7.058030993857902,11.299642019535371,12.415185084720898,17.87185582442501,5.224688882778288,11.00340850753064,3.382218876190324,12.412295319203269,13.626523282976148,12.529371982285992,7.257708874743893,3.92094202595331,3.3244435573219833,3.6102188243751625,3.210053467568467,2.815330545597702,3.6778169561278795,3.1449407251550348,2.220696695121664,4.281646571229052
24,3.046175468063701,2.942850901198868,1.3853673299663212,1.1614767076568167,4.5937765120196685,7.489757571512136,7.459040607534435,4.720864205938476,3.5474932101903254,1.594312912731471,2.214640769372886,1.4247841171495192,1.9008479013078845,1.1572323994069849,2.161572614973945,2.6244417427709608,3.289061904817258,3.696888200714694,8.53101366914062,8.211347185998617,6.684200904856044,5.487297807409574,2.2146715972709905,2.7846271035354526,-0.0,2.250070430039863,7.94816077782345,10.434952987827556,12.71083197964707,13.18518143831968,18.595568069070595,14.707849330220416,21.915638776141847,9.500860264942865,9.95331359958479,8.067943130447723,7.553609212035474,13.75336920315762,12.585684152891053,13.031463039126288,13.351140767684692,3.644989419816501,8.060588251582244,12.24061277101231,17.406264692749335,7.881028663843539,8.763726069924305,10.170241648883264,6.807851029432518,4.873507453970637,9.714897222913608,8.927410866907532,9.904751778316122,8.910602627833475,8.611792707843888,13.980533489773132,11.605856556181664,11.742993394448598,9.857453770103032,15.470421940442892,18.223116831206124,17.838085454968798,7.967002428212501,14.352317847602096,6.137027926748704,12.98533484273907,16.494878411201817,18.23841984464041,10.359477882997606,5.683843890334447,5.539879807331173,2.493075029232813,2.235654369631398,3.986875347862056,4.625289842711098,2.517802358240531,2.2580206154122417,2.1421608559432186
25,4.699125520248611,3.8774011347862247,2.3056949342340403,2.5526170301180864,3.197203988328497,5.41624288101506,4.4147965771897075,3.715142839311158,2.2603144672509705,1.4996332449899517,1.8655260797387274,1.5872329306096709,1.9144424982988553,3.2939092053234797,1.8429071567602933,2.30853531553791,0.9880813854400315,2.322882135750665,7.7749756687151015,7.271116869738251,5.962622083615977,4.189237655277796,2.117466683168102,2.2336469271608506,2.250070430039863,-0.0,5.3179195058993765,7.944626620058156,9.990457683442887,11.176601419549609,13.32854066080106,11.977191026913804,21.394190803862607,7.403631647156545,9.255003879653202,5.8447762297798205,5.331852816294858,10.435875640532117,10.13174833933473,10.546165016840769,10.647072492671331,4.279413733659618,5.198422260862906,11.358754082497779,17.245686662751154,6.422163985067112,9.117576042157234,7.871368555398109,6.21687854033304,3.3067966264032487,6.230017880910681,7.315050799599162,10.852772907026047,6.993798447960748,6.988557165593586,13.806734056528615,11.238507772844784,10.547471306388035,7.695347269075129,12.693048405779034,15.070629356275257,16.123511918501702,7.503827287136773,10.844178293528273,4.022544076455179,9.762231224532039,15.571794397856396,14.592870079389472,9.263708744775945,4.757226049954635,4.753937108169208,2.890339192605489,2.608516180542052,3.572244295801512,4.192213107859973,2.7747847544724595,2.246987627250056,3.590854881564091
26,10.196011710296089,9.617742086367773,8.174357242575747,7.243019578208403,4.588580851059615,3.103941061822403,2.674525722169664,4.009624478944211,6.641865183627856,6.620996956062298,6.194251092096088,7.240843468028902,7.415438873449426,8.677698052826633,7.734862977600958,6.921647472536163,4.62200136087895,7.275162095703922,7.592772226320317,2.9510666748986853,3.155112445001188,4.47284479768548,8.505152562369021,6.555132120873179,7.94816077782345,5.3179195058993765,-0.0,3.633227741886358,4.352972353024519,4.553784820279992,7.778437811475879,7.512132247817898,23.69310991227383,5.4035125628883,6.682856646548541,2.6285032570740503,4.226284308792104,5.292199558959969,5.559791890093022,5.780092041682869,7.02606984157318,8.585331598903183,2.3131773263121658,6.15849725845858,10.321747324673563,9.30803864511638,5.675000525330072,2.941136414811635,6.844527641709315,4.0256559111459,2.8277180572748057,2.2815858790377526,3.9490713788104173,2.2130506427208334,2.898734420397734,7.026304127571318,4.268550275549859,3.6723900339511037,3.9205843504770534,5.7668483325009,8.075607080496507,10.333233210254493,6.881964435814145,5.805650719233544,4.752400032264872,5.262083515151754,8.565989533667366,8.006975078606624,6.780058404119006,4.007953265092921,6.119406637309943,8.518738943687737,6.910644487207674,5.539661046812314,7.930439319405492,9.036522457484013,6.35925920850515,8.111746014057438
27,14.054851144210225,13.283614773242903,9.92611800525163,10.032401658611974,6.974343211849138,3.6089552931779902,3.7179535268434836,4.705835732985503,6.279922691127938,7.860421627265032,7.844091004243332,10.787152688995867,10.820011074758881,10.29116150472875,10.50293632405365,8.069632520973379,7.82520888040209,8.814901358217593,5.682144532290287,2.9083167450926557,3.8110124744677036,5.2734034026391114,9.07786287825223,7.830424259673755,10.434952987827556,7.944626620058156,3.633227741886358,-0.0,2.026444455192813,5.720598957404228,6.419518823830488,4.777523255662973,11.04618373371816,3.8156864302430518,5.925100386536423,3.113393635648358,4.884227666318811,4.3690922843385405,5.31129984054012,4.3015175789341855,3.607554834171063,9.332559420176558,2.894011920675721,4.90092505946854,8.29543479066745,8.193926981206042,3.926259452006152,1.838968953700358,7.899012469649524,4.547322843883228,2.882101398490996,3.024924355292414,3.523668633961714,2.746992175352384,2.4205243265299057,5.475219881364429,4.927090098649062,3.8279111961274137,2.72489725415183,5.713470231872544,7.9867334386990665,7.552609431987725,4.683034190360785,3.8119195761115003,4.126676409388269,4.633320215841594,6.4557866942263225,5.776999950311249,3.6208157175449887,4.16198079447293,6.0527226044382765,9.25985348305886,8.015168348852118,6.918924920456345,7.7007309960537675,10.078666033470919,7.430650139863646,8.936559566646508
