,0,1,2,3,4,5,6,7,8,9,10,11,12,13,14,15,16,17,18,19,20,21,22,23,24,25,26,27,28,29,30,31,32,33,34,35,36,37,38,39,40,41,42,43,44,45,46,47,48,49,50,51,52,53,54,55,56,57,58,59,60,61,62,63,64,65,66,67
0,-0.0,15.50331729550515,4.450782400066659,20.014064365400085,21.37537325470708,14.066009640372155,15.16275988269184,15.030546054336423,13.858225580991075,17.20388808230183,17.33057976435879,15.42732618226562,12.36941756601653,14.006293812083957,16.009782102637867,14.860443518702626,18.38949825246167,16.922353131499595,15.976041884895544,16.451273580495247,15.995213907679679,17.220796397645906,12.699776795929262,16.564268841882274,15.937793199081892,1.0914953715587845,16.854538580532672,7.285744950648043,16.72662646727018,19.309887970907123,15.083346692617695,15.82296552355078,17.429440129207315,21.42330911953677,20.53839935196371,18.934258390942517,16.130107306297813,19.37039845660453,16.44506981420213,18.783662923331477,18.971583177189423,20.81055317936742,20.607763448698858,19.41382091257833,20.039962208178153,20.92116696865726,17.802613550855522,20.59066246241352,16.006324962635084,17.0263225243874,17.82488602398845,21.435392710991852,15.363876859356438,15.913880825854935,16.501512628259754,15.520697274958083,6.515544008681339,15.426543042465791,20.451330253184693,20.65949462365978,17.259362780382094,19.8834886124625,18.890170436139183,12.42102829421516,11.165479833593936,14.121540794328668,16.394810996419128,6.199705793459613
1,15.50331729550515,-0.0,11.139992899990949,9.170661394381508,11.869538150284557,2.224267340736255,2.1477812741135462,2.8208758676511474,1.7061379445206917,1.6798218509881278,2.4070678137866683,2.2416193971345764,2.17403269067059,2.3499020492052987,1.797719696059013,2.1351972122977836,4.673718545280163,4.702598894051423,4.133005929404917,5.612452806225664,4.737077916377687,12.427635764387793,16.125936071610877,4.633327136596354,5.629365585900148,17.51539440367247,1.0375893131178715,6.430780930732566,4.733158226906646,10.223493556637195,1.6687161031649407,2.556424250850363,3.017292147977008,2.9936269313089907,1.41297427182022,1.9983892123628302,1.9790026513002754,1.841361559737882,2.4687172485562017,1.76111135684808,1.384481545982114,4.801164175399526,4.969928850137348,4.3713921424958775,5.793583466900927,5.272816459644705,4.140016375621555,5.263982237497375,4.165069102049439,5.923942889453926,4.392620689826534,29.302039023924888,5.149856625988771,5.10790263485902,5.407694995030084,6.244483023175447,19.10489033701861,4.7839228868365975,12.584884274036003,5.9851902731276265,4.6691593472005914,5.348981267525433,5.601793721206652,6.041668534706749,6.179919217760179,6.416401370830418,5.33751745085814,9.203827469940828
2,4.450782400066659,11.139992899990949,-0.0,14.769719367149479,16.267684983016444,9.194702810003369,11.65814260550502,9.462941404986472,8.934215266517105,12.614163053175746,11.311849973645788,9.931953068063304,7.444759727412744,8.91406839818814,10.738951927271358,9.70055779889923,13.986157670791322,13.820002056132342,11.726782758128996,12.390192136954507,11.2536155250344,13.968602549575607,11.88337321581827,13.440171898786833,11.567500474271368,5.028698123345019,12.405528528730969,3.089358932034262,13.099447002061796,15.300580839645985,10.187828656139716,11.681241148672019,12.607237458290927,14.248200757048087,15.30048183317992,14.271251047168246,11.364973284150993,13.537249254671949,12.319232629014826,15.136107462304688,15.24782972522169,17.299181409627508,16.915844319620923,15.782525041103337,16.23464590804575,16.90604198105704,14.777725437448959,15.995678988569681,11.535788077687366,13.191049894698866,13.67637573283171,20.044043398700698,11.024627652619142,12.669364639117786,12.111280188795309,10.597210108079743,8.268719489749564,11.302809950373453,15.969949118905758,16.007486551102613,13.024717234764232,15.660817543329276,14.355180972799323,9.051075795699234,8.433809307325923,10.357692984313001,13.441692607349083,6.4745618972649215
3,20.014064365400085,9.170661394381508,14.769719367149479,-0.0,7.361341426022095,5.615485396396473,7.755388614582882,7.6714439311803195,8.350165562745019,8.377054862664219,8.446808311253992,7.831028380604921,8.33680201739763,8.051527909455286,8.897383870907644,7.871285327805904,13.328707551964127,12.194204263085389,12.436277817157478,13.976144333118762,13.432303380289365,15.154984166816105,19.55578281581753,11.826324580277225,13.507644394047343,21.29293151575216,6.202363908907363,9.952289878231039,5.827863103661174,8.23593050015286,6.847905711276471,8.642662699703303,8.665816084650224,10.281237901673702,8.55137138604968,8.264331103938561,7.321425194919008,7.1015616500482315,8.755926677654276,8.562820293632546,7.06491834911146,12.646900097349317,10.961011531636974,10.57927001294196,12.65322922221699,11.514536669658897,12.85112319951132,13.365545187427198,11.930078274916887,14.25732121957449,13.122521199879126,28.699114617838934,11.560406696269911,13.195042872953476,12.897698545874318,14.134187740710075,23.118108137936186,12.925256965329858,12.239349249102183,12.400017381223902,11.690437819074376,11.36931873223954,12.650333992978124,13.314534800584637,12.22531868411496,12.81463772426719,11.504304276384925,16.00668744159785
4,21.37537325470708,11.869538150284557,16.267684983016444,7.361341426022095,-0.0,10.336322333910827,11.672968264425014,11.01774672577462,12.120942357974837,12.980105974107175,11.744099118340168,12.261421627088392,12.509993292981836,11.856896374528288,13.444691104132286,11.016656940776508,17.003179770939656,17.02143337280814,16.792045445507497,17.805207388958625,16.455150354423225,20.35014111713633,21.32814598868545,16.644174152789553,17.997636246692622,22.167853546018343,11.222586846200292,12.822141092045182,10.577285796676463,1.7273463742159332,10.944803044910977,13.530991739539948,12.579966642551215,14.391382081129844,13.08341169178213,12.105054380398512,13.526631105206121,13.519064103945727,11.253773266334642,13.371398972855621,12.631045666464146,17.588241872026224,17.504189140780138,15.736771539680216,18.75995999817648,16.336341226209353,17.012898550292014,16.377236612870647,16.150907808368643,17.73142359679657,15.949980461409385,33.23957431026539,17.21245318815185,17.25141751338207,17.689087105246355,20.26269671779986,24.98022486683068,17.147679063081885,18.554643435576992,17.807958951116532,16.73364132851023,17.400956695869954,17.718458493423153,17.246166293016508,18.646191559419776,18.399835953182187,17.816100080017947,21.085397485000055
5,14.066009640372155,2.224267340736255,9.194702810003369,5.615485396396473,10.336322333910827,-0.0,1.9002796403781381,3.025275700887993,3.069406354094906,2.1793174564299163,2.291735817343461,1.647390876724544,1.543655865052347,1.799481714848191,2.324153637653648,1.5909611153708725,6.001328799917727,5.8632068257612495,5.361644665608244,6.985512984251534,6.203493269373892,10.7666921742959,15.719347050045872,6.0455942840175405,7.052348075406068,15.785724956120731,1.8581136961811744,5.349745521009572,4.148059178601462,9.407958303118491,0.8043792979223027,2.9879807385942017,2.9380933510141585,3.7617343662432483,2.5523719362206063,2.2337076598357335,1.6344802501796545,1.963056065142071,1.906536313249188,2.9068821727561303,2.0922501296940594,6.271374152650165,6.3453177609869025,5.4530391747610265,6.924751725908583,6.6668461775384396,5.579568577690118,6.913437496755323,5.509124741927272,7.190144535441392,5.858013539572305,22.186517417792118,6.132929408940836,6.611586965422038,6.853082663381293,7.671770586156212,18.714585648606306,6.264064269185329,11.505440828988704,7.323098016252688,5.936703808271263,6.506708215895387,7.0449579981211015,7.295044786242333,7.107883560859826,7.808380324898259,6.467209634675238,9.773285096970842
6,15.16275988269184,2.1477812741135462,11.65814260550502,7.755388614582882,11.672968264425014,1.9002796403781381,-0.0,3.3889330036381016,3.646125464404927,2.350114600444354,2.198577614111042,1.8033841997793867,1.7384367240921246,1.858802515834486,2.2833690343165784,2.3561709467820764,5.653114749281042,5.777415182105046,5.336330863389707,6.836391583300636,5.984706990624055,10.079560139440305,13.662146064339321,5.516060253139276,6.844312796984978,17.13161486471616,2.136941161289482,6.127144155662811,4.373512588861755,10.363334868544817,1.522571574135249,2.9560664204702722,1.927576363658816,4.008988119688291,2.1493621646540397,1.5792303497436857,1.300579326879207,1.6116129298966928,2.338705393744171,2.582511221853684,2.102302378684536,6.093642892095727,6.021956218860979,5.299677151022486,6.9506407322763275,6.552723399434949,5.089174770281448,6.488809457110963,5.32993524627171,7.290183229776541,5.28421931437124,24.023367095369668,6.011650733018936,6.331197109472834,6.44857160358645,8.405352623660486,18.639914967744655,6.212072120584503,13.94939378679407,7.083278348676721,5.547446215394183,6.587061673582844,6.898309090503556,7.843135467890819,7.378180052429134,7.5210140043004285,6.41380696989183,8.822597060595953
7,15.030546054336423,2.8208758676511474,9.462941404986472,7.6714439311803195,11.01774672577462,3.025275700887993,3.3889330036381016,-0.0,3.9497108948497113,3.2593024149094174,1.5417281534482923,1.5990089544217057,1.8835113212825771,1.7292042866892512,3.149781349031926,3.119475704895147,7.107986849552069,7.31597604800535,6.932434966508067,7.906396285640006,7.110354631716435,11.060002270249077,16.889978668484808,7.2797002511529465,8.11252329519554,17.150410550597137,3.777393998897842,4.971982608509211,5.4328940464415085,9.606328616705435,2.7212708616562002,5.55629144574752,5.963389067035357,6.998850782079705,3.6882426977684752,2.3470449113272025,2.0292882034809816,2.3913561183733143,2.1167563922125052,4.067655143031163,3.2848159406672472,7.092457230762502,7.507756302552372,6.8632380308009395,8.169151905213043,7.217065853941695,6.800597657288848,6.989636483597728,6.439197156528782,8.186221454189926,6.298468340610186,28.52651292568581,7.830826262607359,7.4811752542761765,7.48989957624491,6.997781656262984,17.588227542011374,6.657502170703774,9.851198125975474,7.844525769380136,7.139973783797762,7.325831591604361,8.095154118497259,7.428887845266138,7.56427026518668,7.675306227233771,7.9793077306964,9.21461846179479
8,13.858225580991075,1.7061379445206917,8.934215266517105,8.350165562745019,12.120942357974837,3.069406354094906,3.646125464404927,3.9497108948497113,-0.0,2.0565083570453324,3.1854105013006397,3.1369720684004356,3.0869060218663393,3.262758300745062,2.072312113767902,2.512514292679886,4.854174374762276,4.890112606988562,4.650159557402695,5.605616828302082,5.024238836350619,12.402734188495776,15.475862597100493,4.897774142623508,5.729702340501549,15.406287126346323,1.99614275164286,6.371249278147962,5.745609375027527,11.892527047300584,2.471569254505525,4.137774267713962,4.968215615259108,4.188775708407152,2.706567559843365,3.002943806135386,3.0009478898222617,2.8551551581284276,4.635612560007366,2.354799869700314,2.3885397881950765,5.160774446080615,5.276712992325972,4.784860352892012,6.1891128604010115,5.567989867251496,4.418846274534921,5.551033493068028,4.48012172878901,6.147714879926507,4.306633685723808,28.922427061325774,5.134078509083528,4.891827732870867,5.307350837943381,6.508614193086393,16.574522903844056,4.831494633916653,12.912693342234984,6.342362473877829,5.083531429173845,5.414996462097286,5.651794916447794,6.46833176952927,6.229799559250416,6.455712914765195,5.673898602288331,10.3748209350117
9,17.20388808230183,1.6798218509881278,12.614163053175746,8.377054862664219,12.980105974107175,2.1793174564299163,2.350114600444354,3.2593024149094174,2.0565083570453324,-0.0,2.233718731157226,1.9571174987281448,2.060651853932625,2.231378389372984,0.9795969043030046,1.6180423450736734,4.595013352186961,4.5144733796280185,3.9548903378340765,5.509371375325333,4.916455679336719,12.256084249471211,15.04715339151898,4.745335299423005,5.52258578740212,19.580676390865705,1.872863148724274,5.424603272328412,4.677484949685473,11.061227752743312,1.709925852040138,2.9544219702201477,2.9216623831205064,4.066678376881987,1.510980914007073,1.7844490825832895,1.9235117722113892,1.6216089046591584,1.915029978351873,1.6076644492407504,1.430227609960845,4.514864077989369,4.673062796901187,4.4326900673425,5.443412426720789,5.423616628856089,3.755232268282132,5.651001774329811,4.6190964112155575,6.1416478811888435,4.34704173001032,27.67396094120001,5.045166471919968,5.137584636562943,5.368640240145236,5.61974899824418,19.095393990233227,4.740501380946924,12.189197351985024,6.103157147683083,4.821585208649025,5.60602180958856,5.635828789460014,5.807359166926309,5.925400119850806,5.9692940471059694,5.402479039759196,9.95692363179141
10,17.33057976435879,2.4070678137866683,11.311849973645788,8.446808311253992,11.744099118340168,2.291735817343461,2.198577614111042,1.5417281534482923,3.1854105013006397,2.233718731157226,-0.0,1.0491485749808234,1.3257875014608398,0.8634686688167209,2.5200813161602698,2.132434538552609,6.364475296219691,6.427234769147574,5.958827007703833,7.2261817122962215,6.317649290477366,13.095613150388614,16.026927613894628,6.083801509083007,7.450627226107024,20.052855187670723,2.7458574191229137,5.045466341727183,6.191723679306115,11.427668951696525,1.7378793565731825,4.234062218269039,4.07385200388375,5.775216470760014,2.587122631135458,1.1321512045461366,1.2435341666954505,1.5030851584288005,1.2161026437152176,3.2148808572031973,2.497387564009098,6.60730710167607,6.512035856308084,5.915183523804774,7.3224454790077385,6.6659715768524865,5.718907185519258,6.617477745612148,5.849373974345773,7.781161222471898,5.5171037891001475,23.973079819697638,6.883457842031573,6.8918813751243055,6.635570093957363,7.3068825332104455,18.651936048051144,6.358566727619312,10.428051688357316,7.13040674155266,6.265207266964115,7.049536422367524,7.549843588632071,6.687075068787116,7.207579894744958,7.242433946957337,7.002579850209642,9.253987931152436
11,15.42732618226562,2.2416193971345764,9.931953068063304,7.831028380604921,12.261421627088392,1.647390876724544,1.8033841997793867,1.5990089544217057,3.1369720684004356,1.9571174987281448,1.0491485749808234,-0.0,0.7272001164799796,0.8479377717417309,2.128056183058592,1.9241363002913967,5.861941127114531,6.1258257569511505,5.533551402487967,6.974275497570531,6.156605290580548,11.480452983187257,16.244781482909485,6.260293878601792,7.111378463564353,17.99039813410535,2.534688829659223,4.8567069312889695,4.364320122997489,9.97886213904708,1.3512389086675158,3.66265523517009,3.6406830187183488,4.853010514652027,2.4942165394794267,1.3576556306322487,0.9743601050245144,1.4819492134766596,0.9858456143323903,2.9925149098867823,2.3544088598710156,6.204550799748729,6.402366863867801,5.744816123789454,7.1309330668156425,6.617346780687276,5.567870203154674,6.6845627975094475,5.624118305893594,7.356323944019116,5.629211771371168,21.46316584368856,6.478813522670389,6.60680737106516,6.679137516916606,7.02617147679298,17.926511531857848,6.094290268840019,10.952335868701539,7.206787061304298,5.960705802721464,6.6821294596464345,7.195235837929484,7.255736045436113,7.118911753445145,7.365729255655619,6.957799765735677,8.699396513615893
12,12.36941756601653,2.17403269067059,7.444759727412744,8.33680201739763,12.509993292981836,1.543655865052347,1.7384367240921246,1.8835113212825771,3.0869060218663393,2.060651853932625,1.3257875014608398,0.7272001164799796,-0.0,0.9743621148856052,2.0148753898078966,1.6030844903879617,5.904403107776498,5.79753448369276,5.278005430653351,6.842830239673011,5.815843771239189,11.998850253627088,13.689419436824164,5.960443291502023,6.960724296657769,14.313455877020512,2.543680721200267,4.093813603974446,4.686697034066931,10.322451038920399,1.25948225315045,2.9968766838039516,2.9761178406896076,4.2617213475392335,2.8584774741438372,1.79900754441874,1.224902094419016,1.8021320855099745,1.385807249943514,3.199118763275637,2.581445653122037,6.4822024661131135,6.570030061894402,5.936941243519015,7.20061080245712,7.002253838427648,5.622048987056606,6.757918901170253,5.370721239363301,7.391797866527176,5.7928342692617765,21.31732880030463,6.280089993890069,6.620333647643399,6.527774454186329,7.41308098896949,15.270158554013388,6.088214067318935,11.417814688407004,7.39562124103472,5.9467201159849905,6.884237690330068,7.222292352424405,7.153489634130504,7.229126309182246,7.514429606599537,6.504208025266164,8.527465589634787
13,14.006293812083957,2.3499020492052987,8.91406839818814,8.051527909455286,11.856896374528288,1.799481714848191,1.858802515834486,1.7292042866892512,3.262758300745062,2.231378389372984,0.8634686688167209,0.8479377717417309,0.9743621148856052,-0.0,2.4108312719224623,2.049590540878838,6.201155828027697,6.3085411998825665,5.710827365855069,7.0758236554536795,6.197242241855649,13.097772569852108,14.882179441296923,6.279970824441721,7.042454484080444,16.11530156205104,2.593357617863575,4.458650378440689,5.762186384241841,10.911116528381429,1.30980998256173,3.709347536701118,3.3763076090962243,4.863806386560566,2.729015895352784,1.511903843907092,1.0355687912295541,1.644779300833655,1.1637859270818347,3.12831079520073,2.5186309024732365,6.5267576076324945,6.479400650344659,6.033732768706095,7.27984450335728,6.676420270287566,5.679964582312692,6.723362609263621,5.83043891892817,7.607077344173136,5.722778486568411,21.364522266665396,6.6686026663081694,6.770497208333682,6.668978408447936,7.42898793762938,16.644487051816814,6.435979271894191,10.653952361816353,7.232053005778544,6.230775725027856,7.029808434624653,7.267887052171031,6.923231638897045,7.256339469497447,7.247715237382038,7.050295538761608,8.667408078886757
14,16.009782102637867,1.797719696059013,10.738951927271358,8.897383870907644,13.444691104132286,2.324153637653648,2.2833690343165784,3.149781349031926,2.072312113767902,0.9795969043030046,2.5200813161602698,2.128056183058592,2.0148753898078966,2.4108312719224623,-0.0,1.4473546363887957,4.170813364260356,4.237832004279678,3.730340552773232,5.072090767344259,4.517267771725515,9.53589753567821,16.29046475934675,4.631839770661612,5.164209167828925,18.52899239612562,2.129947047149013,5.540533864970586,5.369721589490831,11.23893677562269,1.9243696620981,3.0406803725471643,2.657028085409979,3.2371237021001225,1.6343902041101204,2.241190223830739,2.0539050797919134,1.826839464766039,2.373536350884104,1.3763380796320464,1.5033491020940055,4.334448759143491,4.360348322716871,4.220516291978302,5.238633958449841,4.942241348796946,3.611289308208788,5.16975099337047,4.121393684551475,5.654205773349534,3.823812820740186,25.988251179349472,4.787515002850693,4.7886467042724545,4.843327984316734,5.478761118661394,18.410860148381015,4.303883283675157,11.842109495919479,5.575768213141461,4.5278899940424635,5.164914089189805,5.210777469750165,5.647403745742861,5.724866838872748,5.706991098763447,5.166165361685025,8.893693539416603
15,14.860443518702626,2.1351972122977836,9.70055779889923,7.871285327805904,11.016656940776508,1.5909611153708725,2.3561709467820764,3.119475704895147,2.512514292679886,1.6180423450736734,2.132434538552609,1.9241363002913967,1.6030844903879617,2.049590540878838,1.4473546363887957,-0.0,5.395483444332876,5.0729048066306,4.952602577293565,6.406861109352701,5.205228376463424,10.872757988264691,15.548783084843715,5.299331535712992,6.6779082625779465,16.807323054333022,2.249731439719536,5.1357318373950465,5.334761832537616,10.249980537076485,1.4239912692793828,2.99251448572235,3.3347521971297773,3.815623448852997,2.5303380734371483,2.162636304496723,2.1318101897873265,2.2618590688650637,2.1584457887107042,2.590764378715256,1.972008462397383,6.021384206387668,6.024710750647241,5.247488172523821,7.004008374876702,6.2075749837409075,5.350677740217086,6.243536352640976,4.894646519434675,6.958383235587559,5.122534150388282,23.55056572472403,5.7245179546304765,5.867033107705971,5.8880473281973105,7.663730392214187,18.152712693749322,5.62675658894332,11.588610372241988,7.055988798410698,5.5944516903032016,6.4078577262507395,6.93385757634515,6.8225660250534705,6.859567211311299,7.313482500399703,5.926694779682408,9.492750887712214
16,18.38949825246167,4.673718545280163,13.986157670791322,13.328707551964127,17.003179770939656,6.001328799917727,5.653114749281042,7.107986849552069,4.854174374762276,4.595013352186961,6.364475296219691,5.861941127114531,5.904403107776498,6.201155828027697,4.170813364260356,5.395483444332876,-0.0,0.6826162625844789,0.9875494886227388,1.1978537142332115,0.7588946480498917,7.596149805902991,17.862928023522592,1.3243155592927305,1.2586691837275312,20.72510705914896,4.924511693554242,9.167095925535518,8.395817061830689,14.692346046425111,5.657011936834459,5.50306089635526,5.092630602523159,3.328290509839412,4.352204506748092,5.674892393722577,6.032832999548107,5.800484405924085,6.142555586943644,3.626319695892324,4.471217244493085,0.7617466227511395,0.9333525877595623,1.061298909601034,1.2993852503739367,1.0361756054676166,1.2394931729350482,1.1767813479969809,1.1773809771046202,1.5273864985357168,1.22449630290384,25.399602718322257,1.0229430231553125,1.0551052652929527,1.181667751866473,4.240241772247044,21.74394498736877,0.9460646322873562,16.720930880005465,1.5420779411608319,0.9741887771775215,1.3396618622377834,1.5431267293015944,3.681571163259336,2.888189072790197,2.836311938479937,1.366036692477775,9.920433833504125
17,16.922353131499595,4.702598894051423,13.820002056132342,12.194204263085389,17.02143337280814,5.8632068257612495,5.777415182105046,7.31597604800535,4.890112606988562,4.5144733796280185,6.427234769147574,6.1258257569511505,5.79753448369276,6.3085411998825665,4.237832004279678,5.0729048066306,0.6826162625844789,-0.0,0.9383346111104701,1.3597980214630576,0.7587085686245069,7.443256145144378,15.974586607119642,1.1553777565523278,1.5065559665912378,18.402364049905515,4.713190033607535,8.775474948304216,8.507308343316968,15.257693016624678,5.484507903834067,5.283556118446218,5.627191540373442,3.382929181909737,4.344236512174891,5.630132837181739,5.943435019187716,5.783876495209036,5.962150118429851,3.4878752014631846,4.136412878241203,0.9314104844767571,0.8957532748823398,1.1273926424670824,1.4793076731142711,1.175597990998482,1.2837306254324898,1.3625907064443912,1.119282572790255,1.750886424839124,1.2981568959504257,28.35539416030605,1.0572121756225168,0.9249281560255348,1.1053009892438073,4.540279613866005,21.665207081050315,0.8845109628342482,17.100449503884303,1.7132712401457908,1.012751809564862,1.3052299695711966,1.6678038811497835,3.367140488416512,2.6952777188288346,2.830482293207975,0.8963869725833851,9.871130984422553
18,15.976041884895544,4.133005929404917,11.726782758128996,12.436277817157478,16.792045445507497,5.361644665608244,5.336330863389707,6.932434966508067,4.650159557402695,3.9548903378340765,5.958827007703833,5.533551402487967,5.278005430653351,5.710827365855069,3.730340552773232,4.952602577293565,0.9875494886227388,0.9383346111104701,-0.0,1.974205352678663,0.9940479283179006,7.99021549771178,15.283061692103114,1.3736894358311182,1.7710990071156967,17.539699361254133,4.34533648809961,7.353406683687276,7.240869478100148,13.977496439516583,5.211315289043338,4.710411894532459,4.909764471939798,2.897703284361123,3.666039413025322,5.040462372667952,5.400342942992514,5.147241761703047,5.107390279744856,3.034976405202965,3.7538987265323,1.210268110640661,1.4427463757066192,1.2981521793204804,1.9502063739811482,1.882536906026144,1.0748704252061254,1.9140493625365285,1.2260224024190232,2.337619503898658,1.463807705789028,26.161099124126142,1.6353281539710776,1.7330576500237451,2.080669788882041,4.178507396243063,20.67794000478102,1.450720278729139,17.343757026798148,2.3693591631636557,1.2351633558134152,1.9629319241757077,2.2115782963745523,3.071424671741336,2.7741763587722343,3.0380957765245884,1.800665059977341,9.323738878739807
19,16.451273580495247,5.612452806225664,12.390192136954507,13.976144333118762,17.805207388958625,6.985512984251534,6.836391583300636,7.906396285640006,5.605616828302082,5.509371375325333,7.2261817122962215,6.974275497570531,6.842830239673011,7.0758236554536795,5.072090767344259,6.406861109352701,1.1978537142332115,1.3597980214630576,1.974205352678663,-0.0,1.1465957544922558,7.862174873668388,16.967238067845965,1.793768388580469,0.8638603187830447,18.240236966284346,5.77275399289846,9.073295133325919,10.699910300091258,17.007012875449128,6.62777620786513,6.098937654466566,6.311271878117486,4.268035345692989,5.208659063116218,6.626997591835799,6.774916093884721,6.628648222997169,6.953302147557932,4.536759502685643,5.537306046509647,1.468290948710219,1.4446707313954827,1.9425262104209133,1.0442951072373325,1.0998103585015515,2.0049786162177585,1.206224435184956,1.7425195990804272,0.8260523059990352,1.673021956614497,29.076987097167436,1.1502071431048573,0.8767614586910407,0.7189434012916676,3.981184447768303,19.788430434999427,1.0563589582073958,15.64104590612894,1.0245206457860938,1.3916778231594005,1.223684625300577,1.0848352232778162,3.31338597782167,2.4772393132969373,2.458859749077016,1.3293135376206404,9.080158534369902
20,15.995213907679679,4.737077916377687,11.2536155250344,13.432303380289365,16.455150354423225,6.203493269373892,5.984706990624055,7.110354631716435,5.024238836350619,4.916455679336719,6.317649290477366,6.156605290580548,5.815843771239189,6.197242241855649,4.517267771725515,5.205228376463424,0.7588946480498917,0.7587085686245069,0.9940479283179006,1.1465957544922558,-0.0,7.790859377626762,16.972370654519437,1.1809727459037842,1.1005183616735432,17.72475947495971,4.901487288593934,8.135348987559178,9.550959793927293,15.974129297673295,5.672945186146731,5.300737178457483,5.626495186952448,3.4317354985418382,4.506408984771515,5.623586106067957,6.3035924812443325,6.088902576444447,6.008395611821729,3.757999535514388,4.479449462926908,1.4239086505254455,1.3947565752668645,1.4365368140465091,1.646952130089141,1.3647135237331094,1.538582766449588,1.0933614152190685,0.925680455146672,1.6696327577284678,1.1903571194014455,25.015022949430406,0.9230528343135437,0.9756364965208394,0.9002449142822117,4.07814646151807,20.02820696385176,0.9226912669758361,16.58760985977381,1.6613851809220246,0.9372049390616253,1.3837400404261955,1.5770502933191524,3.0998032305495813,2.4080623821679827,2.6206695550943797,1.2047667005808016,8.866512668927848
21,17.220796397645906,12.427635764387793,13.968602549575607,15.154984166816105,20.35014111713633,10.7666921742959,10.079560139440305,11.060002270249077,12.402734188495776,12.256084249471211,13.095613150388614,11.480452983187257,11.998850253627088,13.097772569852108,9.53589753567821,10.872757988264691,7.596149805902991,7.443256145144378,7.99021549771178,7.862174873668388,7.790859377626762,-0.0,24.719112153749215,7.592878085168355,6.615180489892393,18.01403525691816,11.56998723173885,11.184405104457692,14.318077570222043,18.71480548284788,12.025185480866009,14.849865935811389,8.495766786768746,7.707610008235364,10.88368577236003,13.054220896677244,10.787355700775242,14.02871923797552,13.714322794201408,9.431564429069018,10.784054193639946,6.628149164076734,7.7271147689874295,6.686665449851838,7.517574887968561,9.161899855421078,8.179285425456682,7.915326133281184,8.654050481389596,7.578465053363673,10.562107128062289,36.33757537195534,7.911581658689732,7.963747090245859,8.40926425054084,7.862825469631928,19.863127866576534,7.441329190424191,14.33105534001564,7.9417698690954515,7.994192049072487,8.280248530435882,8.329277925500572,8.544046931045958,6.769506452066901,6.898985594408146,8.06241237357025,10.023172133854569
22,12.699776795929262,16.125936071610877,11.88337321581827,19.55578281581753,21.32814598868545,15.719347050045872,13.662146064339321,16.889978668484808,15.475862597100493,15.04715339151898,16.026927613894628,16.244781482909485,13.689419436824164,14.882179441296923,16.29046475934675,15.548783084843715,17.862928023522592,15.974586607119642,15.283061692103114,16.967238067845965,16.972370654519437,24.719112153749215,-0.0,14.369826722865497,15.718127459954149,12.517224552767962,15.933343901896666,12.418617774541527,16.331101930500967,19.305169761751102,15.94512044755714,13.277684742068109,14.070427653951896,19.332038480720552,17.22706165478236,15.004744096329125,15.467818518128846,16.96216903212041,14.432507507538466,17.118914294753917,17.044517447455668,18.445910579664552,17.96418386666798,17.705635056949614,17.684774196639157,20.177086543606038,14.89929088752771,20.779813982913367,17.2330606076974,17.37406595525341,18.036181948888117,20.654293956022602,15.31904121195672,15.986111209508183,17.653373395422065,16.384318657331644,10.833308293682602,16.15161005913536,28.88337404013321,19.964693217848808,16.476883933053276,19.684430533722594,17.907271732903016,14.023311966173836,14.309653356151273,14.595742718754414,15.634258340667586,12.621183800240653
23,16.564268841882274,4.633327136596354,13.440171898786833,11.826324580277225,16.644174152789553,6.0455942840175405,5.516060253139276,7.2797002511529465,4.897774142623508,4.745335299423005,6.083801509083007,6.260293878601792,5.960443291502023,6.279970824441721,4.631839770661612,5.299331535712992,1.3243155592927305,1.1553777565523278,1.3736894358311182,1.793768388580469,1.1809727459037842,7.592878085168355,14.369826722865497,-0.0,1.4911854583857087,18.271237680491232,4.502428854061397,7.929578665377832,10.118412024869835,16.896602858486858,5.777458800374127,4.87459612306962,5.263903733474742,3.363232148103906,4.332159149521424,5.054833890404033,6.248653027095156,5.90850435811528,5.777293442816114,3.7125590054419435,4.1032356934832555,1.4530055332465537,1.4024473700770512,1.1290998177000697,1.8134362481993944,1.5920702095394421,1.389998550416215,1.4847519393024153,0.9283163625663929,2.0954840876286145,1.2227163238367387,28.369837176048332,1.167403049012876,1.1685842484336868,1.5028833145210383,4.394598123034064,19.566459274171052,1.190439494186146,18.055280694159503,1.8959804485431553,1.0373906895783405,1.4438144414263863,1.8023654081887928,2.9075599014117417,2.6445961095769857,2.6092568650607504,1.3164217940516196,9.090921137542455
24,15.937793199081892,5.629365585900148,11.567500474271368,13.507644394047343,17.997636246692622,7.052348075406068,6.844312796984978,8.11252329519554,5.729702340501549,5.52258578740212,7.450627226107024,7.111378463564353,6.960724296657769,7.042454484080444,5.164209167828925,6.6779082625779465,1.2586691837275312,1.5065559665912378,1.7710990071156967,0.8638603187830447,1.1005183616735432,6.615180489892393,15.718127459954149,1.4911854583857087,-0.0,17.32023671363526,5.729706668938519,8.3939844083841,11.560660638095184,17.588559748980085,6.904069473430475,5.700800845605514,6.121767377145837,4.120702760775793,5.16241878486274,6.370003144835614,6.805129217606643,6.691121722367382,6.578056446261295,4.401532700712717,5.408067136854748,1.504489960705531,1.5469336250512795,1.780948283474712,1.3728669885555653,1.25696827110476,1.9673159936550757,1.390538793721109,1.5564088877099753,1.355971167505484,1.5968629743577205,28.722775593693402,1.1034065721470212,1.057904546259704,1.1034451342544433,4.43395256351819,20.292715996668043,1.2873810090286644,17.66052904884437,1.3159430992531167,1.2766280293093348,1.3357173828112503,1.2751624276598474,3.0671491659362733,2.6179440845737694,2.6056568607339297,1.6889367043642902,9.887385332438486
25,1.0914953715587845,17.51539440367247,5.028698123345019,21.29293151575216,22.167853546018343,15.785724956120731,17.13161486471616,17.150410550597137,15.406287126346323,19.580676390865705,20.052855187670723,17.99039813410535,14.313455877020512,16.11530156205104,18.52899239612562,16.807323054333022,20.72510705914896,18.402364049905515,17.539699361254133,18.240236966284346,17.72475947495971,18.01403525691816,12.517224552767962,18.271237680491232,17.32023671363526,-0.0,18.718639970113433,8.29873653901278,18.627233993998892,21.025750989086077,17.0630425690392,17.154305422396856,19.43791086875736,23.95932072456027,23.181935263189136,21.43034430894825,18.278515350030208,22.306945916547935,18.5917626792934,20.825936810226864,21.107559096620786,22.847918100353898,22.57732644530521,21.528237384406662,21.954392932395304,23.275687793022232,19.775435772210457,23.077464667939545,17.998906169314807,18.7517651623683,20.065686660302884,21.52064026801608,17.123454977183332,17.3924936989269,18.463341849192755,17.32862870563088,5.603844159335197,17.26847359123685,22.057382700331825,23.085693153946092,19.15531675696465,22.11925204890751,21.132085151268893,13.519913213171357,12.113500817037064,15.674686735892005,17.767199243544066,7.09366364959087
26,16.854538580532672,1.0375893131178715,12.405528528730969,6.202363908907363,11.222586846200292,1.8581136961811744,2.136941161289482,3.777393998897842,1.99614275164286,1.872863148724274,2.7458574191229137,2.534688829659223,2.543680721200267,2.593357617863575,2.129947047149013,2.249731439719536,4.924511693554242,4.713190033607535,4.34533648809961,5.77275399289846,4.901487288593934,11.56998723173885,15.933343901896666,4.502428854061397,5.729706668938519,18.718639970113433,-0.0,7.062281922700274,4.813753739511086,10.651731213188603,1.5237193769860944,2.4923565757805233,2.860246949382919,2.657425507913211,1.3706222328664266,2.0527163153962786,2.1222560269082242,1.9075230628923556,2.8377335701528152,1.7628825667121222,1.2743690128765495,4.909375642559311,4.7814758377601585,4.1827643661143865,5.592188485597911,5.215083751251198,4.3458160721027355,5.311806395742841,4.202383840009777,5.992547570057248,4.59271568844929,26.12916774116485,4.805872463381377,5.1572183253696195,5.337886583915195,6.856151070010573,20.905002415402816,4.99429805589372,12.993867481998125,5.832353469376394,4.531745149898428,5.0359837621157535,5.615962135407461,6.425845096909901,6.118458897873366,6.354559725007789,5.061177628502648,9.808105104726488
27,7.285744950648043,6.430780930732566,3.089358932034262,9.952289878231039,12.822141092045182,5.349745521009572,6.127144155662811,4.971982608509211,6.371249278147962,5.424603272328412,5.045466341727183,4.8567069312889695,4.093813603974446,4.458650378440689,5.540533864970586,5.1357318373950465,9.167095925535518,8.775474948304216,7.353406683687276,9.073295133325919,8.135348987559178,11.184405104457692,12.418617774541527,7.929578665377832,8.3939844083841,8.29873653901278,7.062281922700274,-0.0,7.712210917106616,11.483855721687238,5.690114486329889,7.05736060825304,7.342269021010301,9.707978635869713,7.745601312442794,6.5195112076289385,5.861832695731405,6.647339118333115,5.31711063748646,8.213314680971576,7.716136906364914,10.430555616566272,10.473860150269251,9.847757847079482,10.367458771468169,10.901612767470994,8.127344040167223,10.732133093555694,8.523555115615324,9.734389634728464,8.935718276351725,21.27897992427595,8.438887157216298,8.926239986515588,9.360587346936503,6.700768746939589,10.180785908165609,8.044205163317573,12.973269718147845,10.872133589817683,8.97487400486397,10.657996239647984,10.07053854783252,6.009181690068144,6.530566730495823,7.190135957899633,9.226632143056763,6.64347966304477
28,16.72662646727018,4.733158226906646,13.099447002061796,5.827863103661174,10.577285796676463,4.148059178601462,4.373512588861755,5.4328940464415085,5.745609375027527,4.677484949685473,6.191723679306115,4.364320122997489,4.686697034066931,5.762186384241841,5.369721589490831,5.334761832537616,8.395817061830689,8.507308343316968,7.240869478100148,10.699910300091258,9.550959793927293,14.318077570222043,16.331101930500967,10.118412024869835,11.560660638095184,18.627233993998892,4.813753739511086,7.712210917106616,-0.0,9.012535174247956,4.662792642504532,7.411300276622054,6.48963878190029,6.046712805679025,4.705658681937454,5.56195919050983,5.211358178174984,5.171120685367125,5.415146026828172,5.317771497785237,4.466218531567285,8.031408620899052,8.983436937352923,8.47173987389064,10.341520261432091,10.456248735516938,9.001200791711046,11.308613457395785,9.62188569153508,11.150870339297267,10.334618959482405,26.87282597423292,10.705362213087508,10.386612397045772,11.20045781814239,10.013190279961078,21.985734010443263,9.58601613054169,16.80867907689698,11.406009424559416,8.650627808895697,10.957628940647151,11.162933046585284,11.433714670808373,10.833612688212067,11.558200786722782,10.010473183138537,11.355376215707048
29,19.309887970907123,10.223493556637195,15.300580839645985,8.23593050015286,1.7273463742159332,9.407958303118491,10.363334868544817,9.606328616705435,11.892527047300584,11.061227752743312,11.427668951696525,9.97886213904708,10.322451038920399,10.911116528381429,11.23893677562269,10.249980537076485,14.692346046425111,15.257693016624678,13.977496439516583,17.007012875449128,15.974129297673295,18.71480548284788,19.305169761751102,16.896602858486858,17.588559748980085,21.025750989086077,10.651731213188603,11.483855721687238,9.012535174247956,-0.0,9.902307678236795,12.675441702548481,11.857253141129803,12.79476179735217,10.993463103882242,11.2678224291748,11.48932704018846,11.69221903006948,10.396939482637336,11.946289407923185,11.366167797814745,15.078255283984483,16.031338794022844,15.100812869451918,16.86506432008597,16.121728873611485,14.852614409161,16.928053315988684,15.822770998859172,16.43508633486242,16.052660433116912,31.512412453339046,17.037383111710906,17.161407438560015,17.988574150069645,17.963045853859175,24.63900143659576,15.604615377580782,21.37331092499443,17.57422904626648,15.409735124427016,17.691837719795814,17.78579016869814,17.929122661384934,18.03584880483755,18.226342481112308,17.55936434903095,18.29022726862217
30,15.083346692617695,1.6687161031649407,10.187828656139716,6.847905711276471,10.944803044910977,0.8043792979223027,1.522571574135249,2.7212708616562002,2.471569254505525,1.709925852040138,1.7378793565731825,1.3512389086675158,1.25948225315045,1.30980998256173,1.9243696620981,1.4239912692793828,5.657011936834459,5.484507903834067,5.211315289043338,6.62777620786513,5.672945186146731,12.025185480866009,15.94512044755714,5.777458800374127,6.904069473430475,17.0630425690392,1.5237193769860944,5.690114486329889,4.662792642504532,9.902307678236795,-0.0,3.052784470021525,2.8075098844383195,3.6418438804635254,2.1766700452913006,1.649277878458878,1.2407252052033806,1.5002153591329181,1.739462673866543,2.4725548782731583,1.784751751412373,5.9950995963130955,5.977573207545823,5.368110437098043,6.749379248918002,6.34931427739901,5.267761541740059,6.38581389182855,5.241891165929988,7.035239767161456,5.4670901748719265,23.0235193774456,5.958382665934253,6.265419899000527,6.1467248295238415,7.735865539364977,18.859453240135416,5.924395295139602,11.283656531422464,7.033888138420541,5.683716786006832,6.4542894969118665,6.917526153463744,7.206096347285125,7.062062782633524,7.290019621001249,6.197549148752606,9.54243531674512
31,15.82296552355078,2.556424250850363,11.681241148672019,8.642662699703303,13.530991739539948,2.9879807385942017,2.9560664204702722,5.55629144574752,4.137774267713962,2.9544219702201477,4.234062218269039,3.66265523517009,2.9968766838039516,3.709347536701118,3.0406803725471643,2.99251448572235,5.50306089635526,5.283556118446218,4.710411894532459,6.098937654466566,5.300737178457483,14.849865935811389,13.277684742068109,4.87459612306962,5.700800845605514,17.154305422396856,2.4923565757805233,7.05736060825304,7.411300276622054,12.675441702548481,3.052784470021525,-0.0,2.0796406568645147,3.0705735345878953,2.3415519516026175,2.448764761068076,2.799017112759251,2.909225134765636,2.7429294903097112,2.865102098779422,2.6435439129962566,5.514700694653319,5.171795535105982,4.986169974104753,5.972276226972043,5.649067927893566,4.56734662690928,5.825819308251115,4.577550919553138,6.350361629638686,4.765390595408078,26.81647947342602,5.154376287047019,5.4338837477382365,5.749579133879928,7.570988485424918,22.10165598340472,5.497269121572779,17.180782630480973,6.272671640582998,4.762979508460944,5.46086216949491,5.998441205544573,6.67116092729298,6.869934784480853,6.960184217825727,5.547466539273954,10.009325731348312
