,0,1,2,3,4,5,6,7,8,9,10,11,12,13,14,15,16,17,18,19,20,21,22,23,24,25,26,27,28,29,30,31,32,33,34,35,36,37,38,39,40,41,42,43,44,45,46,47,48,49,50,51,52,53,54,55,56,57,58,59,60,61,62
0,-0.0,6.305978416107907,16.99752645644037,13.651549090559554,17.561414173323634,11.429940155497189,8.636351148815342,16.466740284497156,16.176237919272598,16.054416090112415,9.314341050683732,8.483151982264152,17.56953655062302,19.525129060249267,9.80251797461776,13.700845707672554,8.983808597895445,11.544691169063402,9.836264046653211,9.615760107237632,8.96399468768499,13.99477439677955,8.41515541328198,12.927866740535102,13.65305940964402,11.92652965114717,9.22695958701799,9.615142673335962,10.521016457510978,8.729799824699567,10.157038987021423,7.9226750651389874,19.615565713113735,8.416010351133318,10.780485560448334,17.16926301810048,15.491572698047635,7.125106476014263,7.936472044616339,8.65131974182914,10.156800255058073,8.614202437394773,16.913367387673407,22.9750395602381,16.06727758611965,21.52456167828461,11.12949026922082,13.072229432831149,16.441132552717065,9.605450849650614,16.316304939373623,7.697100045993971,11.935413457883596,10.233039089319638,5.095453356758192,12.490990350891963,11.614292444978883,6.177284616814841,6.304364597304167,13.387974478820848,7.9584106698327375,10.432715921715225,10.19973626376634
1,6.305978416107907,-0.0,13.63218658558134,20.17142102172357,16.82427617341161,17.53788498068621,5.965781496785639,13.278815698350735,18.24511438868532,14.762704111935692,15.798465918114005,11.872172631865029,19.3283958033037,18.491872764805443,9.747789003754033,12.634633326516747,8.997217466938153,11.176303079735783,3.407515547941316,9.314570448412049,8.255773271587815,10.8179044699237,10.238246119338324,13.099111548056067,12.612643558100894,15.09027438840697,9.465183215119328,10.16483096928853,7.401996777972509,8.230738717530667,9.52757844618515,9.238669578451717,11.241846499958548,9.015406292745636,15.976949706147906,21.93526109775081,15.163427736993592,15.64768716063317,14.253793145333953,7.55255002536645,10.249715638885837,4.097680792080837,15.193135451829463,21.52628020950347,20.399214088153652,18.182627738516548,18.072320236699866,13.308101790128033,8.587831625317078,8.164887459464802,15.239059977587942,13.001105257481923,14.1676107497359,8.530712689529542,5.852482113880908,7.047577774807054,6.787865752114175,8.404621075712294,7.376814101154557,8.816578654315839,10.053120296696427,10.612401323312117,9.514557591645463
2,16.99752645644037,13.63218658558134,-0.0,9.69564404440062,10.232786439653887,9.808112496117396,11.723687911309684,8.854303355776626,10.50729711175261,5.705407564252671,7.499553944119631,12.305778583626516,9.609409912107512,9.856732937469886,9.45676235778036,11.809884023135465,14.667323939320143,6.604515690296245,20.73940513179712,9.927055641748945,11.163514620974865,14.650183666010962,16.86888026616806,8.170785970692133,8.00596330840653,16.533889914273757,20.19755150447067,20.463432838386517,14.263401582356327,13.213596466211085,15.238802817415541,12.727016701543722,30.629546972883144,13.13577387867636,10.544281810774892,16.31556026183768,13.323787713120094,15.905201404284291,11.525946985812906,17.20617048556232,8.50258838633396,12.671993272398726,5.9548123278342135,11.812378889583849,8.941254393447926,13.399824619776773,8.366255330622975,12.763270314793091,9.4601141883869,6.651266133057241,10.07985290515986,9.642838547526603,9.370531262141261,17.24885843109598,12.84825980804164,21.80707984781954,12.818357648320514,15.479229283085042,18.698818803485057,22.688031827711065,14.81223889497559,15.832046566419656,16.943588408942954
3,13.651549090559554,20.17142102172357,9.69564404440062,-0.0,8.05053348692129,5.648125929689967,14.522178289558752,8.858805239683084,5.4115637892559185,9.769532816200583,4.860416605719944,13.359659226192528,6.67469973970025,8.94337176066991,6.308790748224296,10.536786981868953,16.084952779237536,17.305729333147195,19.908089324494515,21.039291129341585,12.711288408478923,24.793280994052964,19.168086012672024,7.788946492243194,10.24793835716895,17.795962959371597,22.176957563935446,23.15952106342359,11.507405618714117,21.12373492698163,16.262565349173318,16.631512033129702,23.251256291822276,14.413525656030236,12.05278180618883,10.802729503793802,8.677322923647756,17.057634254694314,17.23758551043667,17.86412278130999,15.393880606000485,14.122842169780599,6.741681439518106,9.040443550850046,5.441068163012578,8.217486864120174,5.991841535700078,28.51985407150377,10.203138151996079,12.311537525402418,8.27700770302417,12.730066401473813,9.431504294017255,10.799526015484576,15.314839185084514,16.853246413791773,14.663847958106599,14.000534428070628,18.11194236995852,18.657843601772182,14.673692929294365,20.44147225656647,16.049278217195955
4,17.561414173323634,16.82427617341161,10.232786439653887,8.05053348692129,-0.0,6.893777116072608,13.59756300720171,3.7581769750793517,7.639090547989547,8.35714272209731,7.220566339061552,10.004196251198561,7.323092534316228,11.399149536529878,12.023347388734022,11.418136913034873,11.48410961467602,11.738839854833747,15.913608152156662,14.885236214719923,11.865105336477145,35.07963392540647,15.152838574456403,10.008186555288871,7.910819383756639,13.337552564333578,15.17644350258949,24.32592324859802,9.453289173647608,14.156283135903228,12.74677726627761,7.848657979582519,24.98901899697672,9.432513102455049,8.91123365037669,8.979241251350707,9.509079918649208,16.13845368995056,12.139430771974,17.071398187757374,10.373832246814256,9.9565552126365,10.511837839604551,14.137788809049955,9.161962197911178,13.62171825148234,5.1477350991950575,21.041104153169577,10.666209034381957,9.460353239966569,10.342746636601351,12.175886882838304,10.454126045930867,15.861604412477112,13.347420270265365,19.64823656388227,14.137812180302287,15.806646419917765,18.846414189432217,19.116987677820024,11.096295834672885,16.9536766340577,17.229928116233506
5,11.429940155497189,17.53788498068621,9.808112496117396,5.648125929689967,6.893777116072608,-0.0,8.644644114965157,6.184742251450345,4.11009016882126,7.050333593452315,2.9917263552026516,5.195687244198069,7.686682685404683,10.128959531213203,7.10003071381585,8.359146071920332,14.205203032665576,16.69488265394101,16.419133575666987,18.376198492008744,12.65340843012387,24.330981540561716,18.57903943517718,9.252370536094503,11.42955155822929,15.731392996024223,20.0566906235829,20.651201392749165,9.855081233497826,19.00851204573316,14.209997349354504,13.798575452327185,17.964018609435932,11.83812899632033,11.616224069205316,9.66046573377947,10.13634584282039,15.300206874600939,15.20494609743084,17.627658246262307,13.48976016645053,10.792057409388887,6.877633559948258,9.545409556193118,9.250287518882256,7.1713771768416015,5.067798161954518,25.80373196666885,9.418695298085076,11.308981217072093,8.24206908175259,7.714325516689144,6.391295773642807,9.465611462037325,14.453221291193485,16.98131486300666,11.283940842780721,11.447694230803847,16.946175832681575,16.8869330021503,13.817833208972162,19.682707955199273,15.447405852745227
6,8.636351148815342,5.965781496785639,11.723687911309684,14.522178289558752,13.59756300720171,8.644644114965157,-0.0,10.339797734996855,12.830154038247072,9.158600720282884,9.20831431080481,5.957334460331898,15.372895483384431,15.401008562450516,6.936560937838068,9.074719865521732,9.768458591835968,9.539147692325606,10.599459475351034,8.627234651711056,7.031931334410129,14.560610283846216,11.748704056405941,11.947369194656995,12.134803443517788,13.001376284689986,13.945983240138931,12.007946409539372,6.9273492596574116,10.01583836569959,8.99988839604922,9.873018699532858,17.758645373110397,8.033763507169445,8.831278260443467,13.55527006065678,12.698349606670563,17.92367576547753,15.83887830692902,11.551308412411,11.3239215411524,8.258175297772748,9.973994214354208,14.505948731586068,17.04951357695565,12.48516226798626,11.622643848044756,16.13481440095565,7.2325489253751805,10.290404609882986,12.568593595121381,8.893763339938975,9.496841805813434,6.283147436311115,11.009575910660336,10.76319521141296,10.553018893712622,12.680435672981394,14.65354486731645,16.15981343107484,14.552146549050665,15.711702202892836,14.746478575310917
7,16.466740284497156,13.278815698350735,8.854303355776626,8.858805239683084,3.7581769750793517,6.184742251450345,10.339797734996855,-0.0,7.7021399650072775,7.488673950675666,7.76057972744268,9.603880257015195,8.794605941786838,11.67319468287185,9.456651034530664,10.763737743995291,12.303040322070796,10.402160306079256,11.355648391436478,12.149152206192367,7.877251773500848,26.69115919229326,17.901195429977662,5.952097811082044,10.07776812336193,15.844170587177137,20.41299754618614,22.342896345269477,7.113549828214235,15.178655767271925,11.493799586744288,11.773571376550448,20.27558866571206,11.17554284086534,11.560634689973268,9.860551066392567,9.267805930727887,15.43256699101999,11.188729665290444,15.641958301068412,7.770060229497993,9.37707426413311,11.456627393366114,15.658779995559811,12.407209929121537,11.421829763155595,6.750508577207839,20.98335806390612,11.345634484056902,7.523717832505857,9.151364308340796,9.1979581505241,8.405313051691948,13.105368183874452,12.802129382457874,17.458943929581988,9.60680996609174,13.971208556759205,18.340488412344797,16.000758813249004,10.154035839877134,17.08713021724898,15.204927749895157
8,16.176237919272598,18.24511438868532,10.50729711175261,5.4115637892559185,7.639090547989547,4.11009016882126,12.830154038247072,7.7021399650072775,-0.0,7.722064845956784,4.3227817011572585,9.066649824407275,4.240762007283482,7.848679545539389,9.628714848304563,10.755936622452705,15.660534035379566,18.441180238637582,17.904864456546594,20.837771341774754,13.188793859511645,27.076221966216075,21.719618752219453,10.020675714710167,12.20686527745966,16.221047265650743,22.759914847698354,27.140197972177006,11.778691381077975,20.844808745045263,17.50339085912948,13.970979974548225,23.073434205539847,12.435778718918096,13.255647015866437,8.20746624417165,10.083476124285541,13.997747938982648,9.946798773714084,18.114488299526208,10.527802041004565,10.667233379685804,6.395874112883286,6.895193294268723,7.162679388721025,4.3527546654194715,6.172324140825991,27.446729141896697,6.812759066730789,9.28065107659867,8.430354028112419,11.227875093110203,8.600118238803457,12.387368848854475,13.5034776352917,16.732850296416945,13.15334753504529,14.28585522965408,20.35210273161274,15.865065844824258,12.207946210926497,21.078858597405453,16.14865813361763
9,16.054416090112415,14.762704111935692,5.705407564252671,9.769532816200583,8.35714272209731,7.050333593452315,9.158600720282884,7.488673950675666,7.722064845956784,-0.0,4.80228612973403,9.513154737133616,10.177515700752908,11.328862338400496,7.1523011726721695,4.980541417674007,12.667645942287656,9.767889330558653,17.999785293457222,13.628433790861532,11.272529395764456,16.817952070205365,14.904539105730299,8.607804422554603,8.45595864231006,14.562691263913711,19.315345602763298,22.44917357174903,13.009397358466044,13.369318905004793,13.123745166348762,9.99056758248162,24.62019912337038,11.14257070484747,9.470376264826463,11.832509728759595,10.736397058303979,17.995595801487703,13.3756843271333,15.77312353596491,8.638510351752672,11.305064516882688,5.3667833151757955,10.600574666099538,9.157419484586061,8.651922638023168,6.477462484684247,18.42231920999558,6.381142943828384,6.819645388921014,4.956391750369015,8.614982793981659,5.8535296373340255,16.57013588544009,11.756326762497386,21.465332268893,11.082002112521417,15.120239418566928,18.92990681611196,21.386850843150373,15.392816117950602,14.350390085639741,17.177038062222266
10,9.314341050683732,15.798465918114005,7.499553944119631,4.860416605719944,7.220566339061552,2.9917263552026516,9.20831431080481,7.76057972744268,4.3227817011572585,4.80228612973403,-0.0,6.878553631611116,6.405012642638355,7.635224366410383,7.381331876588554,10.125664613869223,13.97447874741918,13.569405856462998,16.408465829906643,15.045628854464159,11.733328303107927,23.431766206352297,17.86413192906785,8.337166575702199,8.60107464478617,15.317920351552432,19.191666197405574,16.357948951055345,10.792793137997013,16.678832786672736,13.20226482351335,13.742805974817712,21.64315451348963,12.269341053142893,10.679854943071295,9.862984707782005,7.459360471313822,9.887315621714045,10.891875461147134,14.042294674740697,10.442938079995605,11.614922435244107,4.829053623312426,7.11421691622202,5.468265703742318,7.564015921886014,4.147454313152075,21.079864541020996,8.771074625546687,8.87516455132256,7.140550800405018,8.00251737509667,5.800826707127357,12.121319280261561,13.332898701481087,17.931170821195103,13.077198798154496,10.592335865618365,14.208885819217386,18.024935589335595,10.561235079965918,17.023500806173537,15.2259071019437
11,8.483151982264152,11.872172631865029,12.305778583626516,13.359659226192528,10.004196251198561,5.195687244198069,5.957334460331898,9.603880257015195,9.066649824407275,9.513154737133616,6.878553631611116,-0.0,14.86975101439456,17.407720328911914,8.59666380047908,7.631225285730058,7.914044710376331,12.390948209802762,13.300068042968592,12.090883778208726,10.525909497915213,21.41799791085447,11.328901755580004,11.92718371912868,11.85708405925447,7.718367292671096,12.040807559098834,14.93063996446138,7.058991433013536,11.382896998047642,8.583940195759665,8.170740235493971,17.65602755056312,6.554686772254913,5.677549322534017,6.130234115229183,11.240802018342288,16.964312324904192,15.413166425366697,13.0214076271192,12.563099119618851,8.008963060826627,9.65503229153289,14.596812790104382,15.56463386860667,12.405433772812664,6.466930851213692,18.919694249505792,10.40638641092597,10.442831792054053,11.031114919111243,6.101403536101744,7.924844985529254,6.342529898286058,11.08379441463479,11.158382070962196,9.772037208527527,10.276836392201119,13.452880598934174,14.774804632297082,12.477833096425709,14.41941050041851,12.763689108882245
12,17.56953655062302,19.3283958033037,9.609409912107512,6.67469973970025,7.323092534316228,7.686682685404683,15.372895483384431,8.794605941786838,4.240762007283482,10.177515700752908,6.405012642638355,14.86975101439456,-0.0,4.59641221596102,8.028140764928354,16.06369674765017,14.55610807899699,14.572698595267077,20.564994252552907,20.331927904160416,12.07406266947791,28.37616072874522,21.84228604097383,10.498625995729816,9.006247093032716,18.078476790728747,23.49978079209124,25.284288762040557,13.65615716557841,18.209377565333064,15.282001257636711,16.24940592087388,27.804079983992274,15.03041093426748,12.570266862317645,10.474154205115452,8.43444164404564,14.475962768902813,10.853128252975631,15.439755491218003,10.60977116896202,13.263718548455246,7.508339638118115,7.0353156164341994,5.9157811496528305,6.777717854001228,8.316556772189264,25.241095936195595,7.87184847747963,9.662508822060264,9.437880589857885,13.753080303155892,9.443305414098285,13.250113508408477,14.142865328097137,14.164777737482785,16.163519610470445,15.55097854743311,20.080745014501048,17.601150148954666,11.92942236111912,20.86281357684976,15.326087777013548
13,19.525129060249267,18.491872764805443,9.856732937469886,8.94337176066991,11.399149536529878,10.128959531213203,15.401008562450516,11.67319468287185,7.848679545539389,11.328862338400496,7.635224366410383,17.407720328911914,4.59641221596102,-0.0,11.013784634992803,19.60197222636986,20.91199094823658,12.571514150650069,21.85918638407773,18.50541916104937,9.14252983691642,19.3722464386403,27.31800605017974,11.590927038715147,10.203002590571172,25.055911140305724,29.78453909500154,25.23587149285347,13.987653168135203,22.39844977567058,19.744259281476637,21.530464317115722,33.69034523867417,19.941500938306216,17.794279308357485,15.883203805668428,9.699038998452162,16.52399989849549,12.13939773361616,18.5065374620313,14.605245552277626,19.113499015138967,8.034248861275394,6.650463410112001,7.312304418996669,7.904496794516103,11.743701528664221,28.974819557280078,11.62771606663386,13.211018702499352,15.313237606626066,18.605732733986983,12.739518961145915,17.548061800991757,19.208146485837553,18.85617224933703,19.60426545610096,20.720748718078813,25.01801191760737,22.490145297072182,16.177153341093693,22.59434371261464,19.19766061966895
14,9.80251797461776,9.747789003754033,9.45676235778036,6.308790748224296,12.023347388734022,7.10003071381585,6.936560937838068,9.456651034530664,9.628714848304563,7.1523011726721695,7.381331876588554,8.59666380047908,8.028140764928354,11.013784634992803,-0.0,7.842981158036916,8.242841308665382,8.119050141712108,11.743689381260936,10.449971272719344,7.009450045927802,14.197100968803172,10.96476141836928,6.073551984494218,7.4538323037605805,11.731777758638339,12.854562361459072,16.785518409437362,8.694600892937027,9.872958166079492,9.311675506959453,7.05248174724388,20.53983340026837,7.139231644959358,7.818555387098433,13.658533558396389,9.869188045284808,10.183744420921407,6.8554347430694715,9.30437224346812,5.095396370393298,6.494641281975339,9.81134864522968,12.903899070773852,10.435333882709898,10.785885726152577,8.602223196091465,15.876289360565195,5.524315520881959,5.6974475935832904,7.076115411934214,5.904117667803546,5.3769527690919725,7.033080002351628,9.446502312500042,7.9455663921664605,9.531663288664602,10.38989172020134,11.493973840146719,12.709186141086533,9.11965432317418,14.924833849385205,12.188496292160176
15,13.700845707672554,12.634633326516747,11.809884023135465,10.536786981868953,11.418136913034873,8.359146071920332,9.074719865521732,10.763737743995291,10.755936622452705,4.980541417674007,10.125664613869223,7.631225285730058,16.06369674765017,19.60197222636986,7.842981158036916,-0.0,11.381523359752665,11.70901050834142,14.984705339426055,12.935013256064243,9.499157003950264,14.154554789111856,11.1587496464645,7.8702027405990735,11.485451561721911,10.956217541295205,15.423618340221028,19.610346426647272,11.220629949159251,11.858890577633273,12.417647871402343,7.300833641168836,20.96440569220277,8.042311580257262,8.052358082907867,11.481588877189191,12.297399363551744,26.187236203040854,23.033085494572983,13.736682786926924,14.797017743283327,9.215110916723788,9.193304436204516,16.303896921807546,13.789093354177744,11.863293764790228,7.562857152968669,17.96271406587516,8.377419945491216,9.508880783657492,5.81077603923227,9.052253436667693,9.847828034040964,14.043566554429352,10.523760532818761,18.32313271463832,8.638653975123807,12.654231588905795,17.295636431289893,18.33962858892552,13.615876411639507,10.990323933634937,14.059713229706936
16,8.983808597895445,8.997217466938153,14.667323939320143,16.084952779237536,11.48410961467602,14.205203032665576,9.768458591835968,12.303040322070796,15.660534035379566,12.667645942287656,13.97447874741918,7.914044710376331,14.55610807899699,20.91199094823658,8.242841308665382,11.381523359752665,-0.0,8.335614897496104,7.531399867920977,6.8521425817534505,8.129180733841219,28.487452697676794,7.267027076694614,11.711626533711597,11.92017928464633,11.120506752741298,3.787436486961242,9.795115832738182,5.829568523678304,3.7288800400357656,2.3408303817773644,5.7938884008771625,16.53445071097531,5.566020490394327,8.958468270930817,14.42550047483334,11.320102081523451,15.231961957336136,14.329458353561161,9.127167124108556,10.538114824689025,6.519666986471836,12.032768543438788,17.47462043185557,13.225725870866865,18.81619478320191,10.349068758192232,16.924824452879925,10.190285283550097,9.271112975800623,11.960036540377578,9.931982497896648,13.469501868623743,10.45674549379118,8.772392329229175,10.209010526013587,9.750526004776242,9.373431264409051,9.184451634081203,11.592215576033336,9.079749782839627,10.470874934298655,10.031950858492756
17,11.544691169063402,11.176303079735783,6.604515690296245,17.305729333147195,11.738839854833747,16.69488265394101,9.539147692325606,10.402160306079256,18.441180238637582,9.767889330558653,13.569405856462998,12.390948209802762,14.572698595267077,12.571514150650069,8.119050141712108,11.70901050834142,8.335614897496104,-0.0,17.74550779700644,5.8130748285749645,7.418482772844826,10.40851785108427,11.062023612980767,9.288749119253715,8.319617118850276,12.701497813489649,11.101289905889129,12.796262996434615,7.6340194354566675,7.182907411655653,9.480615940550752,7.357021277624824,27.725771840807408,7.435668995374557,10.902286285799734,17.917564867756553,11.557049559969064,12.441945509727232,10.379922322312664,10.004989239606456,8.319617351467357,11.49931150245717,10.400165805329854,16.997357032658744,15.386785677647477,22.59030076005893,14.993728359411309,13.70081090479898,10.915534214713366,7.252805544883969,14.728719913651437,11.096911296581052,13.37378190278137,12.008796645756995,12.25205709835592,11.521701368577677,10.803851412077275,11.638233668083004,11.65041221652269,17.093125354464977,10.751069957541944,12.094817835954716,11.6779164746818
18,9.836264046653211,3.407515547941316,20.73940513179712,19.908089324494515,15.913608152156662,16.419133575666987,10.599459475351034,11.355648391436478,17.904864456546594,17.999785293457222,16.408465829906643,13.300068042968592,20.564994252552907,21.85918638407773,11.743689381260936,14.984705339426055,7.531399867920977,17.74550779700644,-0.0,15.739964978691548,11.537655499109686,19.385706408009945,11.240320419036314,13.969751840106541,16.75672318599141,17.92755678701746,10.590332339239056,15.060548065357972,5.331421404658329,12.785760311916986,5.900931781397183,12.147599275395851,8.0858818940482,10.83604829031599,17.756869395283456,19.36020136887404,16.52277380357944,23.422861623423753,21.32047862045303,10.230358818201703,16.081486617646995,7.210130012505684,22.67449157361562,28.05069145492205,25.635891115280412,20.472879211381496,19.524794744740507,20.695047269770832,15.752301237100559,13.912489109479065,18.200600659555768,14.515591541716285,13.734469828326741,12.59555542638957,9.854872055726728,9.55300206065958,6.485198218920101,11.507061635647172,12.996462534239202,11.21217904445428,12.008847185943853,11.205481683332296,10.92294834072688
19,9.615760107237632,9.314570448412049,9.927055641748945,21.039291129341585,14.885236214719923,18.376198492008744,8.627234651711056,12.149152206192367,20.837771341774754,13.628433790861532,15.045628854464159,12.090883778208726,20.331927904160416,18.50541916104937,10.449971272719344,12.935013256064243,6.8521425817534505,5.8130748285749645,15.739964978691548,-0.0,9.137267854203394,10.264537022554041,10.046258691686178,11.105774348387794,11.797642157608873,12.654631777204422,7.360576159618815,6.975935775474023,6.940327417627186,4.7642623746805945,9.130527900460725,7.902649054894053,23.636134752300958,6.8965228053323475,12.306673964663334,20.808490671994928,13.627621022259742,12.692135652960404,12.894873865030533,9.260502643595657,8.311867604966173,10.49806621032121,12.521826794838507,18.910135382585405,18.118640184515623,24.157471181580995,16.34518634874686,13.06300552245612,13.58913292857902,8.060755688594186,15.90638194285334,10.218116006262754,13.347549517606781,12.768684008036821,11.528630462870526,11.44282570117885,10.194902127820075,9.968964651043228,8.033051868786657,14.56477967859284,11.949706327691217,11.103420723719289,10.763972893951061
20,8.96399468768499,8.255773271587815,11.163514620974865,12.711288408478923,11.865105336477145,12.65340843012387,7.031931334410129,7.877251773500848,13.188793859511645,11.272529395764456,11.733328303107927,10.525909497915213,12.07406266947791,9.14252983691642,7.009450045927802,9.499157003950264,8.129180733841219,7.418482772844826,11.537655499109686,9.137267854203394,-0.0,12.928990145940428,13.128574078974705,4.878896441443943,9.10233919847514,11.812520879439548,12.990277324519429,13.784755020203663,4.830818789742725,11.073814531903858,9.106350827582261,7.908140178185894,18.63552112118952,7.370348680638738,12.394114555635705,14.881172038738322,10.255398375439272,14.501408104833812,12.637393908420089,11.061086521575087,10.145389103156873,9.532622354002656,13.624286822698595,18.252502488004154,17.424510082870444,14.276580842227593,15.277273915863915,20.41194148615114,9.900155038811846,9.4499796730288,14.071664967551479,10.86462344943433,9.534453930216198,6.911607319964899,9.632698316531275,11.200299617150813,7.2378702779153175,10.235219017469717,12.513457381534744,13.21445732483802,12.22588484426375,12.574456087001364,11.062610552830565
21,13.99477439677955,10.8179044699237,14.650183666010962,24.793280994052964,35.07963392540647,24.330981540561716,14.560610283846216,26.69115919229326,27.076221966216075,16.817952070205365,23.431766206352297,21.41799791085447,28.37616072874522,19.3722464386403,14.197100968803172,14.154554789111856,28.487452697676794,10.40851785108427,19.385706408009945,10.264537022554041,12.928990145940428,-0.0,17.450487441948535,15.136558370332487,22.484013719470692,23.792883225542095,28.197387194413896,18.246209417564547,23.716718646909335,16.901789589477666,33.51457895816957,19.954727287976308,22.951719915253694,15.739136432074424,21.888074220486114,37.305834966476,33.844093091438666,20.92193600663808,19.381683414762918,13.447001921466347,15.83438042283236,16.003642924538905,19.665978003085968,25.189014142428963,29.116446695678544,21.761733257477445,29.93252773095608,20.50384310121151,19.239391895452254,14.462060481165068,17.90430473639207,15.17999699721957,15.596926063066427,13.534853641515095,13.38044334367707,14.11308968994114,10.781624066552283,14.29682248983719,15.858639218519194,17.31583205456052,16.988631482832158,15.297302617265427,14.60719890494303
22,8.41515541328198,10.238246119338324,16.86888026616806,19.168086012672024,15.152838574456403,18.57903943517718,11.748704056405941,17.901195429977662,21.719618752219453,14.904539105730299,17.86413192906785,11.328901755580004,21.84228604097383,27.31800605017974,10.96476141836928,11.1587496464645,7.267027076694614,11.062023612980767,11.240320419036314,10.046258691686178,13.128574078974705,17.450487441948535,-0.0,14.492453134728978,12.525692718603294,10.145599367210517,6.389543432719633,12.557396982627672,7.623347764131277,7.967012202592896,8.592715884195517,6.590550625665602,17.59683494146476,5.243044291427458,6.437914483948701,13.322991696336171,12.531077623270619,22.474587841925473,20.933454277981333,6.697544953429348,15.636003789678465,9.124597857821332,15.226919118736738,23.653666150311913,18.946839085207113,25.448872913024385,12.0903151713979,14.666547478471829,15.783205267598635,11.55075385722678,13.211752405854261,10.69425222117954,16.81676330204189,13.030579999226315,10.090195619387748,9.108734576852783,10.044219135355505,9.570949305364506,9.292886634780995,11.530157275379478,7.5989849250664125,8.052247933916949,8.128519349575408
23,12.927866740535102,13.099111548056067,8.170785970692133,7.788946492243194,10.008186555288871,9.252370536094503,11.947369194656995,5.952097811082044,10.020675714710167,8.607804422554603,8.337166575702199,11.92718371912868,10.498625995729816,11.590927038715147,6.073551984494218,7.8702027405990735,11.711626533711597,9.288749119253715,13.969751840106541,11.105774348387794,4.878896441443943,15.136558370332487,14.492453134728978,-0.0,7.212526276375694,13.438323969549518,17.999570590199983,20.27959134774253,6.070960900481009,15.5141459087087,11.741532133005439,10.956705694018538,20.316739883676735,11.031909502842876,9.714754454252377,11.485659163870112,6.939453496973671,16.863971334813353,14.126818471022156,12.866152195955726,10.17528693084472,11.35392530007768,10.516334962017368,15.001668085802226,11.94942444524575,9.716265122356718,9.622156004221708,22.49005646040506,9.312632200865135,8.26367943767356,8.68496079129038,10.141704094697877,7.157937737798324,9.869993637957075,11.449237594163776,14.12078767703112,8.621116442378842,12.518253205778281,15.2795555347738,14.677259644002213,12.043132017442959,14.86161534555042,13.382752526294611
24,13.65305940964402,12.612643558100894,8.00596330840653,10.24793835716895,7.910819383756639,11.42955155822929,12.134803443517788,10.07776812336193,12.20686527745966,8.45595864231006,8.60107464478617,11.85708405925447,9.006247093032716,10.203002590571172,7.4538323037605805,11.485451561721911,11.92017928464633,8.319617118850276,16.75672318599141,11.797642157608873,9.10233919847514,22.484013719470692,12.525692718603294,7.212526276375694,-0.0,13.278165836160216,16.666154732100498,18.116437559128396,10.962996621264036,13.448976579119911,10.36302779207997,12.665205360745833,29.39451068770142,12.4730670792622,8.211278860112447,9.494842321287361,2.5728944941006735,16.951605688058525,13.293151542776855,14.470672771376075,12.615042022887192,12.084235437571357,8.096194679117001,13.146085536736333,9.53626427776408,14.70756675715666,8.461869848702046,20.35651730681268,9.085696506612438,10.045866157269677,10.115002609207238,13.400156182120304,10.652864904685933,14.586281487356107,14.976756653701642,16.853202203921843,14.571119390994868,15.896922434282809,17.07130465052406,22.024283964820086,14.26618593891976,14.528154563398152,16.597938805577844
25,11.92652965114717,15.09027438840697,16.533889914273757,17.795962959371597,13.337552564333578,15.731392996024223,13.001376284689986,15.844170587177137,16.221047265650743,14.562691263913711,15.317920351552432,7.718367292671096,18.078476790728747,25.055911140305724,11.731777758638339,10.956217541295205,11.120506752741298,12.701497813489649,17.92755678701746,12.654631777204422,11.812520879439548,23.792883225542095,10.145599367210517,13.438323969549518,13.278165836160216,-0.0,8.915827814985606,16.276110369553404,11.385076147798772,9.747582920794459,11.11232048813061,3.900785731637455,26.13659804971284,5.5892457219692435,4.241844539911337,7.13983427261881,11.66351353136508,14.366505166479802,13.087586180999775,12.589241587101933,11.919003360627693,12.465534955274485,14.617020245486671,20.919153516811463,18.116229202836486,22.37602932245909,11.505923161528909,13.157427540123335,13.912850405955785,11.001287569639635,14.684299927570592,12.041538809678638,13.193766681978504,13.391020945643126,12.815994882905219,14.946106329925595,14.168819096835833,12.347052400678065,13.167638160226534,19.174523660781528,12.713127034805515,13.18755637677557,13.624797512579624
26,9.22695958701799,9.465183215119328,20.19755150447067,22.176957563935446,15.17644350258949,20.0566906235829,13.945983240138931,20.41299754618614,22.759914847698354,19.315345602763298,19.191666197405574,12.040807559098834,23.49978079209124,29.78453909500154,12.854562361459072,15.423618340221028,3.787436486961242,11.101289905889129,10.590332339239056,7.360576159618815,12.990277324519429,28.197387194413896,6.389543432719633,17.999570590199983,16.666154732100498,8.915827814985606,-0.0,10.037343830725142,8.659350912482923,3.9865065392930044,5.403177947223235,5.574838771580141,18.351582260386785,5.039123603744826,6.587713258728566,15.095535920378518,16.04087550481365,16.40189227998465,15.387027741557743,7.920769507449279,14.050358365969927,10.622341020325281,17.307232574407614,25.17879013386356,21.485617039526133,30.389512801312414,13.301147473391987,12.314530697577942,19.313873297479205,13.322464475534105,17.98699930487594,9.47073341160793,16.778524415385906,13.509219168704707,12.987725896399244,9.602170730945918,13.268451423585287,9.952177684143592,7.346072113894229,12.648982277081297,9.293586720029483,10.266043259753202,9.946800181261901
27,9.615142673335962,10.16483096928853,20.463432838386517,23.15952106342359,24.32592324859802,20.651201392749165,12.007946409539372,22.342896345269477,27.140197972177006,22.44917357174903,16.357948951055345,14.93063996446138,25.284288762040557,25.23587149285347,16.785518409437362,19.610346426647272,9.795115832738182,12.796262996434615,15.060548065357972,6.975935775474023,13.784755020203663,18.246209417564547,12.557396982627672,20.27959134774253,18.116437559128396,16.276110369553404,10.037343830725142,-0.0,10.744112218160177,5.861972858658411,10.81217196486088,12.949441078121525,16.3379662057505,11.71827413237492,15.489846191120732,25.544701277131132,19.706939332318118,15.049306219897682,16.269309658724485,8.024695516343435,15.71627034354774,15.59811992468079,21.049249339612523,28.404038865832206,22.961991561660994,32.35152658567146,17.259923116534143,8.281366010962113,23.627710702049075,14.974536410198656,24.41156824747397,12.375013962596928,19.304753406672162,12.694389403719144,13.078857194086678,8.587754394427302,15.570177189190636,10.274005279334645,8.039283867810653,11.761832406386258,12.212145340794812,11.784966252437359,9.74419387193337
28,10.521016457510978,7.401996777972509,14.263401582356327,11.507405618714117,9.453289173647608,9.855081233497826,6.9273492596574116,7.113549828214235,11.778691381077975,13.009397358466044,10.792793137997013,7.058991433013536,13.65615716557841,13.987653168135203,8.694600892937027,11.220629949159251,5.829568523678304,7.6340194354566675,5.331421404658329,6.940327417627186,4.830818789742725,23.716718646909335,7.623347764131277,6.070960900481009,10.962996621264036,11.385076147798772,8.659350912482923,10.744112218160177,-0.0,6.800156460517017,4.020170129371416,7.6382187120715015,11.300985091083248,5.023278752618331,10.396712764161203,11.948392698338385,11.381387658495353,18.38007767216427,16.897901654102522,8.29988744322604,11.69220125975556,6.369950996585712,15.210834432250325,19.00410371918256,18.74369344007397,13.466255267633896,13.674475822002963,16.536062005586686,12.088606585634473,10.803712340097713,14.881474179398996,10.467037372248905,11.138863643442452,7.552260468099833,7.032786023482244,8.968242818455382,7.232121107529845,9.570207528548167,11.219887158714057,8.75446551846906,7.43941736704212,9.490491659764967,8.54921293237711
29,8.729799824699567,8.230738717530667,13.213596466211085,21.12373492698163,14.156283135903228,19.00851204573316,10.01583836569959,15.178655767271925,20.844808745045263,13.369318905004793,16.678832786672736,11.382896998047642,18.209377565333064,22.39844977567058,9.872958166079492,11.858890577633273,3.7288800400357656,7.182907411655653,12.785760311916986,4.7642623746805945,11.073814531903858,16.901789589477666,7.967012202592896,15.5141459087087,13.448976579119911,9.747582920794459,3.9865065392930044,5.861972858658411,6.800156460517017,-0.0,4.605334842171616,5.343535417635559,17.737096188281132,5.1319212044368,9.028839581232438,17.49475513124093,13.967189534393832,15.23599110077027,14.538348068463515,6.516961711780418,11.16833795892695,10.648180682707453,11.481499208234538,18.28038151862691,16.580960730002566,24.202057606894066,13.981793133874604,8.370419180971307,14.112794023312365,10.01958147171416,14.625459149332734,9.406901383894668,15.223386577740849,10.780837319833783,11.716708906606792,7.037149771633979,9.949530152108837,9.550895427071072,7.108207293569215,11.464785860013707,9.293921680735053,10.60007996531175,8.951211216456144
30,10.157038987021423,9.52757844618515,15.238802817415541,16.262565349173318,12.74677726627761,14.209997349354504,8.99988839604922,11.493799586744288,17.50339085912948,13.123745166348762,13.20226482351335,8.583940195759665,15.282001257636711,19.744259281476637,9.311675506959453,12.417647871402343,2.3408303817773644,9.480615940550752,5.900931781397183,9.130527900460725,9.106350827582261,33.51457895816957,8.592715884195517,11.741532133005439,10.36302779207997,11.11232048813061,5.403177947223235,10.81217196486088,4.020170129371416,4.605334842171616,-0.0,6.19095618653717,13.047181344381533,5.60689509032148,8.702970213164535,14.428011113564601,10.146622539183653,19.424829343783372,17.9896940662653,9.283766519654034,12.140228286353496,7.087991274077211,14.136952050276992,19.119991471964873,14.899604149072093,19.86750447881499,10.737368835122162,18.116372272676543,11.962928498072241,10.679183517617435,12.594744243197374,10.545659790792463,13.286825492688884,11.741180743285051,10.420917846948287,9.341020462523174,10.068730489233499,10.872433829788589,11.318374458132718,11.355842936354076,9.850016087530351,11.682453374931628,10.967788207371651
31,7.9226750651389874,9.238669578451717,12.727016701543722,16.631512033129702,7.848657979582519,13.798575452327185,9.873018699532858,11.773571376550448,13.970979974548225,9.99056758248162,13.742805974817712,8.170740235493971,16.24940592087388,21.530464317115722,7.05248174724388,7.300833641168836,5.7938884008771625,7.357021277624824,12.147599275395851,7.902649054894053,7.908140178185894,19.954727287976308,6.590550625665602,10.956705694018538,12.665205360745833,3.900785731637455,5.574838771580141,12.949441078121525,7.6382187120715015,5.343535417635559,6.19095618653717,-0.0,21.79844360282428,2.9456236856123406,4.334534807454754,9.327997626637144,11.368016805686526,10.224492859499854,9.014449471497022,7.965770452213552,5.768918033717913,7.791705026623403,10.738371791251165,16.867431973115682,15.995430087952215,20.29357420407004,10.4089169892337,10.94483918668911,10.416363072637864,5.739292103734722,9.19019469357776,6.397374160866498,8.037361994437672,11.406706151528546,10.59014152979055,10.747667650508008,9.168840253979178,8.606904808064376,9.02044049009894,15.063546660998831,9.113192979986431,10.709529854344439,11.00004775581671
32,19.615565713113735,11.241846499958548,30.629546972883144,23.251256291822276,24.98901899697672,17.964018609435932,17.758645373110397,20.27558866571206,23.073434205539847,24.62019912337038,21.64315451348963,17.65602755056312,27.804079983992274,33.69034523867417,20.53983340026837,20.96440569220277,16.53445071097531,27.725771840807408,8.0858818940482,23.636134752300958,18.63552112118952,22.951719915253694,17.59683494146476,20.316739883676735,29.39451068770142,26.13659804971284,18.351582260386785,16.3379662057505,11.300985091083248,17.737096188281132,13.047181344381533,21.79844360282428,-0.0,16.827724812062904,26.325622709392935,22.69787177127223,26.577539137599,32.119640754292405,31.003419421807102,9.972908791867255,24.48540457228689,17.107272989820082,30.757846455499266,34.25292790337837,33.15583673784241,23.164588732314343,22.894865931525942,16.84941068295184,26.306059844628013,22.244165648814647,24.510014991924567,20.375457694254138,23.36283609763942,17.52492636801976,13.830939758947258,9.983703048901726,10.70414106227531,17.656904158287286,17.832130041166824,6.960484527043861,10.87418424115119,12.136913701597964,11.433547029353198
33,8.416010351133318,9.015406292745636,13.13577387867636,14.413525656030236,9.432513102455049,11.83812899632033,8.033763507169445,11.17554284086534,12.435778718918096,11.14257070484747,12.269341053142893,6.554686772254913,15.03041093426748,19.941500938306216,7.139231644959358,8.042311580257262,5.566020490394327,7.435668995374557,10.83604829031599,6.8965228053323475,7.370348680638738,15.739136432074424,5.243044291427458,11.031909502842876,12.4730670792622,5.5892457219692435,5.039123603744826,11.71827413237492,5.023278752618331,5.1319212044368,5.60689509032148,2.9456236856123406,16.827724812062904,-0.0,4.555442547394429,8.45363767396094,11.44954643392194,14.443845296833231,13.322666280024619,5.648688673130066,8.724762077896276,6.534604904023771,10.718057767594015,14.394279551999205,16.08478089752017,16.397500280444316,10.069016861577147,11.785395378018274,9.481781726157859,8.008706053069432,11.047774969167076,6.685028649905457,9.73678170699386,7.572747308892735,7.894713803914675,7.507582282124695,7.553073464097824,8.749971193942603,8.507032009473813,11.416880902642259,8.098177519081752,10.193074975786462,9.67912753780588
