,0,1,2,3,4,5,6,7,8,9,10,11,12,13,14,15,16,17,18,19,20,21,22,23,24,25,26,27,28,29,30,31,32,33,34,35,36,37,38,39,40,41,42,43,44,45,46,47,48,49,50,51,52,53,54,55,56,57,58,59,60,61,62,63,64,65,66,67,68,69,70,71,72,73,74,75,76,77,78
0,-0.0,4.5599518592172394,9.171668083657396,14.890252047049524,8.41649582462211,16.537130630111765,9.522247889640882,3.1881942283553646,10.098178367529288,15.09010444683108,3.6821866266738708,16.572129216479514,12.163670245009945,36.814923167660154,16.322412280086564,25.892629734154266,20.689957344573333,5.443588907084939,2.1399597877690004,5.8018934958173345,22.042102868586518,14.691523988682318,12.30384699773667,30.058273213610246,11.105392531179044,14.34751129412427,4.812786160029856,7.211394011712906,16.866160608383982,9.986293293797484,16.410193291140022,22.73291357450725,4.6000640773117025,21.678631469766337,6.871792599972641,9.570202749923467,8.648854878428187,4.2969292701524,6.686236410078241,20.354508400010648,26.73956787323602,31.18331898387573,29.185637454788196,32.945499090971275,33.95966462829532,24.33747305953322,32.74671646461162,22.611831053585014,7.58494017883318,17.025700002320338,7.554933669509887,7.871956681769513,9.874093953567614,10.132964461793453,22.14342832705142,13.47897838455425,3.240847676540451,14.83179711287603,18.089605353732217,29.5670700463747,29.037352411635105,27.653045121118748,16.174033839099682,15.60820255022227,13.180303794285624,34.98111014596036,41.683545100463746,15.253678908141387,16.45946524904864,16.328885364863996,13.638687153157338,17.424661575811015,9.97922504739059,8.262117275820117,9.58831828174998,10.479513908809997,7.841592812407823,8.275843737145554,7.655706897521825
1,4.5599518592172394,-0.0,6.569193194623909,22.585736196936534,11.955593352063305,11.504230424695157,6.0964178848106565,4.843921814248792,5.966197301431416,12.846893510268284,4.191094787088265,12.010543458933746,7.644309043550014,24.401385116706706,11.289806634746137,30.02817544135817,15.051290102879218,3.102600479751858,2.358519883758804,5.020812897334681,18.073233002853705,11.243063410136463,14.799841893224661,25.68911191624507,10.58070689002244,20.038484389831254,5.694268451760077,7.163155755738155,11.736161748823111,11.153793596428747,19.064875768324757,26.841765221177575,5.362540381711221,25.97493519556964,7.270100712207096,14.827632798376282,15.014043398266733,6.618217453200787,11.743112513881142,19.17644969842859,29.61558154811229,35.69576720875223,23.184939773164487,31.187773344458964,35.05688924235433,24.899922248056466,37.978991145387624,24.69617749855796,6.587287019176569,17.257301078918015,8.767789248792111,8.486320998478986,11.270636995557805,10.225839792152287,18.298669267263914,10.653585421156054,3.48604612442266,10.880664887029859,15.523991286282119,28.596138583851967,28.09728805346668,27.299337714255007,13.622395870551369,16.119916393641205,15.94525001175642,39.50133421313659,43.06129072257944,13.298485536242831,16.548330560762558,15.76020069896112,12.759267335023214,17.436042796900495,11.324492464247408,9.786260334548722,8.858167157406859,10.229272189115294,9.511867313376232,9.583800498284639,10.721088368897528
2,9.171668083657396,6.569193194623909,-0.0,17.49754429884807,8.756868602853988,10.544711250042162,6.594921747166024,11.347881127953357,7.077092447262722,7.696399141755733,10.93248549190604,10.147493666512355,13.729066444885984,31.88043656022582,5.964996563476934,22.97115569222023,18.82884126597137,3.105306085890588,5.465170835615511,3.5858296736953443,23.510007446466673,4.51870823418322,6.410846649332215,20.65691738918896,10.876421775926474,17.083115745182013,7.628095275170603,7.194074332353065,13.540530285947991,8.691208558203881,11.533497519089575,19.600622718466305,7.732776832227555,20.277935489092517,9.162148757957471,15.658259355626845,13.328116479102757,10.473433349676222,13.92289970608772,15.233733245604592,22.745327507603537,28.97701879972663,23.200498647629892,28.03991726123186,27.470203536257287,20.815178001416985,32.88206470945551,15.044616615075737,7.145558224634868,18.84469962337042,9.69597527338146,9.876774477341364,10.5057973273833,8.619967457905451,19.734903661491508,12.70542763223435,6.601126376178448,13.103223531788219,16.775847440848793,22.52308524804763,23.44972001917978,21.566366401754188,15.469232861197234,13.245270354933165,13.302533326546504,31.91430054615931,36.998181869321286,11.014014000580328,13.533207496690004,12.519890625140894,9.479855234293655,13.248550208036123,10.260191283391572,11.472799420395912,9.697123447202285,11.564454061845181,10.615498502629336,8.52542155001646,10.81707805102086
3,14.890252047049524,22.585736196936534,17.49754429884807,-0.0,5.958449427148358,23.53771763329523,23.088709759991737,15.004940544898457,22.06198230631045,20.101372767192224,20.17558353627459,21.20603431952788,26.5375284205053,38.73733236370046,9.015938490470054,16.57839360058606,29.624542457270653,16.24609203532454,14.513858026024394,18.364141002048594,32.436689058126625,18.012593029670903,20.30118401349696,22.184491800915268,19.75003538966081,26.735608664642033,18.47373916848886,15.154631256624556,21.67051677984385,12.414050562666791,16.56457158023404,23.571156186065775,15.543097888335506,29.46161524464852,25.258792887586697,15.252574408948051,9.99606950468858,24.305121079939898,20.240965546514733,17.859549205709552,20.404712992733916,23.722871739998595,21.641983865942056,25.03701128762859,23.30298636904348,18.15320831868557,27.190556735669865,8.730437125688972,15.42087279641536,29.835846056713944,17.658686580717543,17.723896834445863,21.228550411764587,18.38178026107291,26.14146385034055,24.54495944028065,18.575798501711073,24.664612523120166,21.747364394990583,20.373596460010756,25.641602602609286,24.778135235453526,23.754940745872815,18.250597227971852,18.91878633326148,31.89731617197346,38.762743617700735,18.953811905107703,19.426562086660542,17.228581906678535,17.08410903315106,14.113596248450092,17.93563721058355,19.416816127383,19.63998922527669,20.0222055732453,14.2003314545906,20.77410082279416,15.117143951933265
4,8.41649582462211,11.955593352063305,8.756868602853988,5.958449427148358,-0.0,18.256481331372346,14.792176303140021,7.737379933600436,13.472426896386091,14.4667286074015,11.376460728113187,16.794003175321997,18.615802112492418,43.83959430232791,6.0934132861883175,25.175618355911304,26.215706254918338,7.5333764330959685,7.681910146696158,10.134617139565641,28.360837745374976,11.010283754285044,13.067437488484938,26.518201315935197,15.709853205685484,18.130228805189855,11.1806158559458,9.643874162179223,18.39666381051809,9.493179908875916,14.82813859992284,19.009891574844236,9.216845521265292,21.685251789203452,15.30035993601638,10.38704059497477,7.5518811833102175,13.737077657894735,13.202901632994385,17.475599783450978,21.841755385465042,28.652982097877032,27.882974333015984,32.050246935850254,31.549341089977506,22.756788473287912,32.88045918646436,14.245938904177585,9.990931061805325,20.038825494911087,11.014286805878719,11.560242283918933,13.557804413827988,11.704740195908592,26.314860906541647,18.39021295720645,10.52613523267422,18.45241694305294,21.452072966017518,26.80070789272623,30.249180547224704,26.93852067295191,20.402227824442065,16.360081600455366,15.06696935166335,26.960844786324525,37.35318919937799,15.492513269361337,17.17764853725823,15.786895671118856,13.549640341471742,15.640918707541724,11.97220390473771,12.821758220949153,12.686720633342109,14.260005195787,10.594497037894127,12.091838602926602,10.628451572192109
5,16.537130630111765,11.504230424695157,10.544711250042162,23.53771763329523,18.256481331372346,-0.0,6.222668552709647,16.282788511137156,6.168118507353147,13.343514215934562,14.671866214164188,15.593475444496896,13.220703377607359,11.533238844543774,10.56453738873644,24.06565566757309,6.956010163374108,8.974133059834287,14.514909534257923,8.540343927138721,15.468713705453949,11.592999985738837,15.332778458291834,23.427891689061788,7.206640679734347,13.473741712831043,10.55533294809902,10.529577910028376,19.102071542379914,11.435091691983567,17.894458158816374,18.004768567567787,12.612435363510297,17.326524069370954,14.022330971943996,18.909301131325027,17.220997293980016,12.577502459261403,15.602377675401678,19.785377964569506,21.90463702319074,27.60546305214451,23.71998560239977,26.085786412679315,31.400564480346187,25.108392431242287,35.62887990722976,27.954595078807568,10.36276837617547,24.967634222523888,12.753222004550517,12.43161018444804,13.867806752076064,10.825105973864636,14.738551649916666,11.671812302405778,12.107373390694748,13.881938598476575,11.926668441569843,20.998842669970763,20.95038674237337,18.74706100752382,11.945205873207268,12.815505888904319,12.551125977792186,35.18425058817116,35.35965456243354,14.000680980095742,12.965730627849586,11.472976426837539,11.464337637281862,14.279627878847025,11.97080245424868,12.864047679989673,12.099609308782199,11.813204178112349,12.744552657851811,11.30302119897656,13.001111348189177
6,9.522247889640882,6.0964178848106565,6.594921747166024,23.088709759991737,14.792176303140021,6.222668552709647,-0.0,9.622528451236313,2.858402576126844,19.292841245465976,8.112360909482556,22.376500629225998,17.561718965692904,22.263821003246374,9.56364495421605,28.14051019613327,11.462729263404212,4.455915138015272,7.839727946355677,6.26893556532923,12.891859232866844,9.073598370033116,13.94534906411444,26.197357938682895,7.288787447627176,14.814867478351797,8.13930088344374,7.047450698005738,23.85727464586318,10.287498996154623,20.620695664924167,25.682621129805796,7.4321221050410795,24.107082637830906,8.474386652747688,17.455038130112126,16.911208232867203,8.550352866496114,12.989125319226092,25.421499930425263,30.45071284012856,36.32210158203973,31.7695022689092,35.08016244122334,36.742510079322486,30.88926943304179,31.70030641692056,22.669989791197636,7.690576456039953,25.73938934796647,10.96767290121557,10.020161323378186,11.89945339877423,11.594589177876921,22.144425177698096,15.985000613188635,6.810428105186405,21.40861075410385,12.417861586348954,26.02451594649283,26.683917407272418,21.822733742649337,12.911182215009278,16.155187162350344,14.860227373063204,37.01945424916719,35.665567365619914,17.009938840730847,14.173742589330494,12.536296295261485,14.089251904687552,18.052986100213015,10.33738324957202,11.612206198621267,12.264251947011122,11.828521034523503,10.360745167119545,10.315676496857627,11.44740797787568
7,3.1881942283553646,4.843921814248792,11.347881127953357,15.004940544898457,7.737379933600436,16.282788511137156,9.622528451236313,-0.0,9.687447424981913,19.188789512769063,2.567404770322344,19.667615882974534,12.657298932306428,28.568099536092888,19.261340496600948,27.504973792561902,16.67625513897879,6.716017353204725,3.750165933797502,8.653838039397044,18.00458370121206,18.934594877210063,16.945139943139548,31.276275051266822,10.871547478382647,17.79588991061759,7.569189127384129,9.49436299788772,19.202997912136222,12.48981303947397,21.688848016520943,28.484503798240702,6.851280932286506,25.813730112750616,9.798284968562543,11.796122040184455,9.55167881794025,6.780062789712227,9.709862526862231,24.98245459347549,32.19576892647807,36.15387307618913,30.628658352328323,34.593909515148425,38.00102260121276,27.357669545550454,39.289963046706625,27.852457063184946,9.876716639275248,20.695238012351737,9.938052715600568,10.968925975821557,13.30357160045237,13.772535581387686,21.865019322965097,14.887797803670217,5.458305004400388,16.82307881224351,16.608886301731044,32.52846623577055,30.704599172376014,30.037158352601004,15.696505021952511,18.456074539514603,17.55289090543331,40.284797636959894,44.075784481632205,18.967308408838363,18.64539871789212,18.147930019076068,17.001954905152022,20.56653565084812,12.729679936434426,10.640003930846664,12.286044167596204,12.365455963063157,10.117225442255984,11.00222229727269,10.533041684421162
8,10.098178367529288,5.966197301431416,7.077092447262722,22.06198230631045,13.472426896386091,6.168118507353147,2.858402576126844,9.687447424981913,-0.0,16.660815739819245,9.019636735184429,17.87519032844914,12.70211942820558,14.160561991913593,9.948963838592519,30.00914411568983,9.189881021571596,4.167749880756186,8.843361045740382,6.17855104073783,14.465288627703684,11.038412184425466,16.01022145398688,23.634466159169634,8.164897040938977,19.59356820386492,8.038562121589248,7.973383043317701,16.292842282616355,9.385764096027131,21.629516772828055,28.16714232818518,8.636077588837436,25.987638315152275,9.097099215263666,15.098463153426882,14.206138021159068,8.639989497800526,13.34582847627018,22.48422069689629,32.492708001037236,37.86492968135131,24.13492538676251,30.22127201622819,36.29050177224171,24.118735646626295,32.90454273132179,26.67239897487423,7.017558011704723,23.880684463590544,10.015136166125966,10.560387774284546,12.878437163268655,11.477924185770974,18.639890849103253,12.383709915355775,6.932092791466819,15.991569500613537,12.712290713238254,28.173794030037904,26.890529580047314,25.088655554577368,12.055892869773295,15.603240604785743,15.40483054980791,43.51317337244582,40.610345038229234,15.334731892929383,14.948200450871377,13.404966269905309,13.657430648628734,16.991434863851264,11.121850517875366,10.645208291872496,10.353341659971386,10.845812240934979,10.089286235174082,10.422239899706053,11.430856807523218
9,15.09010444683108,12.846893510268284,7.696399141755733,20.101372767192224,14.4667286074015,13.343514215934562,19.292841245465976,19.188789512769063,16.660815739819245,-0.0,15.74865656737446,1.656821901981779,7.6205239468420745,27.273594708727416,9.88862342269062,18.40136458228762,16.68615538731966,13.460217843506166,10.555153687828941,8.464594048010127,22.654344827126433,6.920002552976351,6.751232809424957,21.2182461838253,14.913810089884675,15.08151988542772,11.283668942800677,14.604826625923359,15.084071272744728,10.796668306578676,8.518769691299351,16.949988818790178,14.096619786673319,19.555568799405496,16.31222291063041,18.62708749015575,18.283692093369762,18.70749092612264,16.299996009284555,12.000248875019945,17.00709114104745,20.857640572870842,21.413503944604475,21.867789237898716,22.905050235933082,23.537050729976134,34.38844386607718,15.077181418370499,10.830942479664417,24.386523759753633,12.15004223276766,12.657284719874045,12.772511051742995,9.120869291055834,12.583783385300604,8.985557025617668,10.10629115574737,6.8851296111197335,20.49402113787022,17.295712989873827,17.436203096916625,16.92078849570311,15.208502358735208,11.192898153521728,12.57211447399438,33.266647520553896,35.47058637033881,11.668953034187728,13.0523941182618,12.115346964043846,9.577059527134848,12.336358797336706,11.60912640512927,12.382798737681409,9.719656675948857,12.643911704479217,17.968456439513357,9.258147725038251,12.506632447477891
10,3.6821866266738708,4.191094787088265,10.93248549190604,20.17558353627459,11.376460728113187,14.671866214164188,8.112360909482556,2.567404770322344,9.019636735184429,15.74865656737446,-0.0,16.310036776940297,11.766446619517872,25.480825181943725,18.92017664427857,25.20233464967834,15.124350659827797,7.228320690787458,4.026117596279393,8.639626674252677,16.85912264860239,17.339256853090323,14.256089399050591,26.94805705256046,10.444787131815854,17.017079589536138,7.47476338610059,9.797700172489911,18.47905909018775,12.524814661878127,19.603646277592095,25.9627723097327,7.131707891956395,23.677208499887794,9.373425929828597,13.663166987190673,12.964951500227789,6.38340838067838,9.924155780576362,21.84602517303607,28.840233767967153,32.02845532155342,28.73274836586129,30.24906713159538,33.12426523128922,26.631133818510676,34.617849941902314,24.43957037167115,9.62685135753617,20.665030372039183,10.276100093341153,10.888707441751558,13.461443242230049,12.997952481357009,19.21901148891204,13.627234439357686,5.096274311308006,15.790610859745827,15.810544382448438,28.253667472105047,25.913777396328964,25.643892810025516,14.377067134962974,16.62612751577955,16.248466261339143,40.620880233764964,40.381293471385206,17.019079558326062,16.789595757416365,17.043114723628637,15.867868302998568,19.590993887344283,12.518921676493761,10.133671033084974,11.317988137917316,11.516006010925617,10.356961438612517,10.442866779809348,10.810623459828616
11,16.572129216479514,12.010543458933746,10.147493666512355,21.20603431952788,16.794003175321997,15.593475444496896,22.376500629225998,19.667615882974534,17.87519032844914,1.656821901981779,16.310036776940297,-0.0,7.4983629986770115,31.74036446327756,11.422039355104117,20.47784129954485,19.563022996967877,14.885026663632722,11.998395228962902,10.230937905498344,26.57087363320832,8.924186080711996,9.632000529855661,24.509536374517857,18.224037306075115,17.72367567198253,13.17990191273155,16.129853692076413,18.074747478584797,9.949539021487581,8.831952246831266,20.132670931038444,15.954789526641594,24.090501808175766,17.246017423862373,18.89807761601639,20.56087017217288,18.765911308377458,17.622009022001695,10.824534437711405,18.775637838889903,23.3512901403957,22.119906188140952,21.60505981930968,24.822748304063055,24.51935163246098,27.820670302545093,17.32496519971457,11.705389982375388,27.83217950416671,12.431324924832673,14.230173951071558,13.286114512398855,11.015679718167306,14.3282651948245,9.21102659262191,12.39414867895733,7.483619032450372,24.492238816996817,20.893624813981273,20.363322638765183,20.235270364403853,18.166680672072037,12.893474131971526,12.674534050926948,34.7580166390013,37.66707550958461,12.888331997919082,15.062520768295336,14.243435777149747,10.88183214614998,13.020204221435588,12.710986527911277,14.253614658023157,10.229544893313474,13.871928886006192,20.607401378141624,10.405148491983676,14.516603233977552
12,12.163670245009945,7.644309043550014,13.729066444885984,26.5375284205053,18.615802112492418,13.220703377607359,17.561718965692904,12.657298932306428,12.70211942820558,7.6205239468420745,11.766446619517872,7.4983629986770115,-0.0,22.617874498418153,21.001484946467677,20.867921107082324,11.508946435372364,13.013703295020736,10.183726030175402,9.66747819632035,15.264066956939955,19.44792226077308,15.548824335266332,26.09521738415963,12.67278663740179,15.233352519935334,10.871847506059527,13.238057931721697,16.594374525913604,11.002469512415889,13.873594190311538,22.993188450234562,13.09811476191482,23.706203629329273,14.647858881737296,12.73385242854005,16.884287531182334,13.36993505065267,12.3764335709779,13.7391849655058,22.945666657062215,25.729782847631146,27.189746131340254,22.98660394797172,28.492210471298282,29.016072541722124,33.614903359519246,28.960443808681532,10.606848600840413,27.348027296814916,9.237284588391654,12.589036779121708,12.268628542004254,11.048082748430463,11.924956570883422,6.767308345348129,10.591493859823421,6.518189116086394,16.634012130597544,23.65750869017114,19.886211376893257,21.370383890535145,12.456021372585422,12.855556038669723,13.1019703049179,43.9122873582074,39.42760057180951,13.620105589728597,13.75729048613619,14.313620490448104,12.116156818705672,16.501019589626218,11.725997450865888,10.662682207347595,9.139143634707033,11.39876010859471,16.705802414248506,8.7580691204007,11.854445738677875
13,36.814923167660154,24.401385116706706,31.88043656022582,38.73733236370046,43.83959430232791,11.533238844543774,22.263821003246374,28.568099536092888,14.160561991913593,27.273594708727416,25.480825181943725,31.74036446327756,22.617874498418153,-0.0,32.6422715332946,15.54766650756305,6.119134522961223,25.31299277053288,39.195988926496206,27.35957115290114,6.810236775169535,33.56721943276105,33.30065197036074,19.284082582212633,15.076929446789515,24.02575271230981,24.378803064288586,25.44113439427677,25.743936713248782,22.381347778730813,25.983167572288743,23.703596042640214,32.015392650219184,21.90974934078288,25.06375277021637,27.13138222248352,30.400279804199958,24.380211688725794,31.203540881505447,33.271823014712275,21.0857565578164,20.663801432976392,22.31955245017815,17.755733077807466,22.266641792692408,23.325508806347386,30.280709983500124,49.94806427158755,19.946538645707513,44.88175639373351,23.01307384855787,26.820975249421764,32.73858531253268,24.039511919025408,9.66873571952708,16.801565501554272,27.989070773117053,25.77273604678409,10.630346805556103,17.469603490323323,12.327968873168892,15.054568383736695,10.329105452743718,15.667955667087133,18.690255344148337,66.01258200212185,32.427118044541196,20.800692601192925,14.800220279909869,14.87186477982573,20.02039016326031,19.220609265974367,22.616300556854448,19.030286822949037,23.036700718309,15.454780135688072,25.382560133417012,30.62400515051623,27.60713877705674
14,16.322412280086564,11.289806634746137,5.964996563476934,9.015938490470054,6.0934132861883175,10.56453738873644,9.56364495421605,19.261340496600948,9.948963838592519,9.88862342269062,18.92017664427857,11.422039355104117,21.001484946467677,32.6422715332946,-0.0,15.549589229708115,20.137677949875005,6.626532786369679,11.196774886554717,5.951682048064684,29.177215085656535,4.025999810160343,11.842606127773358,22.58778764687127,10.91056471348153,18.009148657577747,8.500931200252898,7.666804134576024,18.99530700324164,6.781528128017535,12.992257583215242,15.487255403368401,11.587227105648415,20.91107087338097,13.52662438772054,14.511126630923938,8.931023296424337,14.530298440075544,16.045693156094213,12.783161485169469,15.321354152260394,19.80811964252113,21.750696162491092,25.12586255608432,23.799898886876594,21.800007941381406,27.842303722588262,10.01354614083253,7.3879128894768185,25.52052572851932,11.024581323924446,9.097044530298751,8.520808381428479,9.090766440034695,19.512689453611298,16.592401831134357,11.903483037813814,15.366229842624595,17.146919101995007,17.753754807361688,21.678341577486922,17.10429846826588,15.334803068218815,9.686990172696296,9.338717529131172,25.953126737464263,31.843348192356164,11.003937930558019,11.078207727243944,9.466398507386723,8.484930949135576,9.57319333069511,8.390094101658995,15.388320045329804,11.898727595071342,10.44008015248237,11.055580529896824,12.552958526553287,11.982056253244341
15,25.892629734154266,30.02817544135817,22.97115569222023,16.57839360058606,25.175618355911304,24.06565566757309,28.14051019613327,27.504973792561902,30.00914411568983,18.40136458228762,25.20233464967834,20.47784129954485,20.867921107082324,15.54766650756305,15.549589229708115,-0.0,21.953808663110603,25.696105752815516,24.014259314281677,22.002460548023755,20.921650909077282,19.243800605702187,20.469125747524053,15.960620338217437,18.05267684199771,16.299793313335474,20.942599196125148,22.22699676771177,25.058733637525886,16.80012863142828,13.770782648433151,12.566785742666028,24.082090799039896,16.606478898624584,29.719507986812584,22.900477302491357,23.558961146644336,32.77210414142405,26.204021326712997,18.250802421028407,5.957133158098335,9.755351361087735,17.953943539372062,17.594082516852477,16.45733585225234,21.826737142292394,30.866543485655228,21.788370731895885,19.7805578887815,29.148159483890257,24.591631381323857,20.551812677345566,25.04778167106056,15.343501687973626,13.397001163377576,17.968297833881927,22.217696240553288,19.21706894310218,18.970201313312973,8.037601969351822,12.171573216571309,12.193939921728235,17.886869108109643,12.072879473390858,15.409332037902205,31.95108252366466,27.046188141429358,14.574080484032695,12.976998711996481,12.679892732443271,13.074759773030207,11.135170034796058,17.368394659890964,17.670848990630557,17.918971664098812,18.879506776434777,21.889653900908733,20.332248256123005,18.24035772712431
16,20.689957344573333,15.051290102879218,18.82884126597137,29.624542457270653,26.215706254918338,6.956010163374108,11.462729263404212,16.67625513897879,9.189881021571596,16.68615538731966,15.124350659827797,19.563022996967877,11.508946435372364,6.119134522961223,20.137677949875005,21.953808663110603,-0.0,14.201115191108602,20.885643586919358,14.413966828641733,3.432593369579369,21.23027757436232,22.173049752328595,21.30722256224797,7.473528435133577,11.717784366140071,13.267070558346553,12.86559940708486,18.519167208568785,12.411897373743864,19.457363262113184,17.946313084271168,16.26328197786783,16.76558781244359,15.077348865673766,18.406753318417685,19.200581409347535,13.66283960450419,16.289644968451807,19.846409804629904,19.647283607425226,23.950559432164123,20.491503554804364,18.462979194068527,26.744452525969926,23.362793418275626,29.228282144676964,37.00061459953062,11.458205796191944,25.745045081974553,14.341286556932255,14.640522958995815,17.36800636940067,13.646250910462815,9.541854178981037,7.906122943349206,15.545972062091955,14.718016770075883,8.545298942224132,20.468721180215923,16.549654109663987,18.53771055507688,8.618238918663241,11.816877533749404,13.030023412712772,43.3892646637493,33.3878417298213,13.785038059312173,11.857332381046485,11.787809790562449,12.565033154264288,14.423296266062547,12.359495877832565,10.801458011088503,12.738573454913295,10.204072912000205,14.163810621448492,14.620690324083103,14.673774189116747
17,5.443588907084939,3.102600479751858,3.105306085890588,16.24609203532454,7.5333764330959685,8.974133059834287,4.455915138015272,6.716017353204725,4.167749880756186,13.460217843506166,7.228320690787458,14.885026663632722,13.013703295020736,25.31299277053288,6.626532786369679,25.696105752815516,14.201115191108602,-0.0,2.831947488500325,3.186909692448661,16.9052455013684,6.424371559250601,11.916139975666379,22.893605100063212,8.392409199052851,16.326630021706443,5.533303003369948,5.376585638711905,14.919147543670121,7.687225732878669,16.4035117270002,22.89266469378087,5.01784515280822,22.249158423234878,6.529880000946695,10.69149570657656,10.417756880800615,6.859138569483482,10.559992728156734,19.08302156513827,26.588532766023807,32.07328557257824,23.642556681335865,30.439590375231557,31.77500636770037,21.192075805690884,30.853139166767157,18.56255647535086,5.485543360671967,17.64390750502263,7.1614910359006245,7.144592754494535,9.052712948290479,8.42074412368273,20.143794637872066,12.642027676549677,3.8376866052592864,14.634120920432817,12.970544677191729,25.206422955063385,26.353200339555702,22.869395704695165,12.365763711250205,13.982897611081595,12.63407592549675,31.902852580549986,36.745203184569135,12.95670752578527,13.501017619151572,11.900575345746807,11.098281330001212,14.202473245799528,8.64855600225536,9.046279926840418,8.732567947983586,9.600862229227312,7.4617317784304324,7.886927525243691,8.240544802136132
18,2.1399597877690004,2.358519883758804,5.465170835615511,14.513858026024394,7.681910146696158,14.514909534257923,7.839727946355677,3.750165933797502,8.843361045740382,10.555153687828941,4.026117596279393,11.998395228962902,10.183726030175402,39.195988926496206,11.196774886554717,24.014259314281677,20.885643586919358,2.831947488500325,-0.0,3.535697907670602,22.685221859416902,9.81048804215438,8.941086493582125,25.869494023040133,11.010249471265226,11.974341480472635,4.585990561716763,5.761189332534722,13.438220414146846,8.59779850828468,12.745009450080254,16.533890000837477,3.915411743547047,16.960779966226408,5.942730106201898,9.623044724531331,9.147020294126875,4.592841789068888,7.489965471265664,15.582199417530685,19.975633948201008,25.118313774747566,25.417786229862593,28.493965613461395,29.140271836821125,21.73323793554213,33.41396546678442,16.860037097282234,6.487462981698473,13.729042792693592,6.613144509078941,7.366347728542159,8.319977697556796,8.082969815619109,20.99968146086964,11.90163014964779,2.2132242899020667,11.931228257285666,18.05932189911384,24.858969189930374,26.594101395263795,24.84640631887674,16.088077256988647,13.708947072660125,12.310182656035982,27.467537764530473,36.62058952378411,12.281215267648378,14.537269533166276,14.290569038164849,10.7635989885563,14.67209216536262,8.690256635895741,7.790036671348502,8.248481389894646,9.828759660733196,7.789121339130097,5.812117123185346,7.4369979585153505
19,5.8018934958173345,5.020812897334681,3.5858296736953443,18.364141002048594,10.134617139565641,8.540343927138721,6.26893556532923,8.653838039397044,6.17855104073783,8.464594048010127,8.639626674252677,10.230937905498344,9.66747819632035,27.35957115290114,5.951682048064684,22.002460548023755,14.413966828641733,3.186909692448661,3.535697907670602,-0.0,17.31716902147692,4.696425431931485,7.246871209829343,20.18396944565722,6.399428532326131,10.864584009381261,2.9824653537447565,3.7970485394890368,10.128287258631588,5.380983173261794,10.000863556028277,15.727227901023099,3.7824361233583987,16.669096333463713,5.358160874080552,11.112287538599206,11.336048439972291,6.1278814694222605,6.692851757792139,12.906294900783713,18.62025630861976,23.50625770749634,19.093956272782194,24.10843008866545,24.351609220653927,17.339458453463116,27.53448589575124,14.701474068743883,3.720652404841262,13.968794029202762,4.2376676306078025,4.527134959663595,6.082821276334169,4.4581222875477495,14.706790724603822,7.4952934449153075,3.2330307003614043,9.166539493823551,12.203675680886125,19.50426253168428,20.30609845359915,18.25970758602348,9.631839933015089,8.871468914207394,8.337801696340472,26.263422436423074,32.280869621684204,8.753162174807919,9.759508104203643,8.77790729919681,7.2272218417635985,9.824162508116508,5.566540420079741,5.363624075849835,4.681807077954665,6.07671460566737,5.636458534660247,4.323729319120334,5.1463571074582
20,22.042102868586518,18.073233002853705,23.510007446466673,32.436689058126625,28.360837745374976,15.468713705453949,12.891859232866844,18.00458370121206,14.465288627703684,22.654344827126433,16.85912264860239,26.57087363320832,15.264066956939955,6.810236775169535,29.177215085656535,20.921650909077282,3.432593369579369,16.9052455013684,22.685221859416902,17.31716902147692,-0.0,29.014071954477735,23.643190949166716,27.133499931541515,6.7737030487525045,11.122167001420095,13.89698404982863,13.386533185757239,20.562587801099596,15.761368266564148,20.947523455582704,22.575183482815614,17.060169293085004,17.342823456170393,15.63831019923437,17.39483068331689,19.023892182847344,15.61308958877478,17.278053014156573,25.39228680047981,25.630296366963126,28.391248965981227,29.673227474623594,24.98250027714005,30.850142855240232,29.84215330745233,38.186620004153006,40.410705764131585,13.33692594065326,24.425631339278535,16.08426846529863,14.323107307126733,19.512176472747583,14.744101309988217,8.569269024972966,9.558899463578781,17.149558646599477,18.699374419996133,6.666725077515175,25.277286239975943,17.661479765167662,21.98850826658179,6.922919698047064,14.141542841535415,15.157369806724478,49.83489559519336,34.904453739866824,15.661525983221239,13.635768696818229,15.290766533793738,15.120595058656018,19.790802526740283,13.226467570022,11.13649406649186,14.089811729443394,9.87588413554439,12.859806443988832,16.599160238232002,14.664447455222684
21,14.691523988682318,11.243063410136463,4.51870823418322,18.012593029670903,11.010283754285044,11.592999985738837,9.073598370033116,18.934594877210063,11.038412184425466,6.920002552976351,17.339256853090323,8.924186080711996,19.44792226077308,33.56721943276105,4.025999810160343,19.243800605702187,21.23027757436232,6.424371559250601,9.81048804215438,4.696425431931485,29.014071954477735,-0.0,7.301263929594564,24.003840130506735,10.378511648860012,16.259857751872726,7.561598292288993,7.481362899871547,20.010600288916535,6.777594186654484,9.76238318617272,17.934902138532827,10.403991591635888,23.214406279827337,9.986208002926942,19.021093163906666,15.074885424867512,13.636214559997713,15.810240210033559,11.283281712156727,16.6001168458742,21.557843619700044,23.125202922201176,25.283782182008142,24.83911569217544,24.267282062616477,25.05319471246503,9.534561813899401,6.731975525167978,26.76854206383124,11.46568601164612,8.459538797249625,8.50954344272459,8.144886714139485,17.812753230555277,14.926562626316683,9.869852614037757,14.55661436933016,18.514878805741223,19.453607627066454,20.620586739721762,17.385548366665,15.23827595899939,9.651615384287231,8.921619470888764,30.84837180941758,33.57694299995093,10.79504619894464,11.115176417956578,10.367249883113553,8.465641770072645,10.831875237407893,8.099372494794865,14.185485716943754,10.967316457490456,10.686264976275057,11.097123478370495,11.654613882076559,11.498940342188645
22,12.30384699773667,14.799841893224661,6.410846649332215,20.30118401349696,13.067437488484938,15.332778458291834,13.94534906411444,16.945139943139548,16.01022145398688,6.751232809424957,14.256089399050591,9.632000529855661,15.548824335266332,33.30065197036074,11.842606127773358,20.469125747524053,22.173049752328595,11.916139975666379,8.941086493582125,7.246871209829343,23.643190949166716,7.301263929594564,-0.0,18.642227937800968,10.553349495583879,13.493357577345082,9.225657932239278,10.393394354891196,15.093086132381899,7.829605705444315,8.089513818449555,17.055174113977706,9.65447994219464,18.248051202886785,11.962437926532294,17.140822776390877,15.038940019901595,17.0720306856899,15.139294874387133,11.936175254258778,19.14081735403697,24.081441542327074,22.38842843902414,23.673414101357015,22.027255434727156,19.24798582402658,26.21128427852161,10.233946226185498,7.566411221578707,17.879700465674222,12.976678576651613,9.977040194751313,12.047929779147541,7.666124152354002,17.960240641995153,12.710346715989893,7.432176646848802,14.544761597999155,17.883107515022246,19.699579674541766,19.352393322215505,18.436287826083706,14.974980480810899,10.684457747021044,10.06693402438467,33.578622950168274,33.70436585457331,10.017095587243919,11.467148363746743,10.674932749079733,8.747984617949832,11.159336037875374,9.04651669169077,9.789555675869156,9.45657081917747,11.664948122555856,11.901258178056844,9.368733998146665,9.573535795627379
23,30.058273213610246,25.68911191624507,20.65691738918896,22.184491800915268,26.518201315935197,23.427891689061788,26.197357938682895,31.276275051266822,23.634466159169634,21.2182461838253,26.94805705256046,24.509536374517857,26.09521738415963,19.284082582212633,22.58778764687127,15.960620338217437,21.30722256224797,22.893605100063212,25.869494023040133,20.18396944565722,27.133499931541515,24.003840130506735,18.642227937800968,-0.0,19.36025773924635,21.039554507260856,20.98061519528626,21.418597942404784,21.16369247474072,17.284836446591807,19.893780023820778,10.225738444256523,23.84513053453481,10.451147438388755,26.900310799120703,31.04597819358256,22.539373000843536,29.255179647857577,29.099650273069845,18.278863472376084,13.197553241938419,15.518084463905447,9.231536199284358,7.850165207167738,9.601401404415386,8.008457155833604,18.78398544859383,30.937523916248736,16.346370885222708,23.526176766782935,25.478357815846515,21.32686011661478,24.798807089355954,16.711554382692,17.978990711302988,21.921172313300776,19.93304721805948,22.726107481899813,20.594502930167,8.68062101916779,7.768686325270908,9.567086428942604,22.505327440480908,13.476814767270271,17.92756026906179,33.22539355143615,21.366632999285763,13.255301491382442,12.196689148205472,10.835064066713752,13.274512189018179,11.01447223706337,17.31698813804055,18.730465332480527,18.529317786301643,17.47770105740122,22.807503037870084,20.769165737078747,21.342428688581887
24,11.105392531179044,10.58070689002244,10.876421775926474,19.75003538966081,15.709853205685484,7.206640679734347,7.288787447627176,10.871547478382647,8.164897040938977,14.913810089884675,10.444787131815854,18.224037306075115,12.67278663740179,15.076929446789515,10.91056471348153,18.05267684199771,7.473528435133577,8.392409199052851,11.010249471265226,6.399428532326131,6.7737030487525045,10.378511648860012,10.553349495583879,19.36025773924635,-0.0,6.1958265033273685,5.202070597195045,4.389226052741294,15.335053807536877,6.16374423350604,12.81862878799789,16.230314210418378,6.7159665712038805,15.469683847779761,7.136212951812316,10.503725356388065,11.098928809263585,7.148983494670601,7.114954322207783,17.432814064799146,20.368795758411718,24.022988258273624,23.086339317052424,24.706846126001967,25.486268736647148,23.244987179373513,24.77103437459955,18.981121756188852,4.617170886040848,18.85916910661797,6.254062566726339,4.860523143226764,7.0725465471793045,5.417332059390323,12.43102948155646,8.371722869221118,7.9125094853364075,14.901891236483895,4.621904435999999,16.48061195273583,15.701091543654153,12.548764140688952,3.5109238501634046,7.180072497621912,6.709831794355812,32.723310857071304,27.525572691661328,8.723550222264528,6.332539914066665,6.266439395107194,7.112830986524649,10.915438882278487,4.410224729225915,3.685257011345748,5.667223008811013,3.5629585096370024,4.039594651522056,6.746367894162674,5.175629805371482
25,14.34751129412427,20.038484389831254,17.083115745182013,26.735608664642033,18.130228805189855,13.473741712831043,14.814867478351797,17.79588991061759,19.59356820386492,15.08151988542772,17.017079589536138,17.72367567198253,15.233352519935334,24.02575271230981,18.009148657577747,16.299793313335474,11.717784366140071,16.326630021706443,11.974341480472635,10.864584009381261,11.122167001420095,16.259857751872726,13.493357577345082,21.039554507260856,6.1958265033273685,-0.0,10.068590480995244,7.856029695796917,17.930725946691734,9.231032128155046,9.146809566303526,12.468124097185896,9.149744147113916,14.020633472586029,14.114237291212437,15.188153034588275,15.058241633970903,15.236415728288424,9.542216605000375,11.549303313082346,14.413300632715517,19.474256972450604,25.78062345125881,23.460695768351982,23.974276020805874,27.568512032202168,25.692047601290717,19.359919709506904,11.10305347832041,18.371609598817415,14.065624364299603,6.9094899748893415,8.06923452749392,6.549940725610238,8.847108430963267,7.0527183046479776,12.799947581344346,11.167870317171374,8.268808730295655,16.504548831398157,14.335250347779928,10.913757793176456,6.712863811796178,6.2536157283309235,6.760914763930992,30.871817075703802,24.343287791685423,7.336536447972243,5.872454720082485,7.38221667109542,6.33206458510495,11.037697731137301,5.345940368681885,7.058318623263121,7.648399774823129,6.304572686025754,8.271319084461991,6.056199705695776,6.587258760215942
26,4.812786160029856,5.694268451760077,7.628095275170603,18.47373916848886,11.1806158559458,10.55533294809902,8.13930088344374,7.569189127384129,8.038562121589248,11.283668942800677,7.47476338610059,13.17990191273155,10.871847506059527,24.378803064288586,8.500931200252898,20.942599196125148,13.267070558346553,5.533303003369948,4.585990561716763,2.9824653537447565,13.89698404982863,7.561598292288993,9.225657932239278,20.98061519528626,5.202070597195045,10.068590480995244,-0.0,2.6229911994226716,11.669407364340195,6.323852076591397,11.462813602634057,16.879900394825057,1.3802571922346831,17.432089822645462,3.118183550216874,10.132094827732699,10.17126002107091,2.9032203115130675,2.7616208954611734,14.208140983644881,19.447843899146836,23.748214414583,21.803536799801243,26.1594780908369,25.978547398861323,22.127137380185456,29.57578330313523,14.862364770615171,3.5057675191276623,14.098817765098518,3.1197643070966503,2.9365889096098217,4.715438170811601,4.547143873858007,14.810993901756621,8.301664960748598,2.2517923902212726,10.766424664229813,10.156983039194051,19.810586330606977,20.294175081061027,17.64430755329982,7.8649155100442485,8.414180525138997,8.98092891234731,28.56919683011983,30.896321852706023,8.466914915341462,8.86222418988759,8.856200379376402,7.169202565824101,11.295690396560213,4.568807985987236,3.261410345801947,4.39819507667835,4.35247562770347,3.7360848056625313,4.270700341604063,3.935099516350211
