,0,1,2,3,4,5,6,7,8,9,10,11,12,13,14,15,16,17,18,19,20,21,22,23,24,25,26,27,28,29,30,31,32,33,34,35,36,37,38,39,40,41,42,43,44,45,46,47,48,49,50,51,52,53,54,55,56,57,58,59,60,61,62,63,64,65,66,67,68,69,70,71,72,73,74,75,76,77,78
0,-0.0,4.518034539481239,6.230726023482673,4.464991905528652,6.042063519800969,12.302225652893497,13.920783279065581,17.308690090387252,13.776538296191191,11.114396858710794,16.242454174189803,15.757093464463942,14.71463686922457,16.338948128244414,8.555954339936884,7.7354989782141965,11.880388707397417,9.549956320825745,13.02546828903903,10.597677367201987,13.878696115279366,17.382367309713267,18.115053231638043,21.36087596873941,14.005341455508919,13.406850353348055,10.668680518875867,8.131322493038176,10.212289007368454,5.675533260552511,10.884067353742825,13.679106028933445,14.763799187172262,17.41778177771717,4.159687123145899,2.71201215951233,3.545784524279987,6.907795991320184,3.1552649949645932,6.6368991842968486,11.247741052402802,12.296803069181857,13.60929739514455,15.13125566755074,15.99534938842711,15.427572379200903,18.626125247261374,26.439913928460467,34.899376813321744,8.93972438307074,14.239708437973546,14.080411125959667,8.972880406526436,18.41601786423464,14.774235773030178,19.551824194222583,25.405506437170043,11.166878867258951,17.59622318133794,23.682371950189545,22.363054379576713,16.556203031015155,14.884596960847922,11.154725113888635,22.057544858253458,25.267324182833047,34.90924618891584,7.1108398723877135,8.606200981944346,11.785279505791197,19.501143689614395,9.319547857409509,9.774009591285413,24.18410519288262,17.729750892536476,9.920617504047536,13.877051196714973,13.893086770716382,10.559512460415036
1,4.518034539481239,-0.0,1.8855752880923426,3.1445943359047313,4.064020122628786,7.0873274207558055,10.32876737925087,14.804474979930802,11.1490508029259,7.598994942710988,13.840245507649875,14.018499637985547,12.429361565511696,13.998103473585145,5.8293614807780525,7.219114362911,7.3007597985119075,5.808709904385935,8.184494038265859,6.140877451365049,10.142006970343218,13.719920922033136,15.349324390461044,19.487751740415916,11.665788137651546,8.722094367771831,6.912779476172466,3.41946230744188,3.4672780671223924,8.76423438125479,4.454392282334888,7.473128360466576,12.636798011993617,13.794864650496438,6.704043502632268,5.050003218737069,3.2303714833173385,6.036639515455852,7.195248025943134,9.812144848638594,5.705811041460766,9.702885434392474,11.747702113928064,13.042610992036268,13.412908157940592,13.634874421373231,14.854059624759234,24.816396087026966,31.723202822081312,3.8096187791885114,10.205222540726034,8.8009411021311,4.800995381197009,13.983323030559742,10.274357175980523,16.514786850940908,21.767496707205474,6.254416181897107,16.070571794467824,19.91545322572926,20.34607058112336,14.17250151275037,11.960133267997948,6.632724841366233,17.895062730935308,20.98132648128021,31.69769242454358,5.871744661486159,6.830455078006975,7.816373310480908,14.826261248042671,7.231223149494037,7.13251737346324,21.092880060006816,15.237346522091622,7.434845060312236,13.317229724770627,14.402344724048552,11.238240315390577
2,6.230726023482673,1.8855752880923426,-0.0,3.3357878656135966,3.595952487725716,6.644961866111079,10.355863667491073,15.289474451331149,11.99058922940779,7.80217309165513,14.235380896538224,14.71565374947979,13.195090805432086,13.540036015087452,5.309440732880766,7.462738984836846,7.409337375514797,5.860045343474081,8.08178754814564,6.726092054956051,10.102109080723224,13.392082613264137,15.024149132903093,18.78590217629154,12.719241796478673,9.617120941279605,7.027624847091558,3.663650558481983,3.7195908892970575,9.49852291733433,3.6435954722117296,7.152464816003116,13.855599665058081,13.682460122618922,7.603260459335687,4.721280438713039,3.194881076193503,5.547157300812223,6.466006349821861,9.38289491032957,5.133371124765258,9.621936520830692,12.883666474274525,12.857577374151607,13.085454422016632,14.618231779892735,13.97553427170596,23.326247136606128,28.700357061990925,3.7377441457586493,9.730648165694607,9.130902384827175,4.7057730018388355,12.726347358030134,9.411003665003149,17.68057590590401,20.222510585817524,6.341354148291256,15.332308653548472,17.105825562370875,21.31901506083158,15.108865265951776,12.269377391430066,6.243509095272524,14.839835820733464,15.80014884194118,27.992271071450467,6.368167926171138,6.707876700111458,7.437520007783392,12.891816755191194,7.309622363836278,7.3661491700771515,17.588451679530507,13.683730304186705,7.951659635764632,11.576005696909066,12.040555272060883,12.5717247344107
3,4.464991905528652,3.1445943359047313,3.3357878656135966,-0.0,5.138156069496837,5.405671101361207,7.3815336635241575,11.051884136404821,7.628689456470951,4.759454451759305,10.151261856404393,9.817982555905374,8.617259500676003,10.197060793272321,3.8513965148174227,2.9609178808988807,5.746429679361717,5.03422065050283,7.451321626536213,5.271850533357433,9.337952243928555,10.428743289805158,11.66503367061432,15.160486238361848,8.560472550441004,6.807387819680599,4.784047700992993,3.920706335555848,4.054910973671246,8.43506379425984,4.306569137550237,6.224349381535239,9.031526226141015,10.844799329033483,6.555218751452096,4.719172861555902,3.8505117824660204,4.074279463429306,5.669418402607693,9.188222957995734,4.501949345660144,6.470233536570264,7.994615183031744,9.388561498351567,9.892733992754819,9.74149050098657,11.828296516236083,19.216095439205553,24.90612990297307,3.270504293115314,8.081982480496782,7.239015979921321,3.9665388624595113,11.328421457307826,7.836428707035546,13.309386046068214,18.024193279440283,5.890270604403554,10.606888022637929,13.306502916658252,14.69251593520522,10.75662969829317,8.578327233492978,5.304849662152239,11.72196349178443,20.24182431288664,22.873156682753706,5.519948183092969,6.559986738074529,5.513686118332938,10.49425188772519,5.441808801929562,4.913849351346982,13.635464628660678,11.566949056522834,6.558926225328585,9.30456845932092,15.923151564709055,11.156621857015402
4,6.042063519800969,4.064020122628786,3.595952487725716,5.138156069496837,-0.0,8.599845986296009,11.63793992149187,18.241836211906058,13.23039453940521,7.499920531073987,16.600459183619076,16.63028972669259,14.715465404135642,16.644490390918346,8.508680332728325,7.72019100991821,8.211400126212748,8.123711336028661,9.780355226573981,5.944861329049439,13.737315165910266,14.971395725998994,19.067109387408113,22.373207169120406,14.951502110252553,11.84026729892933,10.484766946692213,4.484144732833818,5.2072757750279335,7.285426695538171,4.5143849565711385,8.171309312484079,13.899755198154942,17.376372413985955,6.492938725198171,4.786023889344346,2.4297305690653572,7.999606430514569,4.398797921411777,5.935650149697457,7.0283030557342485,10.781387702600707,13.184105514024116,14.25222762432532,14.37118878440547,15.414641822175712,16.291700490562665,28.61892771314918,34.50902352366463,6.546057257675647,11.686552887866924,11.298865507259542,7.808898823906478,16.759159348524218,11.683750822845782,19.58477395567597,26.403239016863456,6.353077897315762,17.3420104412346,20.351412034479935,20.51151327741994,17.26861512027883,14.23379121957481,8.820802910747082,18.371582786066885,15.795045229938282,31.783677596736794,7.679692581183817,9.968879777297474,10.218573783842496,15.65814760608091,9.754417842494483,9.13462174638267,21.33921623278009,19.754029292617954,9.0703297762613,14.2287318898065,12.449485078107806,12.463328352757248
5,12.302225652893497,7.0873274207558055,6.644961866111079,5.405671101361207,8.599845986296009,-0.0,3.3444469069125478,8.152311382710423,3.802553646967383,2.8489720559086686,7.058908296485938,6.724462501900978,5.496457629855751,7.065417406566571,4.477530639859036,5.150694974244123,1.445589016853666,2.0480523305143445,3.375443104231178,2.8239296152022995,5.035852506464179,6.222154185675905,8.98651563545584,11.775182964668117,6.303127040082957,2.9446574127557863,3.5199240227524937,6.355403400072636,4.366915698797592,15.520285413491859,3.7960597864358876,1.981747476454688,5.650980673129631,8.095090728224614,14.664389897119726,11.418415804579585,9.492023102397798,9.116200452640578,10.46948880887101,15.051803386027139,1.4678176366808338,2.7069046526479505,5.176347220937525,5.626257579916683,5.3269613573877495,6.456798606892902,7.925612678717622,14.066208381898507,18.707033832793634,3.4586265190819185,4.382524520556963,3.0221615642811868,2.7492005458013886,7.196675765285415,3.914368665264993,10.084013626163138,11.6327116932505,5.437613103688709,10.31958749069812,8.927576810827023,9.372046262675985,8.162251020699285,6.833087097861303,4.711381003426181,8.074261976093394,14.61345822802571,18.26323682883741,10.176779693370923,8.91659049714984,4.339715146923981,7.1471437080398585,6.254953092892173,7.15010308609734,10.284311101897472,10.827374905846998,8.318427205199301,12.732686048487656,19.18679214678529,17.39468168396125
6,13.920783279065581,10.32876737925087,10.355863667491073,7.3815336635241575,11.63793992149187,3.3444469069125478,-0.0,4.423102076122158,1.149768163034085,5.566501486816128,3.427850063968945,3.4954000322395102,2.05858331017675,3.9199909734153975,6.64861229811565,6.485119985271381,4.6330879306270765,4.115227113412012,3.948394456594204,6.106574607761562,4.356482662968956,2.917502472364678,5.092677711729342,7.629965768558608,2.9136853430349943,2.073974085939952,4.31581937157209,10.032723793769192,7.9921235648123865,16.300136190198987,7.258770652421112,3.766267696055006,1.7431394768299442,4.3951323164064515,16.541158339692732,14.249547938858212,12.405863531251114,11.551903603023606,13.340084418173408,17.088398003631486,4.425784610513712,1.5784620238109597,1.9365360654133417,2.6566465344574506,2.4338479396989645,2.8456819316559163,4.234913999354267,9.676441112901554,12.66586474437316,6.391454335951646,1.9494956843433908,2.1953863429640283,5.669629479438681,4.772478537072116,3.95589984214386,5.939094140209107,8.13930529787734,8.235098929005355,11.683462182384325,7.320387479759359,5.366940344015128,4.13189319838741,6.595064552932001,7.1798476415122625,7.881029583964179,16.965108933454506,12.800216620565411,13.08253992428839,12.054435683530306,5.914395085687196,8.323286427273606,8.045119348240785,9.545441510691008,9.07125779495075,14.225100799264402,11.244406151577905,16.081984540325678,24.945179720293428,20.493072944490958
7,17.308690090387252,14.804474979930802,15.289474451331149,11.051884136404821,18.241836211906058,8.152311382710423,4.423102076122158,-0.0,3.584957687971669,9.933727073034,0.7749605832026341,1.1475225101061006,1.5647981245401879,2.495532867509511,8.6049796858128,9.418600003714879,7.931001727801883,9.17363625468979,6.032389539620133,10.209570726193451,6.838492246441044,1.0470195816673302,1.8784107882579797,4.3462363040222405,2.5489676281462543,5.107757700826979,7.0402792467186375,13.90893641370661,10.91275301882946,25.431733051745113,12.622459072889729,8.933442297975143,1.9808352696864011,1.7561353024800095,22.79211291170755,17.69922438767982,16.96327307041395,15.028804809927149,18.547476383598752,26.815263296574603,9.228516049636545,5.487136687478469,3.0195366491405853,1.5731237008577588,2.7559451898450518,2.662857403826154,1.9262688394731913,6.158166531326728,9.100065292404848,10.534953269008069,3.092296170850524,4.32296796708057,8.818254154430486,3.9817153480199483,5.759377196650004,4.450834093009137,6.4281237716739374,12.23509986051888,13.68344653973098,8.211317267704048,2.7819720313850236,3.0252662552098237,8.777308913586296,10.64565201578794,9.624231470466935,18.764345551941318,15.083311280521404,16.325470517126323,15.202339707535591,8.26772361243704,11.122036202025148,10.78768654970588,13.374493350651166,11.000911423295113,17.241054216481828,14.010770647652455,18.233111585436024,36.45576727457912,23.874927952768218
8,13.776538296191191,11.1490508029259,11.99058922940779,7.628689456470951,13.23039453940521,3.802553646967383,1.149768163034085,3.584957687971669,-0.0,6.208579643885063,2.669348981998909,2.8732732951624245,1.7990030189214143,3.5140263140945973,7.7950687238810525,7.297079309369391,5.446249926948824,4.509638044833263,4.213262457288331,6.522833966128549,4.662272215317273,2.538660924400313,4.199798386813166,6.981897122843624,2.2308854299373344,1.8604503506162537,5.313567189588657,10.836118855419409,8.851748594483789,16.589581809412454,8.262819413528025,4.443094567183611,1.4130193427088151,3.722736910476899,17.388381806335445,15.450283502466894,13.368008035881521,13.314216926370946,15.086000081966018,18.189433569774707,4.976734248381614,2.2492262761505857,1.7130619921069563,2.1063361030580303,1.8889348825038275,2.60935009033078,3.3363236644418945,8.364648091439433,11.787369421485005,7.248043194312942,2.2315662731845483,2.226756420814595,6.064324297493858,4.020878404178844,3.6558718386613664,4.979219568570335,6.9534618051098755,8.998152933530774,11.977596817555334,6.674778130552384,4.44004562308683,3.2450935343285234,6.2915149945704245,7.191601927316218,7.235577705142806,18.689068373876896,14.315298465797406,13.520031255217301,12.536181079023793,5.935123096508689,7.758253387753981,7.948916650666379,10.367600412710317,9.03342621480832,13.880622931950047,11.457409063790553,16.247937803752166,25.98734238546771,19.571005358255974
9,11.114396858710794,7.598994942710988,7.80217309165513,4.759454451759305,7.499920531073987,2.8489720559086686,5.566501486816128,9.933727073034,6.208579643885063,-0.0,9.605364100892034,8.495328312460273,7.696374928544571,9.06248695278165,5.652757650540007,3.3130470233043336,3.7739920962381768,4.796969191446878,6.942209311881266,4.7590312983679235,7.931891787832312,7.349609137280628,11.027344446389428,13.75881066186975,8.36749970723246,5.797786958064388,5.793884459552138,7.494092550948698,5.579267453407174,13.576113533108428,3.066524765163218,2.3731246164173814,8.484153189405625,9.848609668459757,13.12952404590548,12.225835954236382,9.369691171012967,10.569139170440979,10.341393730002556,12.825958702171638,2.2960736880963006,4.54923629678047,7.203748895227716,7.700545662719281,6.3592879168688805,9.234345628960192,10.266936601943298,16.296624095442244,19.7634286135112,4.980214488330783,6.626675331546365,5.593421778030291,4.427482532135324,8.628946042925815,5.490251707022755,11.519949008932453,13.887452026564477,6.2900532016484325,11.370825727944725,9.797713781606888,11.327076243794833,11.15318166782049,9.530663691718829,4.941684408713967,8.967306936432541,11.437396547956698,18.958650515305507,10.661620268858947,9.975086980087834,4.764033213658803,7.729210295358817,5.9759269641416495,7.24827873724953,11.257554684627362,10.601360370291124,8.420357927298143,12.473544421813948,20.055899389477723,15.402628574610157
10,16.242454174189803,13.840245507649875,14.235380896538224,10.151261856404393,16.600459183619076,7.058908296485938,3.427850063968945,0.7749605832026341,2.669348981998909,9.605364100892034,-0.0,1.0935848085151727,0.9047091113019131,2.1366416620385436,8.300037094512865,8.423506248116523,6.9948581305346655,7.794652395545972,5.346620081135246,9.18158467293721,5.433380693949085,1.3546609043645956,1.7377827414370723,4.263897845421962,2.369693905574922,4.324158093157642,6.358852303347689,12.714119420464998,10.208484212645205,23.112649380157055,11.484107021569065,7.7498755261371075,1.435673974181742,1.8490833770159814,20.39661682390478,16.688543318827048,15.76279821327622,13.676854934766828,17.227779768116505,24.542502045505646,8.157429972997326,4.489338407077847,2.5633637548040715,1.148124368713977,2.1233079793575906,1.993460691171547,1.664876543088641,5.981015353897042,9.403195425991397,9.43450640314012,2.582791619148176,3.8584057555850575,8.130002869588884,4.097748222506825,5.355215526674083,5.0132417113461285,6.2119803394556286,11.283012415855222,13.587015737749075,8.064003688684664,2.8362824736107703,2.650729198102919,8.24904079519555,9.919179255779476,9.336089380973583,19.84013289614372,13.737512946719395,16.021920565084354,14.542389548354365,7.945825156403135,10.628515117009485,10.308945673895552,12.868632298475129,10.2189505273154,16.63912064768693,13.515599616523602,18.423881680150004,33.91871525963451,23.32956288802765
11,15.757093464463942,14.018499637985547,14.71565374947979,9.817982555905374,16.63028972669259,6.724462501900978,3.4954000322395102,1.1475225101061006,2.8732732951624245,8.495328312460273,1.0935848085151727,-0.0,1.3967879645769725,1.3645959113592898,9.022699488822427,9.278361942437517,7.695242821480017,7.529274804263536,6.195074947084568,9.585940977327198,5.821060095001962,0.8655531772228131,0.8663177032471543,3.318831401290464,2.931901513926303,4.651767857150364,7.005464532330849,13.439841895409268,11.377097282121534,19.67695890772942,11.348626593188804,7.070605980825813,2.1388817698861398,1.8628685140469603,19.325766810201376,17.526196562987597,15.940915143809466,14.701606963842929,18.28285442041941,22.01705837452032,7.936203905524214,4.347455114244792,3.2976489476449875,1.2784652508807848,1.8181683597964522,1.6698478763093394,1.2741179564576741,4.621739305849506,7.3368824665015575,9.838303707866336,3.2121047165234113,4.554925235297623,8.877052959703235,4.383450050505262,6.110829574502572,3.5371654527085976,5.15489560029931,12.01163041387828,15.184794195333472,8.887032300147002,2.7380785435739874,2.7725068182361396,8.983695106005664,10.342162682982194,10.38533624346268,20.61114456442522,13.791922395745333,15.837532065582858,15.510117747114244,8.409544108957228,11.46740281192044,10.310151531470291,12.74935559693109,10.983136863057194,18.11541269124363,14.785745581518405,19.39919875878185,31.859855990894307,23.20365114317941
12,14.71463686922457,12.429361565511696,13.195090805432086,8.617259500676003,14.715465404135642,5.496457629855751,2.05858331017675,1.5647981245401879,1.7990030189214143,7.696374928544571,0.9047091113019131,1.3967879645769725,-0.0,2.246074523613136,8.75040311414612,8.271144278199579,6.88099481855811,5.912475494934287,5.065859534476728,8.157845971879494,4.94022067628771,1.1195212277017128,2.1774907005567616,4.847015263027594,2.185657941379543,3.412642332176414,5.816064495087031,12.120811486944287,10.35729764890833,18.274553117177728,9.816180314331948,5.914894815383734,1.1434378518162303,2.3155654264640906,17.422424390131532,16.20089357106853,14.939482808705145,13.109673942260416,16.317613917859163,19.945977426996688,6.543360522520303,3.0752281708174167,2.200678358726276,1.0454075322363146,1.3529397890852837,1.5782921844799331,1.9415872250334076,6.499995209198919,9.631160860976197,8.359822577116141,2.0408431779032834,3.3440763207673476,7.519906789764442,4.211815928372711,5.486330343750843,4.478156788681704,5.906131141120234,10.643246045520236,14.237053969043409,8.861619204070202,3.364932544355367,2.8538133371437517,8.387597936417652,9.469807369802753,10.081522121003088,20.5229889760431,12.795399176593808,15.294204551896827,14.767514671739491,7.7687752954602525,10.846813946842445,9.743228353555892,11.707960642230665,10.766613867604471,17.40919381793391,13.668442611933578,19.24903498288859,29.466689936778113,22.950766520741137
13,16.338948128244414,13.998103473585145,13.540036015087452,10.197060793272321,16.644490390918346,7.065417406566571,3.9199909734153975,2.495532867509511,3.5140263140945973,9.06248695278165,2.1366416620385436,1.3645959113592898,2.246074523613136,-0.0,8.55178817091159,10.131925075678781,7.99414829184172,7.977709053933386,6.55461322369945,10.291337848846956,5.6675703844836685,1.8330694277154636,1.5109443115731065,2.9004145044814407,4.2561753177406265,5.495274056676725,6.548894999367174,13.311170977662766,11.64718596062884,19.770023807093622,11.346484619486352,7.651470898501084,3.198155098685278,2.956215883757179,18.901950843403792,16.428865649813826,15.889866501879057,12.372507606321085,17.77905818301687,21.600368626382306,8.42736354148458,4.538520378658481,4.528225557567586,1.8957519369043732,2.0076066544363766,1.6998789092660684,2.0028133844687406,3.554795029497863,5.75501693371668,9.929141516097888,3.6871497090194567,5.561261369259049,9.629694656359131,4.887630309118311,6.729361224273477,4.518311766035287,4.355854253000511,12.208122861216,15.850130248101067,9.945781013895143,3.809546321730995,3.731318635232355,9.611321397177754,10.77010012259554,11.305291743020387,19.41215562678007,11.785868382311893,15.253428613881587,14.954939422953599,8.958790578131062,12.238829284236393,10.856973810961623,12.733466323646851,11.10692099179716,18.616735127289502,15.45582730747793,19.230196090394482,29.457460899049444,24.09863218220125
14,8.555954339936884,5.8293614807780525,5.309440732880766,3.8513965148174227,8.508680332728325,4.477530639859036,6.64861229811565,8.6049796858128,7.7950687238810525,5.652757650540007,8.300037094512865,9.022699488822427,8.75040311414612,8.55178817091159,-0.0,2.787901082934924,4.252635937369041,3.9222646647831763,4.059847369450404,5.014691622483377,7.4884592780506996,8.3130811674433,9.449044338976329,11.632483145509037,8.775842363852208,6.418402826561523,4.186350839960144,4.991244482905009,4.792959816248385,14.87273402571825,5.306866766796137,4.303796748511,9.066109331434088,7.604972649730364,10.125082220648771,6.792318990138402,7.496360066865474,3.8533403258292482,7.9152154085896935,14.134177701611902,3.3669998096308085,4.432338940578641,8.195149649460111,7.7744854493602835,7.3397704524675715,9.483043208464533,9.152006839647754,14.184057285847938,18.899017603824007,3.0230855679001016,5.894628160605916,5.892583965223577,3.4061316834493884,7.119150292790165,6.72992449992159,13.714289900257125,12.718194061647658,5.586045997280065,10.575258206522884,9.75584189315862,12.93088857937337,10.822268704008456,8.50412956700977,5.656305272105238,9.275614874013545,12.855321982098078,18.406015211899334,7.570224739496331,7.371464526582656,5.1367399296317435,8.665804252086085,4.569920995477217,6.939966301501096,10.275746281204945,10.813961065994699,8.178023893238771,10.234646121555933,21.0558120666594,14.426062351727879
15,7.7354989782141965,7.219114362911,7.462738984836846,2.9609178808988807,7.72019100991821,5.150694974244123,6.485119985271381,9.418600003714879,7.297079309369391,3.3130470233043336,8.423506248116523,9.278361942437517,8.271144278199579,10.131925075678781,2.787901082934924,-0.0,4.685151873549031,6.81490402665664,5.225998095765572,6.923879816535068,11.6634559149906,8.438123367407934,10.772301969562017,12.911983267931515,9.156952342012563,7.154875830597541,6.5795470659092885,5.867345575722875,6.257093805553416,11.631132759382828,5.04288069692273,4.811196250482951,8.12687551446351,9.400657937751546,9.885379041404939,9.071873302016545,7.429447894943634,7.199825741930772,8.223902627186579,10.679713788860399,4.145584677818507,5.054858256492068,7.340278308791524,7.8825235846918,8.51674426016033,9.624872858391173,10.123734907000719,14.905294024766219,20.4968424056978,4.8887355899841065,6.531887447464589,5.746280884942168,6.0503491612213285,9.47167825672988,8.041405467063607,15.07517411527819,13.123722688285788,7.15774792898138,9.848539552101395,9.48132175891819,11.124166941403804,11.200008616495376,8.384757277456117,7.476499761103087,10.779565596102596,14.42261676302353,17.37711159873005,8.586163835327653,9.495492203478262,5.450053055232977,10.299039780586705,5.708549030593389,6.639088076948076,10.860890422345484,11.18363910591204,7.864377171750381,10.3754984917844,18.359875669296766,13.706579690528093
16,11.880388707397417,7.3007597985119075,7.409337375514797,5.746429679361717,8.211400126212748,1.445589016853666,4.6330879306270765,7.931001727801883,5.446249926948824,3.7739920962381768,6.9948581305346655,7.695242821480017,6.88099481855811,7.99414829184172,4.252635937369041,4.685151873549031,-0.0,2.6024741288375233,3.640034871555275,2.8465287361603906,4.655009602049171,6.7226487587271055,8.823870896016622,11.557662904503202,7.240085304307316,4.693788446904718,4.599567135772425,6.165567048995024,4.320339479112549,14.639657119466664,4.401684251800838,2.342811035308317,6.748723723206912,7.439544552560308,13.500576706050351,11.49953021085992,8.877182683724715,9.281062921316613,10.450927118149982,14.703239667860355,1.88628144820864,3.3476130183785626,5.840721204690898,6.273004686009796,5.8664504500853045,8.052244827082799,7.658857456978432,13.562332572259207,19.351657417245374,3.586766481335939,5.063578601124529,4.276676504983733,2.6480796495596377,6.9649288228268365,4.192956227016408,11.70483890562552,12.042208616930774,5.17639653975406,11.146658152347264,9.224040904685646,8.83355271693143,9.283890203952666,7.379334555261813,4.512891725890114,8.122386011936968,13.115157469082769,18.29966695257593,10.261451958723462,8.587634623008116,4.78643384525258,7.312028783780843,5.718474827989719,7.900448537945614,10.357107895973057,10.00136708334589,8.224244666108214,12.455121124695607,21.290069231558057,16.224867176095007
17,9.549956320825745,5.808709904385935,5.860045343474081,5.03422065050283,8.123711336028661,2.0480523305143445,4.115227113412012,9.17363625468979,4.509638044833263,4.796969191446878,7.794652395545972,7.529274804263536,5.912475494934287,7.977709053933386,3.9222646647831763,6.81490402665664,2.6024741288375233,-0.0,2.5255375863722636,2.474850027979153,4.1951569247667235,6.8976204270365,9.595004470526654,12.983334320618596,5.413941436889459,3.0780114114117754,3.1844682846763432,4.550102049388627,3.7353318824652364,12.475319498818164,4.651648661867502,2.772802013681989,5.529256077960942,8.53189430338329,11.615537575985602,9.50895015571748,7.48907761805568,7.872440939641691,11.028083081156318,14.442259887743099,2.051875170547738,3.4804219132351135,4.545819583296635,6.394523721821114,5.964318707103473,6.906833043224049,7.940588421510433,15.51910372220618,20.237918403516375,2.4718470890973396,4.592326755357495,3.4294433269537037,1.9708215640065578,7.463022124818527,4.391201851632434,9.646351231869968,12.167013562618525,4.421939041642303,10.926554878859847,10.01667654544237,10.918199845299881,7.507762098460497,5.381214999204721,4.139600341985791,8.602577853053864,14.1834917231523,20.344584538749537,7.4804226729397625,6.6694787103034905,4.4708610314581705,6.559621535380912,4.671286680818348,6.736759202250489,11.26046812960464,10.054247325829966,7.878399428954217,11.978367027791252,18.917913970588025,14.072856474457774
18,13.02546828903903,8.184494038265859,8.08178754814564,7.451321626536213,9.780355226573981,3.375443104231178,3.948394456594204,6.032389539620133,4.213262457288331,6.942209311881266,5.346620081135246,6.195074947084568,5.065859534476728,6.55461322369945,4.059847369450404,5.225998095765572,3.640034871555275,2.5255375863722636,-0.0,4.103685795924535,6.146507425596103,5.700639674086051,6.74937198895223,9.935823436119964,4.013485830907597,2.7181905904403227,3.115078469398714,5.349120094158595,4.727474340360866,16.002891693584573,6.665994125883417,4.084755464640699,4.746867906407162,5.367195678748863,14.093195281434665,7.934605886669854,8.740916977724744,6.6801901263927785,8.856601341707888,13.466850522517467,3.536796622276797,3.2895093250460103,3.83941192113434,5.437193366624828,5.11664860381446,5.929475317302518,6.0334524905733415,12.74717966144687,18.098751365459123,3.7089224896317092,3.1171233993477907,2.406551571309891,2.908805844722789,4.763401875238075,4.283436161917856,8.283179044060105,9.449163961788022,5.817308323879766,8.908680895192536,8.38323975750849,10.085979232628091,6.000616229077164,4.686494753663193,5.277157887097028,7.346397105437808,13.954303527809298,19.91443502456635,9.307503601664763,7.564561756534681,5.225195583720401,6.067841257475373,5.749468605113925,9.19188223723837,9.950778936897251,11.009060212327647,8.043890524496067,10.898032932519497,23.20213761054371,16.32827993602085
19,10.597677367201987,6.140877451365049,6.726092054956051,5.271850533357433,5.944861329049439,2.8239296152022995,6.106574607761562,10.209570726193451,6.522833966128549,4.7590312983679235,9.18158467293721,9.585940977327198,8.157845971879494,10.291337848846956,5.014691622483377,6.923879816535068,2.8465287361603906,2.474850027979153,4.103685795924535,-0.0,6.588644266282384,8.871397310631254,11.506143274787327,14.485670362144436,8.443966042069647,5.553312115926005,5.664211791171291,4.0838493236900995,3.1428825328126218,11.93006976071439,3.8216328535356263,3.467158452532989,7.961349269328888,10.211968623896038,10.281934538663549,9.419710120071725,6.374873018945109,8.625270097207721,10.426461991691648,11.563258201200815,2.7270420158062265,5.405380527815059,6.913899137223006,8.6050825656242,8.223861888700032,9.271630646193852,10.341707294037485,19.291673427172416,25.17295456775552,2.498122391876862,6.709617426256198,5.4849010147894095,2.2862938142904556,9.267856340883586,6.105336721692968,12.558647161771534,15.428953692885782,4.260416345228423,13.089356912529535,13.065997803314852,11.776697483067922,10.698317192554603,8.170123221629828,5.037987375395866,10.956539128253716,12.285344727726901,22.686174353643796,8.59993700907465,7.925991570200709,6.14725127459871,8.793506648876091,6.350833262459267,8.855294281469922,14.320180132814981,12.647255654144622,8.183387607865699,12.595915208374166,18.155495667287596,14.38912970624518
20,13.878696115279366,10.142006970343218,10.102109080723224,9.337952243928555,13.737315165910266,5.035852506464179,4.356482662968956,6.838492246441044,4.662272215317273,7.931891787832312,5.433380693949085,5.821060095001962,4.94022067628771,5.6675703844836685,7.4884592780506996,11.6634559149906,4.655009602049171,4.1951569247667235,6.146507425596103,6.588644266282384,-0.0,6.029400477695441,6.48175422973341,8.728130822042083,5.273358796157989,4.571905491136593,5.528777044034216,10.738979164744123,8.557710727982053,18.55299214005655,9.368521079427508,6.557455940804102,4.622665330623983,6.46250969528501,15.531617421728882,17.531175770674466,14.289781217307018,14.09963977971148,18.40409924754734,23.1528904158368,6.187212291359179,5.6160184995861435,4.742097344847054,4.719503170309954,4.771790629434719,6.0117582000901715,5.149372541041184,10.132250638171364,13.358448523900144,7.709920481098189,5.873008701037367,6.344075932136506,5.571156313088746,6.468559896317371,4.444879208559986,8.984664714741008,9.35152814008194,8.522665533754887,15.862271260814971,9.546438964518844,7.145349552715111,6.92845288305334,8.15635754709164,7.542619947725885,8.039352880123433,17.9097331120251,14.21429662762028,12.735854532792787,10.834761332439664,7.216334378123845,8.749349485802616,7.608900859724383,8.804949997338078,9.288409948506443,12.638372584976812,13.420551234747627,18.596551179219958,27.730353518695114,20.364890380231856
21,17.382367309713267,13.719920922033136,13.392082613264137,10.428743289805158,14.971395725998994,6.222154185675905,2.917502472364678,1.0470195816673302,2.538660924400313,7.349609137280628,1.3546609043645956,0.8655531772228131,1.1195212277017128,1.8330694277154636,8.3130811674433,8.438123367407934,6.7226487587271055,6.8976204270365,5.700639674086051,8.871397310631254,6.029400477695441,-0.0,1.4218292457269326,3.752745273876515,2.7185232124700187,4.3179288752742515,6.288908854134332,12.574951602089856,10.69574072467105,19.779861326799686,10.457664980641514,6.3256346407030835,1.786328969159375,1.7759136532205513,18.94475469865718,16.52871950138455,15.348587506209729,13.014811544792432,16.030293147205345,19.893321413899304,7.1270129319389515,3.6414904944848687,3.003608748462461,1.2188753597963147,1.4022532983628553,1.6503572865416745,1.4694625512064456,5.292810185896952,7.802029061343513,8.965797945155165,2.5166875543409253,4.081511405985812,8.242352039565251,3.808880694193327,5.6983146687113155,3.7349353983887443,4.449893594342494,10.721295119951499,13.565543119473464,8.436981499782766,2.9291362218099466,2.6644064639313156,8.515334696502666,9.752791958632601,9.903611987074324,15.60263824554703,13.349647056144656,15.083128574296886,14.629883252294302,8.057727769626764,10.822051438246108,9.912415889506018,11.503232197875608,10.263533264064785,17.187747064925155,13.77925806024891,18.34914191136699,30.776843449501804,23.449705986668253
22,18.115053231638043,15.349324390461044,15.024149132903093,11.66503367061432,19.067109387408113,8.98651563545584,5.092677711729342,1.8784107882579797,4.199798386813166,11.027344446389428,1.7377827414370723,0.8663177032471543,2.1774907005567616,1.5109443115731065,9.449044338976329,10.772301969562017,8.823870896016622,9.595004470526654,6.74937198895223,11.506143274787327,6.48175422973341,1.4218292457269326,-0.0,2.5747807619157985,3.671676445792408,6.060376395010346,6.958781043467824,14.397837965339475,11.98213853541423,25.910157000943656,13.592959157547517,9.596191874179958,3.1000644015419483,2.2428223650864147,22.408449118608313,17.10224185895464,17.53393013129555,13.03839984741338,18.829708971721487,27.856878218809506,10.155162546357928,6.088442976022533,4.278532993799937,1.819372406401871,2.8647430656972355,2.4211258937576408,1.0955689201528969,3.7150522310950693,6.124209121403061,11.19910213862278,3.8359446244574835,5.626562976135678,10.131392658433807,4.756627116294789,7.241874092080719,4.046931700374074,4.63782045366138,13.370576710902185,15.581661632808842,10.419042498685117,3.207655785384599,3.2408942160913274,10.203563807524864,12.018220094320125,11.95977584944977,20.075019360965108,14.603560154248758,16.84893213189551,15.974334745019547,9.654583326581317,13.073608720637434,12.291457682584342,13.827070964876217,12.156117269147861,19.463197379969444,15.748460193875033,20.147603366843345,36.32039050614252,26.5269131496627
23,21.36087596873941,19.487751740415916,18.78590217629154,15.160486238361848,22.373207169120406,11.775182964668117,7.629965768558608,4.3462363040222405,6.981897122843624,13.75881066186975,4.263897845421962,3.318831401290464,4.847015263027594,2.9004145044814407,11.632483145509037,12.911983267931515,11.557662904503202,12.983334320618596,9.935823436119964,14.485670362144436,8.728130822042083,3.752745273876515,2.5747807619157985,-0.0,6.817782095321269,9.36531945126892,10.557905939768037,17.813872460267312,15.25263128454913,28.338204187747735,16.255405792521383,12.486893112604013,5.651058178278051,4.7972893475647,25.77736594819038,22.056618619826438,21.443892178967978,17.77392256702397,23.187996122185055,30.38929400624063,13.163368183731274,8.69195439717316,7.489256266692433,4.3111846024226725,5.167285457454224,4.296220537111724,3.1542149217423168,1.3249902465990366,2.3102358961138387,14.469011944064153,6.6052666449159085,8.994504132160646,13.816964240996931,6.385680068664339,9.382866978065572,4.502957211544157,4.500550465299427,16.047611913977413,18.130859014702907,12.36780124824259,3.984838650252242,4.952875533167572,12.447758883676364,14.53179772767545,14.027284449662458,19.973837796191717,17.726025042889894,19.9104404624804,18.647012499595604,11.997114053911552,15.322443172566963,14.295863364970229,16.53820000405881,14.288598563829895,21.486142232309692,18.79337868871295,22.5780203051722,38.902472997026884,27.76645549027409
24,14.005341455508919,11.665788137651546,12.719241796478673,8.560472550441004,14.951502110252553,6.303127040082957,2.9136853430349943,2.5489676281462543,2.2308854299373344,8.36749970723246,2.369693905574922,2.931901513926303,2.185657941379543,4.2561753177406265,8.775842363852208,9.156952342012563,7.240085304307316,5.413941436889459,4.013485830907597,8.443966042069647,5.273358796157989,2.7185232124700187,3.671676445792408,6.817782095321269,-0.0,2.4840013016915212,3.882435657141476,11.078666544105936,9.83325950744866,19.101229963411686,11.1231588081948,6.109342621289869,1.8384067026087758,2.002616199214442,16.120226610966544,12.713303280483624,13.415675429264121,9.09925758171361,14.465572173676481,21.60523268595228,6.844276805569956,3.613225432315031,1.4130208966395736,2.4173648202524434,2.683356852704894,3.486212276434038,3.1635179720137137,7.952385212414179,11.286700074769927,7.946898255047621,1.8839929858744857,2.1100976012945676,6.904522078693483,3.3164062458492833,4.18450542824066,5.129192872957003,7.287514529732449,8.696527524284566,10.441939406880305,7.368550163235434,5.365422942627538,3.011884292988227,5.574937474789271,7.678015417900587,7.857484694086749,20.741531187305718,16.937952994626535,11.483619345034585,11.216432458542334,5.965348412321031,7.69474253370345,8.062649781158274,9.008054899055173,9.40792046783586,13.444324259385208,10.328059314247623,15.024144329459139,32.686036474643636,19.431775908191238
25,13.406850353348055,8.722094367771831,9.617120941279605,6.807387819680599,11.84026729892933,2.9446574127557863,2.073974085939952,5.107757700826979,1.8604503506162537,5.797786958064388,4.324158093157642,4.651767857150364,3.412642332176414,5.495274056676725,6.418402826561523,7.154875830597541,4.693788446904718,3.0780114114117754,2.7181905904403227,5.553312115926005,4.571905491136593,4.3179288752742515,6.060376395010346,9.36531945126892,2.4840013016915212,-0.0,2.5326659312348188,8.520970584719521,6.7141096443450685,16.955529195709342,7.539895426895809,3.2398491894779045,2.789337741222319,4.693032379091615,17.66565204735539,12.099630571278464,10.687857767728602,10.055409959133083,11.913834509031147,18.32326064835458,3.8275368121723017,2.321900630521011,1.9443663738386165,3.69060624789075,3.4598558208870362,4.562489767966522,5.079657643500444,10.619886225944732,14.451994958254561,5.5943591375162125,2.5437716304787577,1.0483271970169032,4.491705007121672,5.126298700418956,3.1762580125442703,6.968581885749509,9.366721165550969,7.232619292471101,10.142858433954522,8.510406921826851,7.011361049408111,4.828969801324399,5.235395281291323,5.60814128741188,8.044196237071747,19.843206926209273,17.619087831150335,10.729425923964067,9.50812779366753,4.586738831100171,6.961235550955157,6.96713254398207,8.242462197259094,10.609264397590529,11.893362335280013,9.220012301408081,13.600054528803197,26.76031542760234,18.849832165092117
26,10.668680518875867,6.912779476172466,7.027624847091558,4.784047700992993,10.484766946692213,3.5199240227524937,4.31581937157209,7.0402792467186375,5.313567189588657,5.793884459552138,6.358852303347689,7.005464532330849,5.816064495087031,6.548894999367174,4.186350839960144,6.5795470659092885,4.599567135772425,3.1844682846763432,3.115078469398714,5.664211791171291,5.528777044034216,6.288908854134332,6.958781043467824,10.557905939768037,3.882435657141476,2.5326659312348188,-0.0,6.847567579077825,5.504303640448187,15.076959007842012,6.121491325897291,3.431948952348957,5.741670138016394,5.178670316745281,13.948729634149672,8.841044474809772,9.011428425806852,5.76466674336208,10.481632870498728,15.722548978577013,3.4926049301694304,4.131146561421775,5.083914681072258,6.224437980062364,6.2490333438376515,6.66442228694515,6.475648304658042,12.648998852883388,15.694024225385283,4.178471702169178,3.3334767311805886,2.330891106381841,3.753230135757684,6.102250816964793,4.626261251956797,8.70741581318755,10.745180207223683,6.268876848256749,10.147686789456902,9.052832406463988,12.868161356519648,6.241431667376653,5.403244377860668,5.169774703358714,8.397197954612476,19.863801685480684,17.494487156016785,8.236905556658318,7.928291634375834,4.109638013717373,7.571937394640025,5.633605736317719,6.855089716757328,10.276374926729945,11.352338388231244,8.442062176981166,11.516842677055406,22.827662390030397,16.779837394650542
