,0,1,2,3,4,5,6,7,8,9,10,11,12,13,14,15,16,17,18,19,20,21,22,23,24,25,26,27,28,29,30,31,32,33,34,35,36,37,38,39,40,41,42,43,44,45,46
0,-0.0,3.179934138741272,5.13214598200178,2.4903031255939276,10.883153558319064,12.183138548684449,10.986341364236768,7.587782424659131,5.246034081581899,9.21809397258807,7.805607089762176,7.325983904458433,7.899818631238102,6.4768974470604554,6.253896332421383,7.25602158621929,8.187404848011365,7.893127545845754,14.590433335127738,20.274551775917892,19.078647042756234,12.667345464002565,11.974071454542111,11.048411317675063,9.583966612367357,11.839228751699306,12.34422778562132,17.05501912218838,17.298700649014783,19.314358726367562,12.844366212388517,13.236491052802855,11.931294225902263,5.795445214322711,13.024900063501418,3.859796627502751,5.615857446855234,6.477734794755621,4.634420981877207,3.5603698109150055,6.285672658382398,3.557998442161005,2.1736774456244072,4.1426682741463114,3.7738507783420587,7.155206342441328,3.761068689133557
1,3.179934138741272,-0.0,4.0284876687521205,1.7400231585591415,8.383443284921231,9.370690634420056,8.597428660004326,4.908392074667606,3.7492816672082974,5.997803702584152,6.458374973511271,5.0609716117314685,5.335578844013386,4.2407856256623395,4.3825274351511085,6.9540043627593935,5.178839117874227,6.435320206840453,11.763072006818726,19.11778994278474,14.044497137403805,9.636661519404875,6.060466884600089,8.876348220178182,7.255253128855027,7.831068622692338,10.86883932764436,13.56008722082034,13.591497726115033,17.030747793699735,12.513989135785748,10.75866048471232,10.367261934675117,4.853892663206916,12.198012645880077,3.872982836254233,5.044812210225054,7.482399051083792,5.066819852474644,4.37944216673015,6.228239596284098,3.944000102966763,1.972718091422651,4.415731784570102,3.210017567222845,6.305137937542316,2.8594866989033125
2,5.13214598200178,4.0284876687521205,-0.0,4.496184144692866,7.050136909726902,7.650048100042423,7.570899414333653,3.774547118043834,2.7903980960123698,4.809664292932888,4.928094410740049,3.902600703773118,4.761169514978098,3.4054030403118585,3.482873274173087,3.4536022705573606,4.816886860694505,5.061173507091896,10.577238794410682,15.082269354140385,11.47974556396508,9.19024362245535,8.532155168075196,6.61209918970747,4.748674356296933,6.382362585934207,9.243074929530438,10.39142324392743,11.728736004066393,15.104349124677988,9.127044318290306,10.016446666167145,6.793268285910991,4.098467020446375,15.137380619012486,6.128292116392551,5.858971818208816,7.186111197544018,9.338260250964456,5.747197167519145,6.871794229665402,5.046745520759303,2.9098634442675793,5.848386352782023,2.2216396570332324,3.4377172739308715,4.735565886197864
3,2.4903031255939276,1.7400231585591415,4.496184144692866,-0.0,8.240724901800144,9.25023167739185,8.977442832785378,5.51731057727135,4.282391385404911,5.751637902808729,7.3521027114635595,5.416802748030918,5.983145725307613,4.875840462905025,4.442676860456675,7.709959319562548,6.178489237941639,6.563068335174421,12.977654439859577,19.222175987023103,14.607089469881862,10.525979610626665,8.279663459936156,8.40537472146169,8.139157790956482,8.111120603420364,10.509864158200733,12.708890587171044,14.827857539862043,16.08466459509306,12.535319625738572,11.081224619384507,11.060026973119909,5.164222224028626,11.998200457036095,3.5446644103587115,4.596258853151162,6.173067053972803,3.7975373140941366,2.9688575090453724,5.20107430388265,2.6259201123241533,1.8307934775484065,3.3354120612643947,3.3440767536896856,6.302956009775566,2.849121196897026
4,10.883153558319064,8.383443284921231,7.050136909726902,8.240724901800144,-0.0,5.233726343560544,2.789933018896667,4.759431011429494,5.603806140707873,3.139908267996148,6.238826315980132,5.319009186346099,4.596549839871607,4.688083026037795,4.617454804433175,4.077425825545335,3.702839726927846,4.03090849826159,6.056792391542708,11.199883919014233,7.144697507659329,4.3343969665636655,5.4731471119887365,2.763942863677876,3.525819557621509,2.32078583536581,6.592899085419288,7.468758633798922,8.070033068238642,11.743192554606884,6.65870578718957,5.584551595583665,4.96926174620141,6.72774398392532,14.87069650242133,10.886181273498261,10.662841935693361,15.489681554251591,11.701828909426775,12.453207507877329,14.489199342908982,11.105971298280158,8.481739569369807,10.811412943299173,7.815161179747241,6.625297968697163,9.248826079648149
5,12.183138548684449,9.370690634420056,7.650048100042423,9.25023167739185,5.233726343560544,-0.0,6.070990138533165,6.483554636762006,7.715461364274517,6.251340870913332,5.726200378303551,6.0413019194132636,5.823976573154596,5.980789763456992,7.388291811751915,6.213837271193848,5.501846332581259,6.47524058771761,7.708075679061945,10.447548264911818,5.479993743851591,3.4566386479244016,5.903982153129746,4.117874657960202,5.02278129490431,4.890296345525684,3.339165422762587,4.698484562725725,6.301676848323925,6.531988041978638,3.554042921711804,5.534373179168057,3.5425918218107433,6.261109575036345,10.850530469859507,10.89216728671489,9.104208311322557,13.493132933272948,11.276073994017453,11.72412059644999,13.742064809024217,10.765211673828185,8.808913060534193,9.846967032631976,8.100429077738463,7.591817131405473,9.072172567036139
6,10.986341364236768,8.597428660004326,7.570899414333653,8.977442832785378,2.789933018896667,6.070990138533165,-0.0,5.5194306694696085,6.315841194613389,4.366407846210624,5.631930333250522,4.1036178134349335,4.233709432486399,4.970111045188784,5.161712505569725,4.488144821230933,4.2605408618928955,3.8577473236889674,4.762707009734951,10.10248522696829,7.2891431550400645,4.881403013631532,5.302799617352556,4.151879674466611,3.989079653153024,2.485455549036053,7.5758091079902155,7.140625880626119,7.634096287418062,10.575317630834054,6.5014828189571245,8.452001424420883,5.8911617879771185,7.988741237515748,15.486762644282376,10.662302663583336,11.511132760925774,16.815221954685562,12.87963547632549,13.709320079093455,15.956940120089987,12.878587959668806,8.824350310668931,12.346185570870079,8.20611603017805,7.965122492895986,9.971904539868454
7,7.587782424659131,4.908392074667606,3.774547118043834,5.51731057727135,4.759431011429494,6.483554636762006,5.5194306694696085,-0.0,4.2196806588811056,3.388450312938407,3.3661918842638827,3.4893444530962734,2.5598440167519665,2.4136005188971725,4.856489274819397,3.8338221317080508,2.979097336013522,3.9407606027208826,8.048278116206738,13.861061463165838,9.860849314793365,6.046126880059778,4.190621369000423,4.366884271335972,4.123089564425937,5.069336684787946,7.069064660473669,8.296388337609864,9.476998718384264,15.294619235150028,8.507236522092477,5.815683116218304,4.9129275859653445,4.416070997167581,14.268656315645028,7.238026087031589,6.344235210329519,10.403440417966737,10.006576601120797,7.901715172982435,10.571541149508514,7.01624551830663,5.219140313871244,7.613457674589815,5.050612503793906,4.992582117674247,6.124368443948266
8,5.246034081581899,3.7492816672082974,2.7903980960123698,4.282391385404911,5.603806140707873,7.715461364274517,6.315841194613389,4.2196806588811056,-0.0,3.485790347177131,3.965847932922226,3.415615129878665,3.6593925179769307,2.082311270622888,2.726417029045319,2.3153826648187006,4.274555366365233,3.1805260907941872,12.12177078923194,14.69242195907745,12.765438876810776,7.418313878447295,4.7828370943379515,5.8252529756012414,4.376477862547546,6.671337042228821,9.027017744026729,9.986956741740244,12.18385682749083,13.117098605580793,8.007575047287297,9.000112897333757,6.342442733442617,3.1958501970529296,11.519251154690123,6.358990408688971,6.091003174971997,8.343606689997928,6.529163875167392,6.284563949690089,7.37669320882433,5.789107310665536,3.5805916610649913,5.9220117275316415,3.1948719589088617,2.465975193597635,4.181401078355021
9,9.21809397258807,5.997803702584152,4.809664292932888,5.751637902808729,3.139908267996148,6.251340870913332,4.366407846210624,3.388450312938407,3.485790347177131,-0.0,5.353856340760076,4.318238403577504,4.229850161996348,2.86532571173313,3.093511259963089,2.8859230301713685,3.804095410927067,2.8065775654584026,9.804715459889398,14.666626867944299,8.6661275890304,6.49735942292247,4.926922696732174,4.274896117983861,4.120016915293203,3.9709240265004295,7.3473078048720515,7.935497914369493,11.32117087303615,12.835101859949658,7.728185170164301,7.742425000617315,5.368784355326089,4.182733689096014,13.39902231857984,8.151144411463468,7.164856624799931,11.694560049002293,8.826082879539292,9.025109807425281,10.286613495665714,7.854724264504228,5.618116448194135,7.379356860203495,5.7338948769601155,3.676360752786349,5.611355104511564
10,7.805607089762176,6.458374973511271,4.928094410740049,7.3521027114635595,6.238826315980132,5.726200378303551,5.631930333250522,3.3661918842638827,3.965847932922226,5.353856340760076,-0.0,2.639645477871097,2.5540210937182044,3.0603827421513112,4.394647091716163,2.848113075648712,3.6444774868007572,3.0255015616838725,8.276756548279401,13.289040523210886,11.084013196213109,6.186387436757899,3.7917152715481692,5.320360412266852,3.3104903959146728,6.246870533901383,8.798473529325053,12.682740923705376,10.84468636182333,14.738782393620834,8.374241636581571,7.963452960061044,7.149034736383104,5.1782616698690305,14.222554606219942,9.925592268476326,8.201176116811862,12.266368738786237,11.788078982360748,9.002804188695862,12.060219606158583,8.551385137951234,6.613985722623759,9.739853129004327,5.884953039535735,6.16199126210654,8.090325066669573
11,7.325983904458433,5.0609716117314685,3.902600703773118,5.416802748030918,5.319009186346099,6.0413019194132636,4.1036178134349335,3.4893444530962734,3.415615129878665,4.318238403577504,2.639645477871097,-0.0,2.920345436465266,2.3622885586118847,2.591614682337186,2.788586889686983,2.8115011592743895,3.033025996537371,7.486498397795657,13.30842886359927,10.263331755034166,6.027837228142293,4.201387766920331,4.657891420003225,3.1538303049384244,4.110881248963501,8.022620086218671,9.526145727883149,9.66071267787521,12.974147617544926,7.88310528878171,6.701824825618421,5.723924421637933,4.991599334574535,12.098607723268406,7.946100359970125,7.282956613299373,12.553669998865336,9.590356023891442,8.025994875922063,11.486871646517416,7.300082359664591,5.267418219644248,8.654131797705503,4.90222426237898,5.648348673789332,6.042381435182452
12,7.899818631238102,5.335578844013386,4.761169514978098,5.983145725307613,4.596549839871607,5.823976573154596,4.233709432486399,2.5598440167519665,3.6593925179769307,4.229850161996348,2.5540210937182044,2.920345436465266,-0.0,2.3821242616243663,3.8309469977423802,2.9207912501051445,1.6851382297358177,2.678536182625021,7.599557752112278,12.653562977423642,10.118067753154538,5.375211380345293,2.201572913866021,4.592231489911987,2.83704075035474,4.163757566602923,7.387130113742863,9.596584780400143,9.433444304586915,12.715136443533128,7.407103379540018,6.870889093757989,5.990110263732143,5.3431935637192955,14.509736927862516,8.075173715348008,8.357413666152942,12.332052898970963,9.493102870307624,9.923173810695642,11.583943192022382,8.575267359171056,6.39984125053997,8.975316026074445,5.844246650737566,5.940761062959381,7.416867405046747
13,6.4768974470604554,4.2407856256623395,3.4054030403118585,4.875840462905025,4.688083026037795,5.980789763456992,4.970111045188784,2.4136005188971725,2.082311270622888,2.86532571173313,3.0603827421513112,2.3622885586118847,2.3821242616243663,-0.0,3.3695586314566177,2.3366357009996057,2.7965043445188043,2.495217979009628,9.205770707023731,13.313511228441216,9.359531557868928,5.762876128361564,3.109064323220155,4.275111928761867,3.2597963704780684,4.358697238748389,7.6841275417449335,9.180380838048332,10.077952722716306,12.429968233221508,7.677123168788963,8.118807709761,5.808858383346095,3.7363854014031137,13.419325585443337,6.7283532498482375,5.871686997535332,9.634234347711912,8.16082350154691,7.193790946957826,9.058930316765862,6.647126658795039,4.298085174532133,6.945527711571736,4.350669943010828,3.5033185559067164,4.972919998066524
14,6.253896332421383,4.3825274351511085,3.482873274173087,4.442676860456675,4.617454804433175,7.388291811751915,5.161712505569725,4.856489274819397,2.726417029045319,3.093511259963089,4.394647091716163,2.591614682337186,3.8309469977423802,3.3695586314566177,-0.0,2.9734421570104543,3.6458361693340473,3.3114579847803483,9.074496278126077,14.56877232705672,10.896163051371122,7.792844487776132,5.542285201173962,5.424435313123158,3.9080140012967113,4.287715074573586,9.19865052999905,10.583919923689592,11.144691953882688,13.534844523249973,9.003503337137099,9.096875122668063,7.417394844726686,4.805996601800927,12.60779326534227,6.8948277340716055,7.353009114915711,11.166185611317454,7.713997701741926,7.4764807614304685,9.318615367033214,6.865471462834566,4.303769233408112,7.022681700821583,3.6002948299801854,3.9339967501221396,4.740319109734944
15,7.25602158621929,6.9540043627593935,3.4536022705573606,7.709959319562548,4.077425825545335,6.213837271193848,4.488144821230933,3.8338221317080508,2.3153826648187006,2.8859230301713685,2.848113075648712,2.788586889686983,2.9207912501051445,2.3366357009996057,2.9734421570104543,-0.0,3.4879315821597907,2.906791549033135,10.051084767851906,12.444709919807009,9.714209178022887,5.884323956521162,3.9341462018290447,5.104433090584241,2.159545317699646,4.448970398700294,7.784537019226245,9.893987793717644,9.778513985325718,11.67563174681772,7.073428367986003,8.093240538867718,5.922741701987596,4.047571609095021,14.71208742167119,8.648984878516039,8.35384749150085,9.855549063860023,10.676375247784078,8.64212151247611,9.257416826715627,8.09061424759785,5.454902205783737,8.357356123867223,4.290146337264239,3.2658008016752396,6.972692352510343
16,8.187404848011365,5.178839117874227,4.816886860694505,6.178489237941639,3.702839726927846,5.501846332581259,4.2605408618928955,2.979097336013522,4.274555366365233,3.804095410927067,3.6444774868007572,2.8115011592743895,1.6851382297358177,2.7965043445188043,3.6458361693340473,3.4879315821597907,-0.0,4.283065542595354,6.667621901849465,13.062653976306125,9.54972710275962,4.7049708943609705,3.126541357884864,4.0385260340153355,2.5827372756026845,3.005721927141171,6.734631366115373,8.303498354800555,8.59440324075513,11.833343719131125,7.329970879866168,6.282343186273681,5.547393116100272,5.5135328806719945,13.633408506713689,7.888818225066554,8.413727699365195,12.749461948034826,8.94506172590588,9.793480102291307,12.216595283107376,8.754783272871292,6.085038924481986,8.3101700136009,5.68763141904259,5.939741701197974,6.661699474626691
17,7.893127545845754,6.435320206840453,5.061173507091896,6.563068335174421,4.03090849826159,6.47524058771761,3.8577473236889674,3.9407606027208826,3.1805260907941872,2.8065775654584026,3.0255015616838725,3.033025996537371,2.678536182625021,2.495217979009628,3.3114579847803483,2.906791549033135,4.283065542595354,-0.0,9.310761287712964,14.056774256195059,11.506522105636389,5.772344169069205,4.467321403934668,3.8976776623564917,4.342457322362361,4.754297724465452,7.601833225828498,9.990967227552074,11.742532371191608,10.84582519697123,8.078564313620868,8.420253166155929,6.971720879071733,4.989629720719583,12.692884454648105,8.909329084126796,8.955896811233636,13.026250867221778,8.055350319666665,10.564988702331586,13.052866968955902,9.562024487481514,6.907264062448953,9.350578762955994,5.915837286664614,5.1620697642101545,7.504984290700276
18,14.590433335127738,11.763072006818726,10.577238794410682,12.977654439859577,6.056792391542708,7.708075679061945,4.762707009734951,8.048278116206738,12.12177078923194,9.804715459889398,8.276756548279401,7.486498397795657,7.599557752112278,9.205770707023731,9.074496278126077,10.051084767851906,6.667621901849465,9.310761287712964,-0.0,8.135362180926645,6.315385273863318,7.1752865523908955,12.257534787510718,8.66550980707691,6.48604250570225,5.5356379929216,7.691392096853651,7.824364310927703,5.18340249314957,11.391309671345011,7.78120363867134,10.55619301330744,8.67513012102937,13.03562351903317,21.038547377460905,15.343689340565088,15.368788598109708,21.794599147115143,19.13797062624098,16.841518633449414,22.630186883688435,15.903608853400643,12.531606644893122,16.1921552529204,11.006868464799968,15.256461102252802,14.699139074258436
19,20.274551775917892,19.11778994278474,15.082269354140385,19.222175987023103,11.199883919014233,10.447548264911818,10.10248522696829,13.861061463165838,14.69242195907745,14.666626867944299,13.289040523210886,13.30842886359927,12.653562977423642,13.313511228441216,14.56877232705672,12.444709919807009,13.062653976306125,14.056774256195059,8.135362180926645,-0.0,4.70153000380598,8.18697234244557,15.388114877431738,12.734365372757434,10.766789481240906,10.532563013483378,9.960800673018186,7.87932628251794,4.207572567542388,10.185950718433517,8.819982384825984,13.951333701090288,10.46024307398553,15.867502130968113,29.981547528227054,21.359745491411413,19.515760783891416,23.274534468928067,27.045232984259016,21.72370286888279,26.718513222360013,20.83115954631061,17.244011742643455,21.77596702098429,16.46543745234313,16.577770211650037,22.66843865219632
20,19.078647042756234,14.044497137403805,11.47974556396508,14.607089469881862,7.144697507659329,5.479993743851591,7.2891431550400645,9.860849314793365,12.765438876810776,8.6661275890304,11.084013196213109,10.263331755034166,10.118067753154538,9.359531557868928,10.896163051371122,9.714209178022887,9.54972710275962,11.506522105636389,6.315385273863318,4.70153000380598,-0.0,4.405975058160026,10.670540492303534,7.534276423292943,7.457128638332392,6.942150025337365,6.277651047074329,4.883223532109199,2.42674289001237,6.734775972324396,5.643934036101325,11.523083427506462,6.545039938678445,11.64864851575819,20.95744367284224,16.706553062458696,14.16717003729503,19.25607126401131,21.484307254058255,17.60162425828452,19.504014310025493,16.313202339330385,13.048679647331118,16.055505003351403,12.2737249700997,11.975251707764494,15.08471967701958
21,12.667345464002565,9.636661519404875,9.19024362245535,10.525979610626665,4.3343969665636655,3.4566386479244016,4.881403013631532,6.046126880059778,7.418313878447295,6.49735942292247,6.186387436757899,6.027837228142293,5.375211380345293,5.762876128361564,7.792844487776132,5.884323956521162,4.7049708943609705,5.772344169069205,7.1752865523908955,8.18697234244557,4.405975058160026,-0.0,5.661823440381657,5.051132036247201,4.723456196525363,4.252355807433634,4.710408731687167,4.170521689746989,4.897176637802594,7.097991392899015,4.0245958268773805,4.602181917535846,3.8007088105400153,7.594765942843204,13.393227821822473,12.443763463868189,10.408563888576605,16.383718431417527,13.408486538249136,12.704251021839788,16.374006263970028,12.387417517941097,9.823620555793747,12.726345799226397,9.69384886686119,8.535255971348917,10.29016781268138
22,11.974071454542111,6.060466884600089,8.532155168075196,8.279663459936156,5.4731471119887365,5.903982153129746,5.302799617352556,4.190621369000423,4.7828370943379515,4.926922696732174,3.7917152715481692,4.201387766920331,2.201572913866021,3.109064323220155,5.542285201173962,3.9341462018290447,3.126541357884864,4.467321403934668,12.257534787510718,15.388114877431738,10.670540492303534,5.661823440381657,-0.0,6.5743636935135825,3.9126825954427686,5.9044457421199,7.268110592479343,8.486869848089553,11.570399670266957,12.399195224121042,7.09209879655155,8.648637937503736,5.499023649560839,7.3268267309707,16.623933337519226,11.41265275780408,9.613749869488895,17.0763668746634,13.160794482635652,13.041627466323769,13.18412485509507,12.619018977717516,8.454734236854659,12.948427572806896,8.795771687128184,6.889010321601881,8.539358249675123
23,11.048411317675063,8.876348220178182,6.61209918970747,8.40537472146169,2.763942863677876,4.117874657960202,4.151879674466611,4.366884271335972,5.8252529756012414,4.274896117983861,5.320360412266852,4.657891420003225,4.592231489911987,4.275111928761867,5.424435313123158,5.104433090584241,4.0385260340153355,3.8976776623564917,8.66550980707691,12.734365372757434,7.534276423292943,5.051132036247201,6.5743636935135825,-0.0,4.163627893416077,3.4147404486009294,5.626750185384786,5.7471165351562306,9.88525080933028,11.241922779305847,5.997224885081118,6.362716197592354,4.717544616648971,6.6546847746731235,14.413292174712762,11.422417787664898,10.120786386823799,15.107373199452798,11.682954083118057,12.717372472881744,15.1687656086832,11.549341865207461,8.665597977468403,10.801969147532224,7.947240552738133,6.911113645792681,9.630236537180362
24,9.583966612367357,7.255253128855027,4.748674356296933,8.139157790956482,3.525819557621509,5.02278129490431,3.989079653153024,4.123089564425937,4.376477862547546,4.120016915293203,3.3104903959146728,3.1538303049384244,2.83704075035474,3.2597963704780684,3.9080140012967113,2.159545317699646,2.5827372756026845,4.342457322362361,6.48604250570225,10.766789481240906,7.457128638332392,4.723456196525363,3.9126825954427686,4.163627893416077,-0.0,2.3658719242834376,7.225357118942891,9.033883425578477,7.5887440560412065,11.221987916803773,6.675602631633986,7.876716825171539,5.359383290947621,5.543876120904077,16.108955544020198,9.846040659222332,9.17706866572687,11.465248474365021,12.652192890310138,10.260639978835533,11.102577639254037,9.293772233466855,6.814301222008902,9.590935734466115,5.750931093491735,5.434957236640562,8.408956413487228
25,11.839228751699306,7.831068622692338,6.382362585934207,8.111120603420364,2.32078583536581,4.890296345525684,2.485455549036053,5.069336684787946,6.671337042228821,3.9709240265004295,6.246870533901383,4.110881248963501,4.163757566602923,4.358697238748389,4.287715074573586,4.448970398700294,3.005721927141171,4.754297724465452,5.5356379929216,10.532563013483378,6.942150025337365,4.252355807433634,5.9044457421199,3.4147404486009294,2.3658719242834376,-0.0,6.969714975894874,7.716653130345615,7.210172659774437,10.414081740161924,6.174111450761861,6.422961035179691,5.614662831536507,7.563394211785194,15.250740816642734,11.083696670055982,10.653172710889693,16.10774169359492,13.849777654711328,11.326934067384496,14.634185282554048,10.081048553405923,7.833143611125201,11.047736445454655,6.944453478210152,7.836751301475216,8.943904518320311
26,12.34422778562132,10.86883932764436,9.243074929530438,10.509864158200733,6.592899085419288,3.339165422762587,7.5758091079902155,7.069064660473669,9.027017744026729,7.3473078048720515,8.798473529325053,8.022620086218671,7.387130113742863,7.6841275417449335,9.19865052999905,7.784537019226245,6.734631366115373,7.601833225828498,7.691392096853651,9.960800673018186,6.277651047074329,4.710408731687167,7.268110592479343,5.626750185384786,7.225357118942891,6.969714975894874,-0.0,2.8031910949922034,5.978858536419727,4.697126935189002,2.344821560676793,5.699406627590535,3.188908317292037,6.488755993584128,9.735347957515632,10.72540025493919,9.755807860276635,12.22161133305363,9.908229200244014,12.64446587426587,13.734324782137055,11.557478767751089,10.043586515451354,10.419492483010883,9.599021640164505,8.324420621776587,10.130677773100402
27,17.05501912218838,13.56008722082034,10.39142324392743,12.708890587171044,7.468758633798922,4.698484562725725,7.140625880626119,8.296388337609864,9.986956741740244,7.935497914369493,12.682740923705376,9.526145727883149,9.596584780400143,9.180380838048332,10.583919923689592,9.893987793717644,8.303498354800555,9.990967227552074,7.824364310927703,7.87932628251794,4.883223532109199,4.170521689746989,8.486869848089553,5.7471165351562306,9.033883425578477,7.716653130345615,2.8031910949922034,-0.0,4.850779342704235,5.769412431419575,2.8725593580130897,7.0189714996806085,3.8493825980007124,8.68041545572136,15.860954087638888,13.659128046962294,12.144265504984219,14.904061152963337,15.922278676709084,15.768743436140822,15.538994128173053,13.6641660146693,11.735001576555547,13.075442604245621,11.63762356807799,9.367728265310717,13.247111997960857
28,17.298700649014783,13.591497726115033,11.728736004066393,14.827857539862043,8.070033068238642,6.301676848323925,7.634096287418062,9.476998718384264,12.18385682749083,11.32117087303615,10.84468636182333,9.66071267787521,9.433444304586915,10.077952722716306,11.144691953882688,9.778513985325718,8.59440324075513,11.742532371191608,5.18340249314957,4.207572567542388,2.42674289001237,4.897176637802594,11.570399670266957,9.88525080933028,7.5887440560412065,7.210172659774437,5.978858536419727,4.850779342704235,-0.0,7.140880111291966,5.3381890063271555,10.376867745625843,6.454083606885251,11.459802927419684,20.799273988651127,16.157517571469437,15.199753333366735,18.2673630087651,19.97659524624279,16.869868897328967,19.88826399658877,15.709507555350276,13.135304819979167,15.69083161937162,11.732784689186603,13.515401237642648,15.13773893952346
29,19.314358726367562,17.030747793699735,15.104349124677988,16.08466459509306,11.743192554606884,6.531988041978638,10.575317630834054,15.294619235150028,13.117098605580793,12.835101859949658,14.738782393620834,12.974147617544926,12.715136443533128,12.429968233221508,13.534844523249973,11.67563174681772,11.833343719131125,10.84582519697123,11.391309671345011,10.185950718433517,6.734775972324396,7.097991392899015,12.399195224121042,11.241922779305847,11.221987916803773,10.414081740161924,4.697126935189002,5.769412431419575,7.140880111291966,-0.0,5.2184760551880585,16.16991893257266,7.741990040177103,10.031408547560261,13.25218309926757,15.058739029953353,15.231920824317022,15.991222056376655,13.905162302153615,17.888612371232718,17.01636599981009,17.208482134185793,15.783193026665957,14.60057191182086,13.900246967244742,12.790908438057631,14.007513833335771
30,12.844366212388517,12.513989135785748,9.127044318290306,12.535319625738572,6.65870578718957,3.554042921711804,6.5014828189571245,8.507236522092477,8.007575047287297,7.728185170164301,8.374241636581571,7.88310528878171,7.407103379540018,7.677123168788963,9.003503337137099,7.073428367986003,7.329970879866168,8.078564313620868,7.78120363867134,8.819982384825984,5.643934036101325,4.0245958268773805,7.09209879655155,5.997224885081118,6.675602631633986,6.174111450761861,2.344821560676793,2.8725593580130897,5.3381890063271555,5.2184760551880585,-0.0,7.056424529927915,3.4258783587209853,6.975728408668148,14.92844953985709,11.413104378668175,11.05705487773919,12.124355768202685,13.136605644281115,13.965862567325562,14.389357776200255,13.243581384435782,10.182283243939818,11.28834925565163,9.686460817570254,7.76241158066483,11.788756850651875
31,13.236491052802855,10.75866048471232,10.016446666167145,11.081224619384507,5.584551595583665,5.534373179168057,8.452001424420883,5.815683116218304,9.000112897333757,7.742425000617315,7.963452960061044,6.701824825618421,6.870889093757989,8.118807709761,9.096875122668063,8.093240538867718,6.282343186273681,8.420253166155929,10.55619301330744,13.951333701090288,11.523083427506462,4.602181917535846,8.648637937503736,6.362716197592354,7.876716825171539,6.422961035179691,5.699406627590535,7.0189714996806085,10.376867745625843,16.16991893257266,7.056424529927915,-0.0,6.352312578199782,7.433886944989996,15.921156494674925,14.391281822113347,11.717080573156792,15.056694749063553,16.6880935446943,11.791876039481194,16.004398827682373,10.941647081339086,10.352053469315615,13.102174902629807,9.680189321787047,9.42005716969656,12.003226408643647
32,11.931294225902263,10.367261934675117,6.793268285910991,11.060026973119909,4.96926174620141,3.5425918218107433,5.8911617879771185,4.9129275859653445,6.342442733442617,5.368784355326089,7.149034736383104,5.723924421637933,5.990110263732143,5.808858383346095,7.417394844726686,5.922741701987596,5.547393116100272,6.971720879071733,8.67513012102937,10.46024307398553,6.545039938678445,3.8007088105400153,5.499023649560839,4.717544616648971,5.359383290947621,5.614662831536507,3.188908317292037,3.8493825980007124,6.454083606885251,7.741990040177103,3.4258783587209853,6.352312578199782,-0.0,5.037150213476131,13.591228234879708,11.025637411623329,9.140760933576754,10.693388556776423,12.387111663779846,11.64619623307605,11.710224985682574,10.390775691897288,8.836259559771962,10.324908483027917,7.928291111879521,6.3896473021907605,9.689178433465209
33,5.795445214322711,4.853892663206916,4.098467020446375,5.164222224028626,6.72774398392532,6.261109575036345,7.988741237515748,4.416070997167581,3.1958501970529296,4.182733689096014,5.1782616698690305,4.991599334574535,5.3431935637192955,3.7363854014031137,4.805996601800927,4.047571609095021,5.5135328806719945,4.989629720719583,13.03562351903317,15.867502130968113,11.64864851575819,7.594765942843204,7.3268267309707,6.6546847746731235,5.543876120904077,7.563394211785194,6.488755993584128,8.68041545572136,11.459802927419684,10.031408547560261,6.975728408668148,7.433886944989996,5.037150213476131,-0.0,7.952035096069078,6.135697435934823,5.151035041324067,6.22184820155375,4.423420348111351,5.687142002670785,6.412839251082293,5.078594961995906,4.394079501762425,4.477005883174586,3.8536862180680314,2.6460039871409595,3.8009940086526175
34,13.024900063501418,12.198012645880077,15.137380619012486,11.998200457036095,14.87069650242133,10.850530469859507,15.486762644282376,14.268656315645028,11.519251154690123,13.39902231857984,14.222554606219942,12.098607723268406,14.509736927862516,13.419325585443337,12.60779326534227,14.71208742167119,13.633408506713689,12.692884454648105,21.038547377460905,29.981547528227054,20.95744367284224,13.393227821822473,16.623933337519226,14.413292174712762,16.108955544020198,15.250740816642734,9.735347957515632,15.860954087638888,20.799273988651127,13.25218309926757,14.92844953985709,15.921156494674925,13.591228234879708,7.952035096069078,-0.0,12.622285601265544,11.425396665854334,11.658266563663746,7.694638425225532,10.342426560728152,14.396704848435638,11.275194352711368,11.974397728386636,9.388527647890074,11.860933511797949,13.032679365189534,11.220924671277906
35,3.859796627502751,3.872982836254233,6.128292116392551,3.5446644103587115,10.886181273498261,10.89216728671489,10.662302663583336,7.238026087031589,6.358990408688971,8.151144411463468,9.925592268476326,7.946100359970125,8.075173715348008,6.7283532498482375,6.8948277340716055,8.648984878516039,7.888818225066554,8.909329084126796,15.343689340565088,21.359745491411413,16.706553062458696,12.443763463868189,11.41265275780408,11.422417787664898,9.846040659222332,11.083696670055982,10.72540025493919,13.659128046962294,16.157517571469437,15.058739029953353,11.413104378668175,14.391281822113347,11.025637411623329,6.135697435934823,12.622285601265544,-0.0,2.933911655574857,4.2778935961688385,3.5549290144454786,4.576000244046975,6.432222707119756,3.5679393913473163,3.0104828201771676,3.4066020572370217,5.385324980860507,7.558417172526255,3.9919012064979555
36,5.615857446855234,5.044812210225054,5.858971818208816,4.596258853151162,10.662841935693361,9.104208311322557,11.511132760925774,6.344235210329519,6.091003174971997,7.164856624799931,8.201176116811862,7.282956613299373,8.357413666152942,5.871686997535332,7.353009114915711,8.35384749150085,8.413727699365195,8.955896811233636,15.368788598109708,19.515760783891416,14.16717003729503,10.408563888576605,9.613749869488895,10.120786386823799,9.17706866572687,10.653172710889693,9.755807860276635,12.144265504984219,15.199753333366735,15.231920824317022,11.05705487773919,11.717080573156792,9.140760933576754,5.151035041324067,11.425396665854334,2.933911655574857,-0.0,3.907447067272307,3.7030134371520176,4.635675344872415,7.1763118734013,4.416458785787888,3.819628806436266,3.5469155492888005,6.00310437556172,6.739199277618944,5.069086303223656
37,6.477734794755621,7.482399051083792,7.186111197544018,6.173067053972803,15.489681554251591,13.493132933272948,16.815221954685562,10.403440417966737,8.343606689997928,11.694560049002293,12.266368738786237,12.553669998865336,12.332052898970963,9.634234347711912,11.166185611317454,9.855549063860023,12.749461948034826,13.026250867221778,21.794599147115143,23.274534468928067,19.25607126401131,16.383718431417527,17.0763668746634,15.107373199452798,11.465248474365021,16.10774169359492,12.22161133305363,14.904061152963337,18.2673630087651,15.991222056376655,12.124355768202685,15.056694749063553,10.693388556776423,6.22184820155375,11.658266563663746,4.2778935961688385,3.907447067272307,-0.0,3.2503858974803195,4.289622262327447,5.136268644767415,4.392623244331214,5.760460518658266,2.7363219470882574,6.912307415035728,7.428713740864231,5.890799362179948
38,4.634420981877207,5.066819852474644,9.338260250964456,3.7975373140941366,11.701828909426775,11.276073994017453,12.87963547632549,10.006576601120797,6.529163875167392,8.826082879539292,11.788078982360748,9.590356023891442,9.493102870307624,8.16082350154691,7.713997701741926,10.676375247784078,8.94506172590588,8.055350319666665,19.13797062624098,27.045232984259016,21.484307254058255,13.408486538249136,13.160794482635652,11.682954083118057,12.652192890310138,13.849777654711328,9.908229200244014,15.922278676709084,19.97659524624279,13.905162302153615,13.136605644281115,16.6880935446943,12.387111663779846,4.423420348111351,7.694638425225532,3.5549290144454786,3.7030134371520176,3.2503858974803195,-0.0,3.407179546687987,4.47753934997376,2.979638293037212,4.336102147896379,1.4244571944361593,6.355430541503817,7.828082317691488,3.6985676309723203
39,3.5603698109150055,4.37944216673015,5.747197167519145,2.9688575090453724,12.453207507877329,11.72412059644999,13.709320079093455,7.901715172982435,6.284563949690089,9.025109807425281,9.002804188695862,8.025994875922063,9.923173810695642,7.193790946957826,7.4764807614304685,8.64212151247611,9.793480102291307,10.564988702331586,16.841518633449414,21.72370286888279,17.60162425828452,12.704251021839788,13.041627466323769,12.717372472881744,10.260639978835533,11.326934067384496,12.64446587426587,15.768743436140822,16.869868897328967,17.888612371232718,13.965862567325562,11.791876039481194,11.64619623307605,5.687142002670785,10.342426560728152,4.576000244046975,4.635675344872415,4.289622262327447,3.407179546687987,-0.0,3.7780405504004713,1.301882469754933,3.270248393128683,2.750970907098321,4.277366283465499,7.143841243270287,3.856044751017189
40,6.285672658382398,6.228239596284098,6.871794229665402,5.20107430388265,14.489199342908982,13.742064809024217,15.956940120089987,10.571541149508514,7.37669320882433,10.286613495665714,12.060219606158583,11.486871646517416,11.583943192022382,9.058930316765862,9.318615367033214,9.257416826715627,12.216595283107376,13.052866968955902,22.630186883688435,26.718513222360013,19.504014310025493,16.374006263970028,13.18412485509507,15.1687656086832,11.102577639254037,14.634185282554048,13.734324782137055,15.538994128173053,19.88826399658877,17.01636599981009,14.389357776200255,16.004398827682373,11.710224985682574,6.412839251082293,14.396704848435638,6.432222707119756,7.1763118734013,5.136268644767415,4.47753934997376,3.7780405504004713,-0.0,3.857274777371572,5.28401487225627,3.904774686519392,5.280381323858563,5.823410879812945,4.567698618195599
41,3.557998442161005,3.944000102966763,5.046745520759303,2.6259201123241533,11.105971298280158,10.765211673828185,12.878587959668806,7.01624551830663,5.789107310665536,7.854724264504228,8.551385137951234,7.300082359664591,8.575267359171056,6.647126658795039,6.865471462834566,8.09061424759785,8.754783272871292,9.562024487481514,15.903608853400643,20.83115954631061,16.313202339330385,12.387417517941097,12.619018977717516,11.549341865207461,9.293772233466855,10.081048553405923,11.557478767751089,13.6641660146693,15.709507555350276,17.208482134185793,13.243581384435782,10.941647081339086,10.390775691897288,5.078594961995906,11.275194352711368,3.5679393913473163,4.416458785787888,4.392623244331214,2.979638293037212,1.301882469754933,3.857274777371572,-0.0,2.650798364202557,2.537667886868276,3.9120695320952272,6.206250355313861,3.4123851843870048
42,2.1736774456244072,1.972718091422651,2.9098634442675793,1.8307934775484065,8.481739569369807,8.808913060534193,8.824350310668931,5.219140313871244,3.5805916610649913,5.618116448194135,6.613985722623759,5.267418219644248,6.39984125053997,4.298085174532133,4.303769233408112,5.454902205783737,6.085038924481986,6.907264062448953,12.531606644893122,17.244011742643455,13.048679647331118,9.823620555793747,8.454734236854659,8.665597977468403,6.814301222008902,7.833143611125201,10.043586515451354,11.735001576555547,13.135304819979167,15.783193026665957,10.182283243939818,10.352053469315615,8.836259559771962,4.394079501762425,11.974397728386636,3.0104828201771676,3.819628806436266,5.760460518658266,4.336102147896379,3.270248393128683,5.28401487225627,2.650798364202557,-0.0,3.274164601422963,2.6020609356093405,4.323064581175717,2.307515857375265
43,4.1426682741463114,4.415731784570102,5.848386352782023,3.3354120612643947,10.811412943299173,9.846967032631976,12.346185570870079,7.613457674589815,5.9220117275316415,7.379356860203495,9.739853129004327,8.654131797705503,8.975316026074445,6.945527711571736,7.022681700821583,8.357356123867223,8.3101700136009,9.350578762955994,16.1921552529204,21.77596702098429,16.055505003351403,12.726345799226397,12.948427572806896,10.801969147532224,9.590935734466115,11.047736445454655,10.419492483010883,13.075442604245621,15.69083161937162,14.60057191182086,11.28834925565163,13.102174902629807,10.324908483027917,4.477005883174586,9.388527647890074,3.4066020572370217,3.5469155492888005,2.7363219470882574,1.4244571944361593,2.750970907098321,3.904774686519392,2.537667886868276,3.274164601422963,-0.0,4.487596483723449,5.627634564955859,3.4916235203358816
44,3.7738507783420587,3.210017567222845,2.2216396570332324,3.3440767536896856,7.815161179747241,8.100429077738463,8.20611603017805,5.050612503793906,3.1948719589088617,5.7338948769601155,5.884953039535735,4.90222426237898,5.844246650737566,4.350669943010828,3.6002948299801854,4.290146337264239,5.68763141904259,5.915837286664614,11.006868464799968,16.46543745234313,12.2737249700997,9.69384886686119,8.795771687128184,7.947240552738133,5.750931093491735,6.944453478210152,9.599021640164505,11.63762356807799,11.732784689186603,13.900246967244742,9.686460817570254,9.680189321787047,7.928291111879521,3.8536862180680314,11.860933511797949,5.385324980860507,6.00310437556172,6.912307415035728,6.355430541503817,4.277366283465499,5.280381323858563,3.9120695320952272,2.6020609356093405,4.487596483723449,-0.0,3.3963174568542907,2.3705136409966077
45,7.155206342441328,6.305137937542316,3.4377172739308715,6.302956009775566,6.625297968697163,7.591817131405473,7.965122492895986,4.992582117674247,2.465975193597635,3.676360752786349,6.16199126210654,5.648348673789332,5.940761062959381,3.5033185559067164,3.9339967501221396,3.2658008016752396,5.939741701197974,5.1620697642101545,15.256461102252802,16.577770211650037,11.975251707764494,8.535255971348917,6.889010321601881,6.911113645792681,5.434957236640562,7.836751301475216,8.324420621776587,9.367728265310717,13.515401237642648,12.790908438057631,7.76241158066483,9.42005716969656,6.3896473021907605,2.6460039871409595,13.032679365189534,7.558417172526255,6.739199277618944,7.428713740864231,7.828082317691488,7.143841243270287,5.823410879812945,6.206250355313861,4.323064581175717,5.627634564955859,3.3963174568542907,-0.0,4.495987463474914
