,0,1,2,3,4,5,6,7,8,9,10,11,12,13,14,15,16,17,18,19,20,21,22,23,24,25,26,27,28,29,30,31,32,33,34,35,36,37,38,39,40,41,42,43,44,45,46,47,48,49,50,51,52,53,54,55,56,57,58,59,60,61,62,63
0,-0.0,2.203506114790237,4.756947111188728,9.10671074471129,7.57554529816479,9.95199832154264,10.660235414993913,12.665907088656805,5.826286534002984,5.464767245271961,4.71618185017106,8.540516903529568,6.710763001101125,11.34580770028921,17.280855366553194,15.958357537280703,5.669348500298769,7.167216904656218,11.507427726272855,16.197739224670624,10.278631799384293,12.211073784815037,10.784695306786977,14.083850363621623,21.099748343693204,15.693975359597108,13.623728391309402,9.15519528741485,18.522816996519925,21.426150457176593,8.357334264988367,14.94084829850676,9.402202885455395,16.992743708902154,13.868044967825766,10.092452738549978,18.16496749644555,5.524710663648534,7.019121760169033,6.794832690042034,6.782583724878386,7.511907699873892,9.882683292072235,10.906021257027913,6.456649858040126,8.217684642827724,6.300503837229246,7.584249223937753,7.304396641679685,5.695476780534214,5.999204455923491,8.551714098112388,7.650213885133212,11.705897493000236,10.6141052637702,11.807255439186521,7.544255730285308,23.412222664119902,10.564421196156001,7.1900128883096786,5.386607522803383,2.2781754769519504,9.234292457125324,13.624791334472713
1,2.203506114790237,-0.0,4.499699821397022,7.897695879854585,5.472207822182461,8.841141317976618,8.320033824060074,12.5529450216006,4.101587426693485,5.233068244486231,5.382031297063585,6.635659268293144,5.391801824923142,14.965162956355613,19.304249319779142,16.58575166196849,4.7316633573124935,6.321076693879527,8.647608237494373,12.85989626640429,9.293556283590108,10.58904882358766,12.284911078625452,14.758613567029142,19.243085881646582,16.199221504951407,9.57660399257882,8.462499990347112,20.222906700702257,21.286297889610108,8.116740084177916,17.187082188541602,8.559323929747476,17.796971479042146,14.584178680412991,9.48661587406274,12.894081158349762,6.856077767842663,6.889043457686055,7.718814426621374,8.857878164419251,9.133814490415224,10.661826104337614,12.101966356683782,7.10702928553765,9.293752886369422,8.859284283032798,9.002413823293955,7.902076095316781,6.967137824905982,5.296992639802449,8.351429502254774,9.842613214747614,12.554988937245787,11.336248060424548,12.899840096770818,9.534305639285181,17.708638210419373,9.858800441598145,7.045949619524369,6.201911303379622,2.4856855163130946,9.040388366567681,12.128589335052318
2,4.756947111188728,4.499699821397022,-0.0,7.7867962862939715,2.551859570551396,4.825418564200636,5.973204249489937,15.199809000008809,8.814122417219695,7.862356955021157,6.850121266810487,12.688789588386177,8.513551246624566,11.32702081646995,12.393870573304246,13.21030251307332,5.154721060155245,4.530882903405986,7.114723731707715,12.72760858547261,9.097187566537322,10.11550856713956,9.175327503681512,9.692414810367318,15.710255846163408,11.502090373220947,10.262161104954608,8.66023392998093,14.744566397915452,17.976833797122417,7.128976516869401,12.232921154645448,8.634000105069521,14.97629559315712,13.207691562567666,9.302551160002242,15.122808946250668,5.936864623938075,11.066792005744128,9.646756774736028,9.697205976344943,15.830242013105819,11.54955644800844,9.36372553218175,9.65070506751925,10.87103342212873,10.743912493105546,6.779231427142561,5.660009272948971,7.550212582328622,4.849200674166997,14.090050764471316,15.184777860948484,16.288190437549883,18.326236613980775,16.440440413018553,11.506878795522978,24.882183420500798,11.582716813590858,11.393454989021917,8.904808366316775,6.683605728810083,12.503198732926318,15.392922424006787
3,9.10671074471129,7.897695879854585,7.7867962862939715,-0.0,3.892882484975782,13.05993107247337,6.906726899476488,6.255544135914536,8.565497727426598,9.757625492887573,11.195531300111824,16.962340232240454,13.94220334076906,15.193200794477354,18.850392996298424,19.3294780562406,10.28115931430244,4.987765138319007,16.83676160769439,23.438426023744338,15.949571378798185,17.539134565585446,16.665844413444663,19.00689613934566,24.883403185021265,17.45366932910202,18.909905945497144,14.621448070579426,20.44452767791454,29.660787180384162,8.758468585139545,19.518369992440658,12.02898006253558,21.403722709511086,13.834404082674608,14.424519407693676,25.255561502110453,9.930785132370575,12.964394803716951,15.927409571432358,15.177745877988032,17.988652189336616,15.81151532765856,6.800594086875672,11.366286583663173,14.183046258533397,15.578358829737587,12.958805666054035,11.543653500906608,12.83934515419862,10.458871541625285,16.079291758658698,19.325148399005034,16.545439474651456,16.187367509775513,14.068611207228392,15.257250589742581,14.72496038180833,5.9127597232385,5.818650345850746,6.958550811740523,8.22720846904029,15.841647206492304,14.717226616306405
4,7.57554529816479,5.472207822182461,2.551859570551396,3.892882484975782,-0.0,7.354906570678688,4.510497391252034,10.74111642670934,8.458078102126201,8.218580337972483,9.648552883535846,17.053301854636686,11.595425002421,12.907896502994374,14.508756787800968,16.339748067540903,7.283874241875289,4.436849192814279,11.201055779453839,17.634368298318375,11.64841568305918,12.683536591267746,9.973899364415356,12.155173349543222,20.11632968411939,13.970207203948597,14.767094611406572,10.393379733612846,16.463492638132145,21.34037178742984,9.720639983660629,12.24441891454362,10.701702811608337,17.34728348095139,16.649540275549686,10.101856051498787,19.93541855229878,8.202377277191603,10.684527711228737,13.781806327535328,13.674712350727388,17.924274152829057,13.543354103019638,7.5483090996124345,10.286052022780884,14.943147505782617,15.03549273656106,9.236426256779533,8.022638921236027,11.694366354348272,7.88561553646483,16.572834677595182,19.18942396554759,17.117209851966365,18.020052779545015,16.298158679348557,13.981444749708814,22.928479401058368,8.179137783986748,7.794788727773931,7.009998527522883,6.589747634453363,14.877766163021402,16.334331873871868
5,9.95199832154264,8.841141317976618,4.825418564200636,13.05993107247337,7.354906570678688,-0.0,6.762841659515949,19.958131257724908,13.08804819344784,10.40813839897619,13.871755999818015,18.208938004827225,12.665302292232866,10.166287310183687,8.432339490232787,12.174827619101002,5.874568429994716,8.522559759166999,7.8234065268527075,9.681399231841564,5.9506560398712285,6.363967808631304,8.298089966673624,9.60389146388165,14.114835592104917,9.540499781328833,8.654338745977359,5.1246990738162905,11.121311192508951,17.037983217277596,6.173888446227718,10.898708617902805,5.914429858361562,10.503485712020629,10.98834419336785,5.461580432990821,14.437453121753741,6.3266369022858315,11.153816350663982,14.003736722474295,14.86135462845086,18.122550204429842,16.00127318921136,15.663804200241465,9.481308959926432,16.7384022881953,17.60306500621969,7.708473581827191,5.4901077672317395,12.097041899005411,7.060196034237414,19.928501509287273,18.2109594143993,19.676863547367194,20.594100390129615,20.262398501929336,15.727870955183944,21.21398456991333,13.142035586612316,11.198719172134581,8.581361207163685,7.934354025297731,12.933714018441902,13.350627395935259
6,10.660235414993913,8.320033824060074,5.973204249489937,6.906726899476488,4.510497391252034,6.762841659515949,-0.0,9.71888585150332,13.156242055694957,12.04925679769439,11.899055397533381,19.06025943102582,15.783532787830833,16.46103701104345,17.099689241901583,17.304856729879845,8.489782116900322,8.39108697278284,14.899057670587593,20.85762475521752,10.807719446246288,14.772290199531573,13.116787947327744,15.6621248118041,25.108405131414376,14.592016148212348,16.907912306939426,10.243085435420092,19.11042517319221,22.66451772971981,9.09301623940275,13.392980835365464,8.53429199722255,18.468096869162785,16.01326078323917,12.470978471765939,21.71255667699791,10.777855126298325,13.905931555955048,14.834073791203892,16.039940879006604,19.708672601191925,16.4963207326543,8.811487766064571,10.650605660349456,17.40719709327583,17.95326103228909,12.890191890603672,9.870078308703212,10.204619946719713,9.349507438021861,18.098432418408105,21.05487455546403,18.313298223021693,15.662985066735489,16.451742670485576,13.46322490844307,19.97773752678684,8.079611101473116,9.207395027189769,9.473941039258442,8.675690485580445,15.047316410290254,14.72392965595351
7,12.665907088656805,12.5529450216006,15.199809000008809,6.255544135914536,10.74111642670934,19.958131257724908,9.71888585150332,-0.0,14.159376303108633,12.963270880968935,15.345253337928778,23.17554500609507,19.59937769480148,23.459027321369494,32.30453104805258,26.500261980714367,15.996419879292176,12.007806566060419,22.909986537815676,29.536655703278544,22.428673633196386,24.26855883692764,24.660871082753783,31.27709534233089,37.126045401121516,27.832896875881048,22.884733905344504,20.19288437253013,33.70774599535019,42.90374729585583,16.706480188823914,24.090287433712774,15.387757184079097,30.018250472134916,22.886410862639632,23.147782496434587,29.146031100373918,17.317806196286327,20.944884586549502,21.099062631214938,20.68637863487678,17.518539011732173,17.803650739782732,5.113131157648711,11.155469231885231,17.86880063728607,18.241135602599563,23.545160208282784,19.174646935378373,17.233486961758672,15.860152830784903,18.588179350109122,18.547713945241604,15.836364413090301,13.78020694320809,13.361836081136621,13.60961398214005,16.5715381516728,4.750426756937634,8.411284280094659,10.199169462568173,10.231399382543387,15.863370227505506,16.07641917341
8,5.826286534002984,4.101587426693485,8.814122417219695,8.565497727426598,8.458078102126201,13.08804819344784,13.156242055694957,14.159376303108633,-0.0,4.392690458316132,5.832536608021072,7.72509149487219,6.886765420197549,15.225567147400602,21.191495501587116,16.190666713424918,9.470778051217735,5.775468033287956,13.186027869352154,19.83905234533081,16.381584751825574,14.490659202093575,16.211104004287197,20.123143088640525,25.244621482159115,16.9679984882533,15.107325779974728,15.185544345727129,23.77519621114271,30.491751233235505,12.636688629707209,21.24640519990115,14.073220935271843,21.731750535231466,15.66818999237759,15.519165726918436,19.974314248154755,9.053867299733529,6.959919677850838,8.485634889308265,9.296317564475412,8.853914148785615,8.938368974523584,13.739827717354315,8.934926775871746,7.525046802960873,8.016413638985428,12.331691895204239,11.49628413671533,6.889124752114041,8.107241470495758,8.191285924777368,9.974156528117021,10.036379767134456,8.89582787066437,9.043863729117382,9.24352177394623,14.101488335948066,11.06132399610364,8.27083653208473,4.458758526371194,5.204598943639086,11.397080520451564,11.98400314697446
9,5.464767245271961,5.233068244486231,7.862356955021157,9.757625492887573,8.218580337972483,10.40813839897619,12.04925679769439,12.963270880968935,4.392690458316132,-0.0,5.105314712684663,9.838098806107219,6.418862914404564,15.695232440893886,21.50212517529881,18.563701450281503,7.265883842597607,6.345486666473209,10.697267535493154,15.414522599828667,12.674254360164605,13.292816184712281,14.32229442815175,17.883940242888727,22.480074028684342,18.36243909130964,12.72461081438994,11.91683054129861,22.73455524553301,25.0555319738024,11.755588489283628,17.028660842029193,11.906132043111713,20.451253477767576,18.036449931931966,13.134117941865131,16.388740337301705,9.318638144283456,6.2256213962824205,8.5789908650006,10.046604071334825,6.413716973052549,8.122124965255885,10.135156940234038,5.75408072448051,9.471090581251957,10.443807492710324,10.923926822862777,10.219738112058957,8.514691571327463,6.709218472777859,8.988053470418174,8.01909414274094,8.498615150110078,8.816986754856547,10.1953888655395,8.300119564893713,15.497386023722521,8.353632293484837,6.219834221108112,5.049743926332496,4.459517621198895,6.900158588242433,9.489663315435903
10,4.71618185017106,5.382031297063585,6.850121266810487,11.195531300111824,9.648552883535846,13.871755999818015,11.899055397533381,15.345253337928778,5.832536608021072,5.105314712684663,-0.0,9.437852667629853,5.470268986998549,13.270972143651306,20.058409563551837,17.855609699245427,8.065859989046091,9.410452114940997,11.603973162566461,16.52442710470265,14.129803672046163,14.620253343182865,15.296924194831549,15.014760084009287,20.227947878990523,16.447413245348567,13.933898830409001,13.894733821385037,20.685201059037805,24.112827943770494,11.225302915858729,14.814464345330288,12.659247212181347,21.31871094771367,16.72200968368568,13.974413516319942,17.249583467093114,8.233406345615231,9.735095816370555,6.363066018861667,6.388359201683687,8.169774193694973,7.247637636137937,11.790041912303126,7.766639437676741,6.991417174867456,6.432043500494247,9.641670073327587,10.622062457160046,6.343234041337768,8.247774785998844,5.204688726099166,8.80755622894995,8.882468112563064,10.69508901590712,10.395545681322773,6.825577102752719,28.880591382561523,13.41752710038852,9.839400469194935,6.359772170739538,5.0043297589602735,8.348482096788869,9.593400163844288
11,8.540516903529568,6.635659268293144,12.688789588386177,16.962340232240454,17.053301854636686,18.208938004827225,19.06025943102582,23.17554500609507,7.72509149487219,9.838098806107219,9.437852667629853,-0.0,3.19072401902698,14.15713881414933,19.146301857944557,17.221217519222932,12.41023929593777,16.075915851948302,13.951666693599332,15.281346686327081,15.528103505087335,13.942819630457404,16.83201771991788,16.160698653374276,19.316144547985704,17.135454515002174,15.764481092116625,14.745900583859068,20.46677322357327,19.809298495061995,14.256342824281615,31.02217394632431,16.837206915152702,19.05825268599765,16.38692048931065,16.32675227956569,16.954037052357688,9.768272068234753,8.065655556497989,9.82567315665399,7.4636039231167315,7.15803621846744,7.260822702209004,24.25211487380444,13.217322355371403,5.640724045286828,5.268224890158228,11.501548583043384,15.102282780046783,8.800933617801913,12.661210699619872,8.224149784973031,5.620022539411149,12.39356608542813,11.832564676442114,13.261089932650458,8.954425686232865,25.77339739769283,21.393910470688763,16.726240818816,13.131484224670013,10.858201303198534,10.675976892827741,12.813611253768656
12,6.710763001101125,5.391801824923142,8.513551246624566,13.94220334076906,11.595425002421,12.665302292232866,15.783532787830833,19.59937769480148,6.886765420197549,6.418862914404564,5.470268986998549,3.19072401902698,-0.0,11.418877322267637,17.080244156117455,14.629110592463734,9.669402334107955,10.004250690332295,9.941436513661635,14.507282465231048,14.567036774640204,12.959155716110615,15.521611635417841,13.603375450765233,17.127050317684848,15.32818058378745,13.74844285723811,13.373381088123411,19.169318665002635,21.05891687086564,12.176523843976604,21.303673507651446,14.611721145905573,18.45642083753755,14.269144248992022,15.015485042023522,15.740678388488837,7.790196547809176,10.733365408300932,6.217060268934958,5.422483316934289,9.6926097986669,8.463613709057125,18.240328821016146,13.700807946971777,5.705908890233565,4.9623592508629955,8.878559870636007,10.21499249154293,5.893105441938245,8.048044851445463,8.587384267167934,8.388586582074018,14.235834493711977,14.470733961174638,15.465991908646034,9.400556672029222,21.852239152885875,16.52102070647934,15.090236329581701,12.140991549306316,8.452114159083107,9.411583552387922,12.383846231178747
13,11.34580770028921,14.965162956355613,11.32702081646995,15.193200794477354,12.907896502994374,10.166287310183687,16.46103701104345,23.459027321369494,15.225567147400602,15.695232440893886,13.270972143651306,14.15713881414933,11.418877322267637,-0.0,4.208902929796381,6.302316450921191,13.590773677138795,9.810777728483922,7.738444237883396,7.557695692183062,7.964274835411855,6.795504795214123,7.704087481118522,5.354825909484006,9.2010813965099,7.216470603294662,8.750589765467508,8.355304588423511,7.456188678725009,9.922409589134524,8.881152248992287,11.087171885441135,9.54115891345246,7.760284346119922,8.432047335000062,10.079149865584643,10.7354018250616,6.978593165174257,16.110574652726726,9.377061188341901,7.197524452298754,17.885240289317007,13.853539119788408,20.12527306872734,17.788185571476614,11.542757609659267,12.709668629082717,5.164134650975419,4.388339730053762,8.241343324054457,7.70684198724972,15.119881629058817,16.22423474019851,21.01523224455967,24.16879255994981,24.112208258496995,14.172755504548878,32.29359655531695,21.91533193713567,20.867224001067676,16.671718882307005,12.939366842492058,12.694701907845431,20.5041720027095
14,17.280855366553194,19.304249319779142,12.393870573304246,18.850392996298424,14.508756787800968,8.432339490232787,17.099689241901583,32.30453104805258,21.191495501587116,21.50212517529881,20.058409563551837,19.146301857944557,17.080244156117455,4.208902929796381,-0.0,3.648093232657286,17.772609387393473,14.130093627990044,6.039381848748457,4.616094839042929,5.964835580236258,5.45831495350328,7.161992609761765,2.17616162326348,4.216370408151285,3.714084417787735,5.73271375232199,7.9134111819735855,3.6728317538831785,6.221448810306697,9.217926496843063,19.254760339160864,9.241796534330287,3.7177406140018094,10.566632860144288,9.31823312183303,5.819191313353541,10.131902885841178,16.82995977059113,14.598015603949607,12.69122795365693,23.1529426279914,22.15985260283823,26.125312533507046,19.427010604847997,17.629033494872008,19.474860514542645,7.323137097042175,6.926703174278738,11.173269781835899,13.856243652694884,20.910894122679554,21.732722162177758,28.216308494361023,31.083063015674806,31.18829634615927,21.846324591573694,38.45117839238768,25.550342000122438,24.077665591610202,18.67017458920279,17.942968988993844,18.507793750660944,20.33072790843216
15,15.958357537280703,16.58575166196849,13.21030251307332,19.3294780562406,16.339748067540903,12.174827619101002,17.304856729879845,26.500261980714367,16.190666713424918,18.563701450281503,17.855609699245427,17.221217519222932,14.629110592463734,6.302316450921191,3.648093232657286,-0.0,15.840236825594722,16.648374718358014,6.544099979903608,4.805126303207582,5.080554820689835,4.7540758422175555,7.4934402031006355,2.8098965721324336,5.182015068945853,2.919709653719151,4.138933829755626,7.4521760938249875,3.827605693695194,6.549401317261589,9.070183784971325,19.775713211768544,7.605709600857151,3.6234750049443405,6.282029183929677,8.41355932875749,4.389182349205875,10.344164074074428,17.137796462452226,15.224401718603254,13.454214096074526,19.94473334924204,20.221374383705253,25.39687577704597,23.972324550381572,20.320514428476812,18.404541674495785,8.775290871968188,8.88982616099361,11.00501125529504,14.965725756946824,19.741668167550685,18.7295780622556,27.33323852774214,26.264193482754433,29.497190893718763,21.42674544016995,28.61112934953643,24.622507472817613,24.172847443464953,23.20107406546532,16.33261091838771,18.118909307414864,21.029500455557677
16,5.669348500298769,4.7316633573124935,5.154721060155245,10.28115931430244,7.283874241875289,5.874568429994716,8.489782116900322,15.996419879292176,9.470778051217735,7.265883842597607,8.065859989046091,12.41023929593777,9.669402334107955,13.590773677138795,17.772609387393473,15.840236825594722,-0.0,8.669569646997187,9.00654240138151,14.224126883534506,8.23100431375659,6.671907862856226,13.406298665254889,12.36035052524203,18.842951911875378,12.57591140508619,8.971651009345022,7.383165727099679,18.36350692111288,17.100758468361988,5.740800890828192,11.391994253916197,6.461860437697996,19.05533003529232,12.358233985620496,6.492548193184814,14.114704540576264,5.205190037059677,8.461153967500394,9.022902202611363,12.155090932081098,11.527175087067702,14.271304582980667,10.524614003579353,5.639739935821374,15.107015420555573,15.369754982058746,8.787567650746018,7.269859217380751,9.99320970247446,5.736050390293285,12.838417704204074,13.1322034915086,14.717504300993307,16.035277213157435,17.060118436725812,14.599877741377478,21.715221526764502,10.10321152891899,8.56930663612519,8.769777734883043,5.630736355175298,11.92204135318352,12.6227992727039
17,7.167216904656218,6.321076693879527,4.530882903405986,4.987765138319007,4.436849192814279,8.522559759166999,8.39108697278284,12.007806566060419,5.775468033287956,6.345486666473209,9.410452114940997,16.075915851948302,10.004250690332295,9.810777728483922,14.130093627990044,16.648374718358014,8.669569646997187,-0.0,10.511897420490207,16.75626507083432,13.283506020274885,13.349049183266155,11.65406326823882,12.972072362987992,18.923656014203228,15.802048321647653,14.807386495719966,12.348746419602902,16.656200567306886,20.820799496707313,10.938873576267543,14.467282112768538,12.566457977714158,18.07285718639624,16.67518654592502,11.792202982280562,20.29796272442793,7.564529241831534,10.152975508653345,12.403390756419604,12.383176310578454,14.089212649744193,13.439422750017911,9.147098803323448,8.644193202760832,12.210162681680451,14.004954420660281,6.60606478186371,6.971098709445355,11.92785974838746,5.407367478291248,14.824114271732032,16.311177017745738,15.318801334928922,16.267663798798136,15.784463919332472,13.307476803401567,15.934081749795675,8.992238425308134,6.947375302315653,6.003040512981347,5.072933479800204,12.652127064390159,12.30925685498694
18,11.507427726272855,8.647608237494373,7.114723731707715,16.83676160769439,11.201055779453839,7.8234065268527075,14.899057670587593,22.909986537815676,13.186027869352154,10.697267535493154,11.603973162566461,13.951666693599332,9.941436513661635,7.738444237883396,6.039381848748457,6.544099979903608,9.00654240138151,10.511897420490207,-0.0,5.429731243920459,5.854600069852562,3.974902139810894,5.401273766173523,5.286434525471474,9.195524305315553,6.197876435321953,4.331352327996538,6.441684484741555,8.726885987966742,12.097523675771773,8.858655583872281,14.620235125680153,9.651865033520282,7.92008137640468,9.537255469303748,5.602078732202902,7.6428238080707285,8.833854116632203,14.538910674659814,13.082055015939604,13.879794400212187,18.966716291218592,17.921852157695774,16.514506363384726,17.260711790847942,14.646919680263116,15.321938641443941,5.746034986825647,7.1570541383808965,11.815971479345684,9.615849355826601,19.489736627330636,17.760327375084188,24.783043740825747,24.384931799107875,25.368706613318476,19.110208252131187,26.46757213321852,17.726555579634816,18.788971780861175,18.51438123428493,12.672196728031043,12.444502267410908,18.266254649195055
19,16.197739224670624,12.85989626640429,12.72760858547261,23.438426023744338,17.634368298318375,9.681399231841564,20.85762475521752,29.536655703278544,19.83905234533081,15.414522599828667,16.52442710470265,15.281346686327081,14.507282465231048,7.557695692183062,4.616094839042929,4.805126303207582,14.224126883534506,16.75626507083432,5.429731243920459,-0.0,4.590759747159791,4.735461028088178,6.613095879135823,2.7943228793161814,4.301143726790016,4.579067473547928,3.1391951907538425,6.577135694477529,4.228562125782913,6.926995458514703,10.945244911142789,16.010050133171127,10.106682779190747,3.035964930110011,8.154837987540022,8.835137710338289,2.6727756035540677,13.105157018349738,15.326415165745322,17.318512116048858,15.96502551851921,21.039775563356795,23.50932037273997,24.22247173641987,18.351747396695522,21.572083419632634,21.745847380085905,8.89167204832136,10.300534234257377,14.270517505076272,15.905645151407187,24.323966167567292,20.327471434128665,29.985985683200653,28.657140010571545,32.71694653206921,24.443110835453364,32.01579727863301,20.95440574750472,20.33436819227101,22.086606877407753,18.28051463350849,16.689011367966533,19.024605607514342
20,10.278631799384293,9.293556283590108,9.097187566537322,15.949571378798185,11.64841568305918,5.9506560398712285,10.807719446246288,22.428673633196386,16.381584751825574,12.674254360164605,14.129803672046163,15.528103505087335,14.567036774640204,7.964274835411855,5.964835580236258,5.080554820689835,8.23100431375659,13.283506020274885,5.854600069852562,4.590759747159791,-0.0,2.511250625742824,4.179258273412893,4.404862838971093,9.120289676375764,3.8873411131672624,2.5870712823019026,2.1814434636579056,6.579643372821662,8.899667309372088,4.980311970832243,13.285893894122161,3.858978852330571,4.923569956606685,6.747535496939742,3.711443888923825,5.59093290777104,6.626434330689355,11.471785368033311,13.05752982722021,11.568086656218876,16.243980710176853,20.49773747553975,18.743942731386795,14.436436237400574,18.889631713570825,19.566339439940293,8.32560286472515,7.023397823384817,9.017502906897988,9.133066630586777,19.223577622878267,16.919192758922975,23.756799916164013,21.638360098722607,25.556630395035018,17.990941895649957,28.967180534073496,17.620375204304807,16.507748222858154,16.760215288550707,11.214690624478974,14.699228890585356,17.494490827511477
21,12.211073784815037,10.58904882358766,10.11550856713956,17.539134565585446,12.683536591267746,6.363967808631304,14.772290199531573,24.26855883692764,14.490659202093575,13.292816184712281,14.620253343182865,13.942819630457404,12.959155716110615,6.795504795214123,5.45831495350328,4.7540758422175555,6.671907862856226,13.349049183266155,3.974902139810894,4.735461028088178,2.511250625742824,-0.0,6.057089582851835,3.4136322283942397,8.803310410353042,3.9647184178799155,1.8590429703595917,3.4740203323307934,6.896477828510605,9.618643737496955,7.071942235249004,12.399381030730856,6.836229429763431,6.141489898496451,8.047039810713443,3.8209927247840514,5.218738183779313,6.142483481923177,12.238534809222815,11.091472802538473,13.530487979271903,15.036630301757807,19.701579510381197,16.775443915548355,13.524148243542935,17.928750231867888,17.903138724226125,6.6168173672843436,7.133066980556082,11.36746124429331,10.634528329888507,17.000886666215347,14.515982950971889,20.443869564586073,20.383887025367226,22.200199561030388,20.086167091905605,30.268004599111315,16.07630809348475,15.611709796668132,15.098853369633497,10.33979189462665,15.770577940596546,17.92153846206307
22,10.784695306786977,12.284911078625452,9.175327503681512,16.665844413444663,9.973899364415356,8.298089966673624,13.116787947327744,24.660871082753783,16.211104004287197,14.32229442815175,15.296924194831549,16.83201771991788,15.521611635417841,7.704087481118522,7.161992609761765,7.4934402031006355,13.406298665254889,11.65406326823882,5.401273766173523,6.613095879135823,4.179258273412893,6.057089582851835,-0.0,6.229169445532159,8.958811369774638,8.19104321176786,6.5911582974738705,6.336174370168881,6.931826012469398,12.981722378235595,10.652160865680498,13.887172217905183,5.408420306059197,7.239337932665281,11.094130882946596,5.492784125397418,6.340406631706047,10.799933272739963,14.863620548432245,12.152766930334026,14.728966619151116,19.59503631453538,22.080101548855257,19.62366979570425,19.499392822013032,17.89825710633956,18.962713669123538,6.581445134790348,8.990979863695282,11.737628351149946,9.07996259234759,19.693812633478714,21.004646549869715,27.847570078855494,27.561348436845062,30.337935748768096,20.95349366724439,34.60117569789565,19.35279770074872,20.49280542897502,19.525109023251126,13.604466591835862,15.937713092639713,23.38793625669197
23,14.083850363621623,14.758613567029142,9.692414810367318,19.00689613934566,12.155173349543222,9.60389146388165,15.6621248118041,31.27709534233089,20.123143088640525,17.883940242888727,15.014760084009287,16.160698653374276,13.603375450765233,5.354825909484006,2.17616162326348,2.8098965721324336,12.36035052524203,12.972072362987992,5.286434525471474,2.7943228793161814,4.404862838971093,3.4136322283942397,6.229169445532159,-0.0,4.33982502808576,2.285732991571583,3.8451575002719567,5.779539152154205,3.4532029998824143,5.75656757594255,8.237652962372835,14.863343533989761,7.476918423504867,3.4241239451794954,7.900662556598951,6.139361531824102,4.227414350901931,9.120439851438887,19.357170697863374,12.253117183908518,13.704268335807608,23.496047563750942,21.209233309822444,20.95836305621552,19.75093468236505,18.9382315100689,20.811138051606267,7.0483277644992475,6.868120687227285,10.509285335243074,10.968788831523153,20.37629972522163,20.937538290145337,28.15730535941753,32.24326448497089,32.0910663603325,22.35049125668606,38.75124264015102,24.19786545819311,25.055042756404365,21.28056572877342,17.70795855846984,16.07542239104197,22.166957069702647
24,21.099748343693204,19.243085881646582,15.710255846163408,24.883403185021265,20.11632968411939,14.114835592104917,25.108405131414376,37.126045401121516,25.244621482159115,22.480074028684342,20.227947878990523,19.316144547985704,17.127050317684848,9.2010813965099,4.216370408151285,5.182015068945853,18.842951911875378,18.923656014203228,9.195524305315553,4.301143726790016,9.120289676375764,8.803310410353042,8.958811369774638,4.33982502808576,-0.0,7.163849059343366,7.316342704330795,10.941803979134095,2.01917859400689,3.0984352390988037,13.471357536658694,27.313910862594266,12.811296648458567,4.292646806302181,10.379056423721476,12.449265205016916,3.9237372825356482,16.615813154727665,22.72177173461161,21.63546831526111,19.663433758952664,28.563142417741915,26.651789019714855,29.185648352121095,23.198535206254398,23.983274661962657,26.426340888630985,11.37822780575107,12.616598103973992,17.72278770539789,20.611235610470345,27.568074881994963,26.1492053454927,34.55300432954603,37.93083115933767,38.74360516399522,29.398271738822377,43.11544258541345,28.807380533165862,28.715554347381016,27.536361365942156,25.897478519445297,20.849221791202936,24.5847341015564
25,15.693975359597108,16.199221504951407,11.502090373220947,17.45366932910202,13.970207203948597,9.540499781328833,14.592016148212348,27.832896875881048,16.9679984882533,18.36243909130964,16.447413245348567,17.135454515002174,15.32818058378745,7.216470603294662,3.714084417787735,2.919709653719151,12.57591140508619,15.802048321647653,6.197876435321953,4.579067473547928,3.8873411131672624,3.9647184178799155,8.19104321176786,2.285732991571583,7.163849059343366,-0.0,3.6568137867299497,6.963969501408182,5.357443921584565,8.805340207955334,7.31694898498834,16.2275383188585,7.623216016749248,4.436795304270048,8.20762313873657,5.763116078641022,4.9842806611481665,6.112617038525729,15.150066937551134,12.213631481577986,13.267915737535066,19.31675681570105,20.642796474083994,20.059896222714848,16.722342367666382,18.446765206903777,20.078063457049335,7.852915418703525,7.366214566982683,9.561419138519586,11.89152960418167,17.367366709617116,17.592376156889937,22.80969621463966,25.951312167838317,25.869899242354666,20.934098222980413,35.989674334068816,21.15611372958097,20.9141827772458,17.55491567196219,14.306658607834681,16.775628416610893,18.830949213443454
26,13.623728391309402,9.57660399257882,10.262161104954608,18.909905945497144,14.767094611406572,8.654338745977359,16.907912306939426,22.884733905344504,15.107325779974728,12.72461081438994,13.933898830409001,15.764481092116625,13.74844285723811,8.750589765467508,5.73271375232199,4.138933829755626,8.971651009345022,14.807386495719966,4.331352327996538,3.1391951907538425,2.5870712823019026,1.8590429703595917,6.5911582974738705,3.8451575002719567,7.316342704330795,3.6568137867299497,-0.0,4.516366622289338,6.174024456434164,10.26195234827915,8.069871982052327,15.282427209790136,8.172531814129075,4.6664075956632,5.93159887938519,4.1857125071020755,3.322305966952265,9.579682737239933,13.880399338407331,15.567905211014908,15.629484121363737,18.417880251531372,21.518378714833105,19.583837125567236,17.772672415723004,19.481741723305806,20.20081863458018,8.21586620935467,8.825607209122564,11.907960103654263,12.497673708762514,20.804053662541698,17.77623615404462,26.357202468581498,22.91136386717413,27.723094998481177,20.70754698177157,28.033502946206614,18.192342320896334,18.289351014929636,20.695502706860292,13.550744354456034,15.066718788728735,17.926855617797038
27,9.15519528741485,8.462499990347112,8.66023392998093,14.621448070579426,10.393379733612846,5.1246990738162905,10.243085435420092,20.19288437253013,15.185544345727129,11.91683054129861,13.894733821385037,14.745900583859068,13.373381088123411,8.355304588423511,7.9134111819735855,7.4521760938249875,7.383165727099679,12.348746419602902,6.441684484741555,6.577135694477529,2.1814434636579056,3.4740203323307934,6.336174370168881,5.779539152154205,10.941803979134095,6.963969501408182,4.516366622289338,-0.0,8.76339552616655,10.953895179617241,3.274990631765366,12.959831514221474,2.2990005641022027,7.136968998090891,7.0769903683738455,2.8881711939001176,7.848595156791876,5.514177376682344,12.085989260472124,12.000391843212372,12.712230416952982,15.756973301445205,20.02228094207722,18.57489480227981,14.743318933505762,17.739433626832763,18.665841129755172,7.712313942884464,6.760737211786213,10.119168600031701,7.522282020954872,17.391287833796827,16.564786695197594,24.261635054280333,21.64856807395274,26.107854500530884,17.81689579783315,25.648784041661585,16.565750615170863,16.316201321892272,17.179781989807406,11.018475176199457,14.336106989622712,16.077188357192636
28,18.522816996519925,20.222906700702257,14.744566397915452,20.44452767791454,16.463492638132145,11.121311192508951,19.11042517319221,33.70774599535019,23.77519621114271,22.73455524553301,20.685201059037805,20.46677322357327,19.169318665002635,7.456188678725009,3.6728317538831785,3.827605693695194,18.36350692111288,16.656200567306886,8.726885987966742,4.228562125782913,6.579643372821662,6.896477828510605,6.931826012469398,3.4532029998824143,2.01917859400689,5.357443921584565,6.174024456434164,8.76339552616655,-0.0,3.769448588790006,10.236449454627634,19.228051781870704,9.502558832609607,2.11640015419731,11.044614783075948,9.862977293802167,3.2268529088233797,11.970792570548427,19.590570890457382,16.822948856955186,15.436587637417786,25.107140434974315,25.108141343955637,26.818692711178453,22.40769553002891,21.68769975955744,23.089079129162656,10.076409713645624,10.18127448371376,13.166424232881539,15.807417858920708,23.66874446098918,23.737575428326707,31.50671892005266,34.190918183754086,35.32946170839757,25.29177516818698,40.7727859008909,27.407476626406616,27.188442123372173,23.58008600562077,20.944217996060978,20.652384045334173,23.681817830836657
29,21.426150457176593,21.286297889610108,17.976833797122417,29.660787180384162,21.34037178742984,17.037983217277596,22.66451772971981,42.90374729585583,30.491751233235505,25.0555319738024,24.112827943770494,19.809298495061995,21.05891687086564,9.922409589134524,6.221448810306697,6.549401317261589,17.100758468361988,20.820799496707313,12.097523675771773,6.926995458514703,8.899667309372088,9.618643737496955,12.981722378235595,5.75656757594255,3.0984352390988037,8.805340207955334,10.26195234827915,10.953895179617241,3.769448588790006,-0.0,15.99916938767676,23.782765117988518,14.748444812282605,7.147929986013928,13.35959536565365,13.65290356221515,6.4660262889527065,17.079130200943172,27.32429719405742,18.504085410053598,19.249393925341348,29.924381980921023,26.391126076101152,31.860090903396472,28.01870740791823,25.55873784521889,27.00824944214569,11.698039358240337,11.994562469228567,18.19885388490076,17.620788367073356,29.776125793818153,26.0327547176657,35.02797480007556,38.982211679260736,38.411461934368376,27.46359260171669,47.377578247450636,34.989452024187,34.43949389065988,29.120205740966853,24.8240534290109,20.048686368262803,28.584323443250145
30,8.357334264988367,8.116740084177916,7.128976516869401,8.758468585139545,9.720639983660629,6.173888446227718,9.09301623940275,16.706480188823914,12.636688629707209,11.755588489283628,11.225302915858729,14.256342824281615,12.176523843976604,8.881152248992287,9.217926496843063,9.070183784971325,5.740800890828192,10.938873576267543,8.858655583872281,10.945244911142789,4.980311970832243,7.071942235249004,10.652160865680498,8.237652962372835,13.471357536658694,7.31694898498834,8.069871982052327,3.274990631765366,10.236449454627634,15.99916938767676,-0.0,19.409517474636917,2.4955409175946643,10.20468628389057,3.8917012141188505,5.320095375687883,12.752055754299121,3.4050834853718888,10.417530330857051,11.700326799782532,11.35381809968498,14.76019226195876,16.37702787071589,16.877491666188448,10.140105915480113,16.100522079795464,17.66796149983021,8.29115260953704,5.850214256548841,8.366249574944367,7.289207182800342,14.959401617057157,15.337438091789936,18.55202211114776,18.569482384491305,20.893850410009126,14.112432025517974,27.997480450821204,15.626596231140889,13.335156630925557,12.721659216998123,9.535085052670343,13.51376165808432,14.384637863673523
31,14.94084829850676,17.187082188541602,12.232921154645448,19.518369992440658,12.24441891454362,10.898708617902805,13.392980835365464,24.090287433712774,21.24640519990115,17.028660842029193,14.814464345330288,31.02217394632431,21.303673507651446,11.087171885441135,19.254760339160864,19.775713211768544,11.391994253916197,14.467282112768538,14.620235125680153,16.010050133171127,13.285893894122161,12.399381030730856,13.887172217905183,14.863343533989761,27.313910862594266,16.2275383188585,15.282427209790136,12.959831514221474,19.228051781870704,23.782765117988518,19.409517474636917,-0.0,16.153194297487488,17.72972579412584,27.892012263909002,9.614361488524509,18.12729519519476,8.47091726608283,18.962838615722255,12.619037127317958,13.457638957691234,26.20760546505664,21.970303301313955,14.405265259740656,15.467274557269052,25.569410251362708,22.469826881506542,13.888534806229684,10.28144960646265,10.370373504994784,9.171045053607891,22.648712115562724,25.276993972144904,25.91597896490496,28.085789020216303,28.984215284475344,22.638623758421197,33.32868561159581,16.030710422262555,18.91548428805334,16.40471006112866,12.127315616997791,21.080685020796675,20.655815110851325
32,9.402202885455395,8.559323929747476,8.634000105069521,12.02898006253558,10.701702811608337,5.914429858361562,8.53429199722255,15.387757184079097,14.073220935271843,11.906132043111713,12.659247212181347,16.837206915152702,14.611721145905573,9.54115891345246,9.241796534330287,7.605709600857151,6.461860437697996,12.566457977714158,9.651865033520282,10.106682779190747,3.858978852330571,6.836229429763431,5.408420306059197,7.476918423504867,12.811296648458567,7.623216016749248,8.172531814129075,2.2990005641022027,9.502558832609607,14.748444812282605,2.4955409175946643,16.153194297487488,-0.0,8.164506224832627,4.693162279113234,4.634868667829006,11.405113349638622,5.252989733856588,11.704342913253553,13.35917225926251,9.421138078005667,17.156609994033513,20.175443723933377,15.824834796169736,13.087106911006305,18.65767446051445,20.77900024242796,9.793227738892563,7.983603810472154,10.008451920027673,7.081339426743319,17.90090084313576,19.38159643716476,23.168662196106098,21.650753226526867,26.187142512843153,17.834312071208995,27.614573736245728,14.629907527430547,13.838614617948869,16.742667923321456,11.457420403922866,16.42001880975578,17.465368881346475
33,16.992743708902154,17.796971479042146,14.97629559315712,21.403722709511086,17.34728348095139,10.503485712020629,18.468096869162785,30.018250472134916,21.731750535231466,20.451253477767576,21.31871094771367,19.05825268599765,18.45642083753755,7.760284346119922,3.7177406140018094,3.6234750049443405,19.05533003529232,18.07285718639624,7.92008137640468,3.035964930110011,4.923569956606685,6.141489898496451,7.239337932665281,3.4241239451794954,4.292646806302181,4.436795304270048,4.6664075956632,7.136968998090891,2.11640015419731,7.147929986013928,10.20468628389057,17.72972579412584,8.164506224832627,-0.0,11.07427887190591,10.185171859708706,2.817241186009655,12.90574603912481,15.574715801885274,17.735493403667725,15.40335857274241,22.36352768612612,26.03941369446548,28.131811580989197,22.62263586782884,22.709123689109965,21.70572188963767,10.807033149692069,10.692606379447067,12.87387960159808,16.3939879192433,23.854798645127868,22.561774816535895,32.389060507386,30.61669952820006,34.83093790108735,25.147514834922777,33.51439622472958,24.467240956840847,23.821384100365993,23.110544172219228,18.768268400612925,21.220678243191294,21.682002512149932
