,0,1,2,3,4,5,6,7,8,9,10,11,12,13,14,15,16,17,18,19,20,21,22,23,24,25,26,27,28,29,30,31,32,33,34,35,36,37,38,39,40,41,42,43,44,45,46,47,48,49,50,51,52,53,54,55,56,57,58,59,60
0,-0.0,8.89717271156314,7.554499126821851,10.381717851488828,8.54644211837613,8.502849009301826,10.474652775087648,6.081459594002131,11.666170033559133,10.997470109244865,8.351717402283207,14.363383722467875,8.839371585738194,2.9234379839687428,11.868716956730314,11.615891722007232,11.75058367594016,8.26447640822961,8.496839718109932,3.6830648678750264,4.382066488677447,17.02385038142769,14.602095895589798,10.832694117694201,10.082697912209513,3.8757328025151363,17.301362154697866,7.848866020758321,9.221882531063107,11.963911162194472,33.46846943760453,40.465184166629406,25.690524890575784,23.722035623287272,19.829117443393883,22.135772860579166,33.24419822125087,15.25180746247862,16.44399299784215,11.610333147067578,8.953167767915803,43.15971366974868,11.587011785449493,9.719562119065543,15.828419777626921,17.26227402289193,14.613714688682517,6.955378821237456,6.5092714271724645,8.124132716890898,11.843499643893137,11.374277742961468,9.127008214792685,6.842465629576341,7.288119260177517,4.476378894079216,7.659866006730069,4.689388082405278,6.379320503311155,8.593369078037739,4.642465031728726
1,8.89717271156314,-0.0,4.005972338735455,4.406586860302876,3.608126424376849,3.8000737022373965,7.278082178178546,4.518119822378632,5.736507950371072,5.3365544968592715,4.858201351392188,4.83159007638456,3.5180222314543395,6.938147968581841,7.355278928689595,6.204258414451659,7.474160219967236,4.6132594760667684,4.33726821001836,6.444911798256489,3.6684284590067673,8.763304970478387,7.2391635423280425,5.035166597651801,3.6106002733024747,6.728945004070226,7.067483518313844,4.041654640319467,4.898375105737828,5.293739604816424,25.100398780856974,18.79467806072298,16.657888279237568,12.523260056470667,15.444702112200815,10.720194214939635,17.509355894166344,11.72799091318184,9.318913205363264,7.461484842291732,2.931986234341294,17.686392835487506,3.7639545371805054,6.35340944023917,7.44861088939397,11.129066345327523,7.926681463009998,9.18417855130619,5.182615437412513,7.098865027378828,5.470205474013571,6.967277845024174,8.549433850356536,4.674009326523657,5.416805599359627,10.780515233282042,5.15892900818989,6.7309551197161035,10.469829517101486,6.737336719420404,7.923900386454247
2,7.554499126821851,4.005972338735455,-0.0,2.5121351764846667,2.6467276254228724,2.5255814778008507,5.579289579703664,2.658493778134984,4.652574441074638,3.6120541416572367,2.948413536903419,7.714513880037705,3.4776106829595936,4.4533730485662115,3.6990862060689973,5.050157905615628,5.890429326027797,2.551326086669239,3.2377435626106466,4.496098411783071,3.504117942717031,10.573236373142995,7.252282776077331,5.002508840830862,2.884438196738629,3.7343173825779257,9.520812730131386,2.92951618160919,3.833904516036402,5.237748832993534,25.944026397649004,34.15036833823686,14.840453548093864,13.537500084981755,12.068812229485827,13.367621369432674,23.38677921517135,8.833782979651794,8.614920853295171,5.011771782686308,3.6490246746717356,37.62734099701024,4.810299800126971,5.7116310242802,8.762587416277189,12.547492897208878,8.614570952132345,3.4367817814637602,2.935526327101035,3.3868743622517825,5.359500746955728,4.67709968458805,5.574000610459975,2.176169059072738,2.836338605313664,5.655799499940931,3.274810270326469,3.9756675323184343,4.497584037115997,3.157364627734303,5.778627955924982
3,10.381717851488828,4.406586860302876,2.5121351764846667,-0.0,2.215082297946133,3.019853404879959,4.485795728388878,2.910845760185651,4.5562669019366915,3.9776975925446063,4.123391944368252,6.662226688541958,2.221664665173961,6.549351890234825,2.6472971391910716,4.200442497085773,7.213892418810574,3.672828449344872,4.384373685282552,4.307887687378983,3.378420190127431,8.677569448148287,5.829160546015904,3.632308534746144,2.2877827121124312,5.217700097653372,6.338623587750481,3.3101902720978904,2.5210500565340515,3.6037690156182025,24.71281150942278,21.565389864608704,12.660994449014016,12.981813972892931,12.563339999079988,10.904895626536677,20.829680267913275,8.740544332150359,9.315865343236219,5.557202485489781,5.861419339872198,22.053422158896712,6.655250162464147,6.974749519660366,9.230141427446624,11.188558662427,8.963223937665118,4.350269658355979,4.3594961547271165,3.2481259097715625,4.594199097436159,5.536506317102735,5.369729912345162,3.778770714751881,4.8848873999887585,7.230530082240125,3.7544849824793483,6.059999008649182,6.353286408683449,3.661475427906504,5.916888834255658
4,8.54644211837613,3.608126424376849,2.6467276254228724,2.215082297946133,-0.0,2.6436722867997378,4.377346659487285,2.6365680633473305,4.536844649610286,3.7406831947980907,2.2665864958399604,6.507466142345669,2.5110321913476876,5.995664357203518,4.3245298222376825,4.369071653983011,5.379903144039956,2.4987248222821576,2.929506037949848,4.4072131018762075,3.2838325043671364,8.187780709853786,5.733897568783688,4.9595869492439295,3.2022782294929137,4.61621299923949,8.813849921228801,1.9506615944604677,3.3757566089369657,4.143433367633268,20.705534479210563,31.83061176892074,15.974743821962734,12.816862941604901,10.411337788281346,9.342393343260863,19.303322343001774,7.937668791977836,6.006052675128331,4.252564070866681,3.0428166466211577,34.16251896967184,3.9975882962566365,5.3548539817585254,8.017202803385484,10.209219568846825,4.52811887694513,5.33101670730674,3.525088201618153,3.100662408888348,3.169886612781735,3.4106085652496008,4.646891481660448,1.4722211022641105,3.0686887667425107,7.5846748704988665,2.448541583394807,5.25409673891409,6.97263508742134,3.2054778040708967,5.1344770046645065
5,8.502849009301826,3.8000737022373965,2.5255814778008507,3.019853404879959,2.6436722867997378,-0.0,3.3766185573752754,2.845294766928104,2.961096144036233,2.523699094879477,2.0751371772812575,4.225484033321322,1.6014917859166704,5.179631569358199,3.902791247532882,2.321918551781788,4.982272278850763,1.5309419966583266,2.4065499271879056,5.355800605297844,3.4002270062077313,7.073891410269929,4.270501210910664,2.5861679472707384,1.9003209897113893,5.732805995589021,5.8083518446751965,1.650840013945533,1.8621009701551368,2.792114751727495,18.211219120394226,20.8358353665419,13.133930318078093,11.77857971257355,9.355757594756977,8.923540340572401,20.064007255010857,5.5667781807914505,7.387522936386873,2.4053837878950244,2.686881320766709,19.92672222863153,3.385601861234401,4.33983375243409,7.808035096276794,10.839591618191593,7.003140577593896,6.159392130839357,2.903762982220198,4.993292240689702,3.2420782110309525,3.2353593638653164,4.2766193984429535,2.9792186496913935,4.5864853414440425,8.091728422373379,2.9806751147841615,5.482871024348151,7.719234205098504,3.2676884482361848,6.9103875995384225
6,10.474652775087648,7.278082178178546,5.579289579703664,4.485795728388878,4.377346659487285,3.3766185573752754,-0.0,6.154892986117856,2.9166075538779004,2.8199275192265274,3.690147342980526,3.0772327253023986,2.9677609380859282,8.74882405598155,4.588102011526096,3.0794300572445623,5.027544105087608,2.8847764107261327,4.095625389218056,7.65549390333302,7.238781598238166,6.1726264986433526,3.387466798919414,2.292842100890142,2.5888472282393815,7.108559594291914,6.78542690038638,3.7639711604081634,2.458825037262081,2.7213240847794222,19.230646305892222,33.38142999119451,13.053074086239986,10.264947742672495,10.204892246334166,8.372460079486343,28.67739067623807,5.879119926480538,5.945858067175972,3.253700471859489,5.156164286015302,33.18890561795736,5.5563524236742845,7.662404353292373,6.241223671662791,9.668697566111549,7.853464573525531,6.33250480952793,6.7145801839859125,5.876529328229832,5.898929488267749,3.985653223433619,4.1156481274217285,5.276896759303437,7.053061071889573,10.004004321371319,5.015136559501972,9.10650375479174,8.255215857853885,4.33600312311113,10.908742433236673
7,6.081459594002131,4.518119822378632,2.658493778134984,2.910845760185651,2.6365680633473305,2.845294766928104,6.154892986117856,-0.0,5.586096312570314,4.658254082246907,2.994329751411544,6.973198242050701,2.8083018104395774,2.0828097806059054,5.081311633955691,5.862417093991593,7.41257351837323,3.4013000151011528,4.107639770115876,1.6617239476327388,2.168286952035443,11.64218930464274,6.757874606975866,5.345122655765487,4.368771182513752,1.6096707631820752,11.32400500941093,2.9232423265667142,4.0258869244174775,4.744599446296907,23.135841401071644,44.12516865049628,18.64879448196819,16.517661048604264,14.532508736233407,13.929876635398882,35.21386252776809,10.07649864980062,9.160732567567022,5.963913458771764,2.2130401677920144,45.41170663756852,4.09760602169273,3.536320188107582,5.268892425991499,9.070969589045108,9.717924370039189,3.055914271937817,2.1230241784703776,3.947327766052141,4.925597477840848,4.867796887842005,5.408266895880292,2.0591983747623877,2.947713744370431,3.270673335421717,1.775210360418931,3.422059396322429,3.300763382817001,3.2832391792569946,2.6828170194299172
8,11.666170033559133,5.736507950371072,4.652574441074638,4.5562669019366915,4.536844649610286,2.961096144036233,2.9166075538779004,5.586096312570314,-0.0,0.7449374729910625,3.358514370584847,3.468821249813867,2.7388278067923864,8.141886815490409,2.4220394163020016,2.513173753577797,3.206312223321909,1.4264758778067985,1.9272716102110583,8.092701327085024,7.794769939459449,7.122846777692077,2.202595410908712,1.35494900779688,1.121057167512313,6.938309879834769,6.3088538781618535,1.9295514829655,1.1183605382132065,1.2444452736988882,19.485741494486987,35.76087275037395,10.352627304658315,9.226457207197129,9.526379317514982,8.749358764850328,32.100465317760644,5.783614288682463,5.050534523642996,3.1336414024792805,5.925216057597377,38.66768797427593,4.83094734671074,6.778815784697405,9.29945001458552,11.467977713589473,7.414982038160216,5.903821770899519,5.725882991512241,5.838904838423898,4.5997382254823975,3.922141469658739,3.955633135336089,4.462935918454581,6.486329149580791,9.028428197750097,5.8762937903146675,7.6649321786064,6.860164248819031,4.915822940658525,10.790700610766342
9,10.997470109244865,5.3365544968592715,3.6120541416572367,3.9776975925446063,3.7406831947980907,2.523699094879477,2.8199275192265274,4.658254082246907,0.7449374729910625,-0.0,2.581126774924301,3.0075822780044326,2.3028290031804706,7.12769896845402,2.4489729723016995,1.8093505218134058,2.6636140879542984,1.3715575506794082,2.1716446946271466,6.930210955206554,6.343453321608773,5.905126692164801,1.792366602186516,0.9758012834686176,0.9867350235450294,6.331450252862937,4.975860914467521,2.012410201693702,0.9974298225831053,1.0868638333789598,15.922636768812433,30.313003925366175,9.813493515545051,8.618075194485511,7.908550211563434,6.889652587706433,23.758519334853236,4.543485093374781,4.775129559887571,2.326926122131008,4.966647271743993,32.802725768913184,4.959865261757258,6.292123854485939,8.658910951903014,9.055755468747133,6.403636189722272,5.5166100456100615,5.5189881156396705,4.913869460203131,4.174743640300891,2.686279519266878,3.6520026407634134,3.929179117504666,5.508501865302902,8.01981739045782,4.937168467506826,7.542760528165817,7.03987923218448,4.369843467738106,8.805997803111499
10,8.351717402283207,4.858201351392188,2.948413536903419,4.123391944368252,2.2665864958399604,2.0751371772812575,3.690147342980526,2.994329751411544,3.358514370584847,2.581126774924301,-0.0,5.657667421348587,1.6914381117492765,5.6044612035947425,5.448404688891604,2.5246312894037897,3.9654542963213153,1.3209674914602443,2.4072776998335836,4.846886838379078,4.715078732573045,8.018075998261986,4.521397177348893,3.0562839142634854,2.601587751900883,4.958365830607587,6.989523967679263,1.5430289286216006,2.3169366445005153,3.521384019695077,16.954561473215396,30.62952832694429,16.02656219308094,15.432041143718488,7.645493921010791,9.663835646955526,22.81116176139507,6.3367719813180425,7.7354159453045925,3.009144547967177,3.4224906512319504,33.68050634944172,5.179910523645994,5.310258220216131,8.811193475200676,8.824789042771696,6.066763670070286,4.904874125978278,3.637777584587676,3.6201084629973233,4.4944051606971955,2.8887692965916187,3.8958659968304343,1.8321569360272665,3.8925297479521688,7.0861940730299615,2.608752088829723,6.616168424522763,6.738553363804898,3.5642630172789316,6.4873137796503375
11,14.363383722467875,4.83159007638456,7.714513880037705,6.662226688541958,6.507466142345669,4.225484033321322,3.0772327253023986,6.973198242050701,3.468821249813867,3.0075822780044326,5.657667421348587,-0.0,3.6920056372817647,9.302629734746924,6.4818536807707,3.2798641578508994,2.4242406833214303,4.089928939781018,4.355775633906576,10.395935787065735,9.242843648800905,5.5913363988647795,3.325628763025066,2.479156333342997,3.361970410416649,7.375140545799041,4.520644138148972,4.479097818390929,3.5016298515268676,2.213746809643835,16.653654745631655,36.361315888781725,12.690184459047186,5.798816653624943,11.522814519926493,6.403419762275284,32.80655760431337,6.858482620760033,4.525159672547497,5.943995798432572,5.786742931797311,36.235801961667484,5.002210259062142,7.61240424940232,6.388030295890864,7.5292738193104904,6.461798508302549,8.161138969641321,8.868500622748861,9.55982700144804,6.06486181306947,5.717072968037675,6.437274179736139,8.368732941780713,10.60819643117939,10.384030866429471,7.661306039972468,10.223534311674774,8.06730239377039,6.931988005788637,11.713398479627946
12,8.839371585738194,3.5180222314543395,3.4776106829595936,2.221664665173961,2.5110321913476876,1.6014917859166704,2.9677609380859282,2.8083018104395774,2.7388278067923864,2.3028290031804706,1.6914381117492765,3.6920056372817647,-0.0,6.0504795923161545,3.774158867714462,2.8982983983608075,5.066201932646578,1.287699540795275,1.8237114316656073,5.140112109013335,3.626723861337449,7.332629939327815,3.3493804818777453,2.501895855498846,1.6674149931798328,3.758751157932602,6.264050992103958,0.972130194585191,1.6541552605733107,1.99236782601981,19.946781655421077,28.668344506149168,15.016234829137613,12.875530933066614,11.447583556757447,8.916401267650993,29.475845871379896,7.654341626511485,6.767213395002899,4.178311108636477,3.3232012796637695,28.250466694036916,4.164519922634394,5.49330774445071,6.796798191346617,7.2209911589650115,6.586450963352253,5.593115312985696,4.181430678723101,5.1242952651992955,3.139893211666782,4.170552600233387,4.373672460667786,3.8726247026424074,5.510771614986893,7.476379572772498,3.682125967309625,6.432093537089904,5.984371811114803,4.029985352739081,7.041953442986037
13,2.9234379839687428,6.938147968581841,4.4533730485662115,6.549351890234825,5.995664357203518,5.179631569358199,8.74882405598155,2.0828097806059054,8.141886815490409,7.12769896845402,5.6044612035947425,9.302629734746924,6.0504795923161545,-0.0,7.925973643997458,9.308757011194917,10.120157987958345,5.446089183889936,6.303160876512416,0.9469718164189678,1.678488427617618,14.884427261560857,10.446531156835732,7.590677228610121,6.987495779652112,1.0450607667046163,14.62111793062761,5.903581667038496,6.539902076053786,8.198777159110541,24.571775718644066,48.42781741069709,21.34649690763092,19.359126484455572,18.976227608675526,18.09971196814956,39.77643855269347,12.6595595535789,13.156612216697765,8.56756245992664,4.414350533982198,49.840917572204155,6.4193722193795235,4.452359293699845,8.056929387508823,11.391105439530719,14.46357204775106,3.959985488028524,3.1040146268001427,6.917413115904119,7.795309227935318,7.176451272428905,6.510542681802561,4.584912608501306,4.399908116032734,2.3549232772885835,3.79058252446927,3.481423862658996,3.7530388258011302,5.163596113578558,2.178621503657371
14,11.868716956730314,7.355278928689595,3.6990862060689973,2.6472971391910716,4.3245298222376825,3.902791247532882,4.588102011526096,5.081311633955691,2.4220394163020016,2.4489729723016995,5.448404688891604,6.4818536807707,3.774158867714462,7.925973643997458,-0.0,5.848400668653145,6.518403905036672,3.56963044987326,3.919321177680023,6.804313781696804,6.304065795269227,10.839628784179906,4.518955705386645,3.9944521120363454,3.3946810875908224,6.662862030783844,9.4270796638468,3.500344009867919,2.580441875672398,3.062740204946455,16.161437017224994,41.52538136255552,12.6957522661125,11.15013831441814,12.738509135131283,10.557924389213078,36.77920442321542,8.398216825755094,7.400074037068737,4.267238576544279,8.334931261773015,44.468203433652626,7.628916733015867,7.8288466705692565,10.429366028036156,11.3684024636335,9.27410178734256,4.022617524131379,5.376679220347459,4.073408496614468,4.739335504878985,5.273420647382638,4.530399953754571,5.185232803588099,4.886776378608071,6.370785822922784,6.504080872336537,7.755598707038963,4.994977379391105,3.3636742613590194,7.666121172981199
15,11.615891722007232,6.204258414451659,5.050157905615628,4.200442497085773,4.369071653983011,2.321918551781788,3.0794300572445623,5.862417093991593,2.513173753577797,1.8093505218134058,2.5246312894037897,3.2798641578508994,2.8982983983608075,9.308757011194917,5.848400668653145,-0.0,2.58732913256977,1.8147861527643618,2.718317316751893,8.054462871334874,6.1215306000434655,5.137260318946489,2.824111993057131,1.7310436388982149,1.7009795943180805,8.886368237710585,4.5774137168998035,2.315455258284009,2.0677083675444154,2.288638778240277,20.664634033334917,18.839867581551616,14.501279619730171,12.286084673313907,7.0496410543314925,7.425561045633242,19.290329885191685,4.190619231640474,6.530986367059356,2.9531130186336254,5.216267849125858,18.036535952233965,5.640005229043084,8.230385755952017,8.96934877677816,12.445928104536724,6.191932732362972,9.337985526833476,5.325721136294323,7.134261792358001,4.67838697246878,3.8344087376925575,5.743751094368045,5.125433302601896,7.507160343283833,12.555176647072905,5.015684190373426,7.433041403670963,12.144768742758515,6.363061536185581,10.759198931188015
16,11.75058367594016,7.474160219967236,5.890429326027797,7.213892418810574,5.379903144039956,4.982272278850763,5.027544105087608,7.41257351837323,3.206312223321909,2.6636140879542984,3.9654542963213153,2.4242406833214303,5.066201932646578,10.120157987958345,6.518403905036672,2.58732913256977,-0.0,2.915999024913713,3.6735257571687803,9.816851232628562,10.167113582845195,3.3425974942912364,2.7853800289449056,2.414320968353102,3.645049347690146,10.680204567806262,2.564127650109268,3.2115935694331696,3.796404639406351,2.9418922266541956,20.860137656494786,23.107499396164904,7.712127982022994,9.167864485650298,5.817951673079276,6.96447914834739,17.296436552629146,3.4436818434815226,5.359489096351638,3.6692102735369696,6.486469260705741,26.132721735064084,6.1207083150418,8.25847490332927,7.709046442676137,12.797802870702014,7.57563415024004,9.359974741642603,6.223171867931444,7.7490325847206964,7.655906089014728,3.6239930913089755,5.321196352111642,6.274521549431089,7.176422854083508,13.740123920169948,6.182878453885822,8.802717517622984,12.76358663723674,7.642930448160036,12.332721626654541
17,8.26447640822961,4.6132594760667684,2.551326086669239,3.672828449344872,2.4987248222821576,1.5309419966583266,2.8847764107261327,3.4013000151011528,1.4264758778067985,1.3715575506794082,1.3209674914602443,4.089928939781018,1.287699540795275,5.446089183889936,3.56963044987326,1.8147861527643618,2.915999024913713,-0.0,1.2449996215655565,5.638461505924803,5.349067054234311,6.5185617386566355,3.600545491533305,2.0818639399358285,0.8447100141345109,5.939425421514859,6.390362497661414,1.023486689366042,1.3497501110746188,2.194286496128222,19.845304576534243,28.87146677452162,12.220181246011236,10.704540208472043,7.586757620980309,9.292333748256956,21.2531004557577,4.738974049222514,5.655894108902423,2.136558331720063,3.16638280341643,32.12121278478418,3.793569355579391,4.854779745085262,8.401300542505616,12.162195991121637,6.708187613411957,5.166807915936699,3.0951629687030056,4.13446493600191,3.800812141832147,2.602088448467507,3.5577977989215035,2.6456312181906916,4.199869754420783,8.102142261275619,2.994066784083295,5.226771222223426,7.191528477294267,3.273636068703483,7.574697053638317
18,8.496839718109932,4.33726821001836,3.2377435626106466,4.384373685282552,2.929506037949848,2.4065499271879056,4.095625389218056,4.107639770115876,1.9272716102110583,2.1716446946271466,2.4072776998335836,4.355775633906576,1.8237114316656073,6.303160876512416,3.919321177680023,2.718317316751893,3.6735257571687803,1.2449996215655565,-0.0,6.6270935714521135,6.397976465262182,6.67802012494285,4.462688126696072,2.4027901669625176,1.4441721266860466,5.820330952722349,7.123996426096823,0.7692380257205704,2.1467900307412138,2.6424213104605356,22.462816570304994,30.223941203365275,14.72668276512493,11.718812526708309,10.196961400879132,8.783179022888637,19.49025036793727,6.158069035448085,6.0587471235801615,3.8852063478892434,4.260508246808128,32.82976031589219,4.261360625473762,5.772062174956751,9.530559492625722,9.626765429479997,7.032117259522833,5.951191151715656,4.059538831808672,5.036332430973543,4.2905672414522416,2.7263207099467053,3.757623113363205,3.0494041402742003,5.041049524872374,9.408021184921811,3.7009349047083138,4.975061272411497,8.245409003153581,4.40598749901398,8.391583885801445
19,3.6830648678750264,6.444911798256489,4.496098411783071,4.307887687378983,4.4072131018762075,5.355800605297844,7.65549390333302,1.6617239476327388,8.092701327085024,6.930210955206554,4.846886838379078,10.395935787065735,5.140112109013335,0.9469718164189678,6.804313781696804,8.054462871334874,9.816851232628562,5.638461505924803,6.6270935714521135,-0.0,0.987147120568919,14.552434645970663,9.512473736918368,8.056931337562718,6.632706682401042,0.9532934888511396,14.127653907390368,4.530688149582604,6.020755874719537,7.284233053730878,27.015029927578208,45.18969052608751,21.916752380993806,20.097324722546713,15.489120861623057,16.842268967484078,35.99101270729314,12.12218367891508,11.613886966978496,7.87611185443483,4.22963019261354,46.58840898159575,6.4008870839356815,5.1794113250157405,7.585571785600698,11.44145807452163,11.213184180191972,4.381545887465334,3.2372395433158725,3.9971919948900907,7.429434097610349,7.301299139014573,7.091863665655418,3.365010390267577,3.793914146675392,2.4989586821813297,3.3244821895573153,3.7688687405694594,3.715600902925405,4.8029628648064415,2.254519385771577
20,4.382066488677447,3.6684284590067673,3.504117942717031,3.378420190127431,3.2838325043671364,3.4002270062077313,7.238781598238166,2.168286952035443,7.794769939459449,6.343453321608773,4.715078732573045,9.242843648800905,3.626723861337449,1.678488427617618,6.304065795269227,6.1215306000434655,10.167113582845195,5.349067054234311,6.397976465262182,0.987147120568919,-0.0,11.276697507761659,7.463315229997407,5.773116495078059,5.064859315454121,1.056572603753948,10.33846732371857,4.773126105342927,4.549435101548207,5.782738995532934,24.382311626569656,25.543772281277832,20.358921149640405,17.225998080165194,14.321360438538827,12.974551873922008,24.95714549274134,11.152939289010018,11.477527286794494,7.149896672230567,4.596508371490413,24.027130846586044,6.761078142652865,5.54744183465992,10.372384106619092,11.29410434091092,8.60216498973478,4.045311253588994,2.8223630607321324,3.537525130127886,5.820583115170058,7.4426029379755265,7.359404107694706,2.7116119749797636,3.0901329002082836,3.2362828375538717,3.854071068951097,4.542544540292849,3.3554783208343175,4.241456556264452,2.213720676073369
21,17.02385038142769,8.763304970478387,10.573236373142995,8.677569448148287,8.187780709853786,7.073891410269929,6.1726264986433526,11.64218930464274,7.122846777692077,5.905126692164801,8.018075998261986,5.5913363988647795,7.332629939327815,14.884427261560857,10.839628784179906,5.137260318946489,3.3425974942912364,6.5185617386566355,6.67802012494285,14.552434645970663,11.276697507761659,-0.0,4.250568467874495,4.28772813271787,5.48543652460322,14.321641518051704,3.591899355396354,6.985900133230856,5.098092969181474,4.934154938510585,16.6930666089463,13.722520206714833,9.68612789428618,6.698517102213287,6.311181581465726,3.820206423258807,12.712815131435237,5.116541111965224,5.486124731662881,7.82294903106467,10.681890177729782,13.165016617754906,10.133554376236463,12.044489397893662,10.861879428767097,16.50410254015074,8.530105230664482,15.16767163643727,9.8772151024103,12.329898194672914,6.609392472952829,9.01988951779092,9.273773113293613,10.288097164806317,12.449425181124244,18.719284172347454,11.027012975550742,13.037137459280858,17.646099865418275,12.111478170416047,15.313106735671488
22,14.602095895589798,7.2391635423280425,7.252282776077331,5.829160546015904,5.733897568783688,4.270501210910664,3.387466798919414,6.757874606975866,2.202595410908712,1.792366602186516,4.521397177348893,3.325628763025066,3.3493804818777453,10.446531156835732,4.518955705386645,2.824111993057131,2.7853800289449056,3.600545491533305,4.462688126696072,9.512473736918368,7.463315229997407,4.250568467874495,-0.0,1.848014144216109,2.8816513930888026,8.011591287983718,3.5313203443309664,4.0897482816712465,2.4988176016722288,2.4346671306878633,12.803316587930984,25.424243231210582,8.078991657784847,7.069817912515703,7.426319529656091,4.811734357656221,26.082036576788255,4.617033277526572,5.073177302795415,4.6324679617437114,7.831961193962872,25.993980216938866,7.847582042370113,9.58850827590521,9.378411192094063,10.26053199931785,7.000078235929047,9.28682487640059,7.935983207317104,7.993185418482397,5.116906023465216,5.978530104607075,6.000291983808916,7.13867534920767,9.111852198315425,11.820743131932337,7.580891835845608,10.932752677316854,10.477467448825243,7.239693078819686,11.721864250795443
23,10.832694117694201,5.035166597651801,5.002508840830862,3.632308534746144,4.9595869492439295,2.5861679472707384,2.292842100890142,5.345122655765487,1.35494900779688,0.9758012834686176,3.0562839142634854,2.479156333342997,2.501895855498846,7.590677228610121,3.9944521120363454,1.7310436388982149,2.414320968353102,2.0818639399358285,2.4027901669625176,8.056931337562718,5.773116495078059,4.28772813271787,1.848014144216109,-0.0,1.3650001719251796,6.489004145031512,3.6942441742579963,2.4876509964617357,0.9156721310995756,0.4953960535479866,16.482021305329436,19.626696083810454,11.43176063729465,8.864229996637825,7.782460054508836,5.877976521737446,18.879676996179388,4.451061146626706,4.8579666281189295,4.161464877373407,5.510011050233275,19.90022048631187,5.582415262166421,7.197701916540351,9.411298273092944,9.724907498470799,5.811979702989874,8.011232299605552,5.791039554320558,7.175271141953031,4.2698202559315055,4.151068045289475,4.476330536542839,5.516864466901333,7.30837768976088,10.247447257300255,5.724461615412449,7.713876557913567,9.408452256174371,6.081322902880471,9.700677232334009
24,10.082697912209513,3.6106002733024747,2.884438196738629,2.2877827121124312,3.2022782294929137,1.9003209897113893,2.5888472282393815,4.368771182513752,1.121057167512313,0.9867350235450294,2.601587751900883,3.361970410416649,1.6674149931798328,6.987495779652112,3.3946810875908224,1.7009795943180805,3.645049347690146,0.8447100141345109,1.4441721266860466,6.632706682401042,5.064859315454121,5.48543652460322,2.8816513930888026,1.3650001719251796,-0.0,6.046367230673659,4.8972019196218115,1.3269277953853762,0.818168291816363,1.3360140265667715,20.666113732417045,20.256966316042508,11.428639547026302,8.63189991477486,8.346939808258846,7.6745922742412365,17.98532241636966,5.131399226511929,4.965131435818359,3.3904468974473323,4.252828140497014,20.83325760583708,3.951576348121016,6.002333313757141,8.69578222499837,11.325273672765372,6.093001781490237,6.002688015251677,4.546809657924543,5.03348748646661,3.453346878787519,2.981631370480619,3.9326094555510527,3.498098197456104,4.9946963983858605,9.000236645415123,4.5853603080255425,5.910406012670458,7.8420842281965255,4.255249913848541,8.531510493714192
25,3.8757328025151363,6.728945004070226,3.7343173825779257,5.217700097653372,4.61621299923949,5.732805995589021,7.108559594291914,1.6096707631820752,6.938309879834769,6.331450252862937,4.958365830607587,7.375140545799041,3.758751157932602,1.0450607667046163,6.662862030783844,8.886368237710585,10.680204567806262,5.939425421514859,5.820330952722349,0.9532934888511396,1.056572603753948,14.321641518051704,8.011591287983718,6.489004145031512,6.046367230673659,-0.0,13.087235759072895,4.487254184021906,5.221854869299877,6.309772183019883,24.534570000665568,47.095391020421154,22.067534612123684,18.72845517969202,19.38852977129257,15.715646597281806,44.34150710098719,14.334830757956333,11.848888479724971,7.995907438844482,4.427040004934288,46.176834989483666,5.914984401864945,4.679599855017134,7.471719387030507,7.092972679065397,11.431734627378324,3.8649986886446825,3.7812315186635863,4.002483131529687,6.2795436879211195,6.820484767749625,6.625700694277733,3.2249329264697084,3.5865565192453968,2.5930342555701102,3.249605043572599,4.2687641759668296,3.095995037267051,4.760010357115167,2.772894334853348
26,17.301362154697866,7.067483518313844,9.520812730131386,6.338623587750481,8.813849921228801,5.8083518446751965,6.78542690038638,11.32400500941093,6.3088538781618535,4.975860914467521,6.989523967679263,4.520644138148972,6.264050992103958,14.62111793062761,9.4270796638468,4.5774137168998035,2.564127650109268,6.390362497661414,7.123996426096823,14.127653907390368,10.33846732371857,3.591899355396354,3.5313203443309664,3.6942441742579963,4.8972019196218115,13.087235759072895,-0.0,6.658333402697789,4.7192033035101835,4.576659926940113,16.482410115859125,14.381208722423974,7.20386497995107,7.9769284275437515,6.573330298510686,5.257119468636108,13.314773196039434,5.806296681073092,8.087729971283698,6.625918222130074,9.861981934662326,14.641850327982434,9.626263898187636,12.280656583965367,10.590599239909606,12.146882304362926,7.509934219320943,14.066394887540742,12.20206049112968,11.769726507417941,7.7001633642593745,8.75860855418467,9.776181325486535,10.184249328419877,11.234031734451493,17.689773184611937,11.819906539399122,14.865523514309883,16.975955908381824,11.122811389242793,16.51044626788531
27,7.848866020758321,4.041654640319467,2.92951618160919,3.3101902720978904,1.9506615944604677,1.650840013945533,3.7639711604081634,2.9232423265667142,1.9295514829655,2.012410201693702,1.5430289286216006,4.479097818390929,0.972130194585191,5.903581667038496,3.500344009867919,2.315455258284009,3.2115935694331696,1.023486689366042,0.7692380257205704,4.530688149582604,4.773126105342927,6.985900133230856,4.0897482816712465,2.4876509964617357,1.3269277953853762,4.487254184021906,6.658333402697789,-0.0,1.8435650050592125,2.1921620817361855,22.227355257302793,29.34137896089645,13.721423542100508,12.954603398160549,8.457703033444547,9.236003056402964,22.227460882542726,5.680232606244911,5.957924891805929,3.3387735490549897,3.883049528122715,32.00641991225168,4.080956183095317,5.216697666878288,7.606310544123017,9.570751539323926,6.149855061563124,4.8339956654622505,3.556815880078296,3.6296012536754767,3.670801646156965,2.8965898802471104,3.48213681846894,2.282767194510468,4.406642228919624,7.554285915373953,2.7668948854917335,5.403901219987855,6.477433920450384,3.1470684195393575,7.089820370925856
28,9.221882531063107,4.898375105737828,3.833904516036402,2.5210500565340515,3.3757566089369657,1.8621009701551368,2.458825037262081,4.0258869244174775,1.1183605382132065,0.9974298225831053,2.3169366445005153,3.5016298515268676,1.6541552605733107,6.539902076053786,2.580441875672398,2.0677083675444154,3.796404639406351,1.3497501110746188,2.1467900307412138,6.020755874719537,4.549435101548207,5.098092969181474,2.4988176016722288,0.9156721310995756,0.818168291816363,5.221854869299877,4.7192033035101835,1.8435650050592125,-0.0,0.8593634981627517,16.546045314965546,21.2331537720697,11.446993635295977,8.07103347845719,8.504406707462994,6.282971397496754,19.54840070318158,5.206232259396952,4.6463344959966495,3.627393586335947,4.881922026045019,21.394597598513617,5.386109841697579,6.180993346259325,9.147209729743757,10.53820132936591,5.712817169768289,6.043184556891741,4.718446219616438,5.164515390082914,3.6279248743702,3.7800372608215436,3.5616186988089007,4.205237458788479,5.453768923128493,7.843363818429171,4.547574067939046,7.46935414794974,7.105829668128267,4.075649605800413,7.779629107943381
29,11.963911162194472,5.293739604816424,5.237748832993534,3.6037690156182025,4.143433367633268,2.792114751727495,2.7213240847794222,4.744599446296907,1.2444452736988882,1.0868638333789598,3.521384019695077,2.213746809643835,1.99236782601981,8.198777159110541,3.062740204946455,2.288638778240277,2.9418922266541956,2.194286496128222,2.6424213104605356,7.284233053730878,5.782738995532934,4.934154938510585,2.4346671306878633,0.4953960535479866,1.3360140265667715,6.309772183019883,4.576659926940113,2.1921620817361855,0.8593634981627517,-0.0,16.04821109973604,26.588952215872848,11.611604584801338,7.077481718993928,9.834573418728398,5.885629987547961,26.544042406344314,5.796287313629419,3.969002466991679,4.825131593477517,6.037030389611426,26.902810024321802,5.834990281856888,7.124674180754018,7.74278141354417,9.637341716756408,6.206609479339669,7.315704229966847,5.954133679735685,6.52367533532071,3.857597067824538,4.632026435270294,4.643557146021402,5.72815273496461,7.386458499284247,8.913621863494374,5.680937201096841,8.616169290734758,7.843349960717903,5.4953572293602875,8.83737882114753
30,33.46846943760453,25.100398780856974,25.944026397649004,24.71281150942278,20.705534479210563,18.211219120394226,19.230646305892222,23.135841401071644,19.485741494486987,15.922636768812433,16.954561473215396,16.653654745631655,19.946781655421077,24.571775718644066,16.161437017224994,20.664634033334917,20.860137656494786,19.845304576534243,22.462816570304994,27.015029927578208,24.382311626569656,16.6930666089463,12.803316587930984,16.482021305329436,20.666113732417045,24.534570000665568,16.482410115859125,22.227355257302793,16.546045314965546,16.04821109973604,-0.0,25.28846454602908,14.741471755201815,13.704062134635969,15.193018817896572,11.01023317137922,16.292124248936243,15.458799482764963,20.971105516081973,16.3570176999576,23.36530588785784,30.32545018460305,23.611183043767873,18.07168736599824,26.855187790845807,22.943792297622853,19.44692163452239,25.904203776817447,27.25656214567008,23.232869453378818,15.659214690631746,18.629337777504567,20.473122409748797,19.750566570703384,25.59714090270343,21.50752339530582,23.269993073207083,35.644871405790944,25.0139151610551,19.03327772271011,22.14782073429674
31,40.465184166629406,18.79467806072298,34.15036833823686,21.565389864608704,31.83061176892074,20.8358353665419,33.38142999119451,44.12516865049628,35.76087275037395,30.313003925366175,30.62952832694429,36.361315888781725,28.668344506149168,48.42781741069709,41.52538136255552,18.839867581551616,23.107499396164904,28.87146677452162,30.223941203365275,45.18969052608751,25.543772281277832,13.722520206714833,25.424243231210582,19.626696083810454,20.256966316042508,47.095391020421154,14.381208722423974,29.34137896089645,21.2331537720697,26.588952215872848,25.28846454602908,-0.0,13.395130785996232,14.085374528493793,22.76217051102862,13.677461652778703,8.215263483444415,27.365439766873422,29.853872012306326,31.459655393957892,39.14039166723411,9.258866858771762,40.182029739996146,47.36528029014435,47.37637134685369,58.72509184355028,17.666086633780107,53.241139386305655,34.65190870746297,40.39237750218649,22.390005757289284,42.97872430207654,42.66368876264223,34.65085172457829,36.59367530570006,56.509692778002716,46.13503268385809,39.637762502148306,56.95012556632164,46.709729188258315,49.435389557740415
32,25.690524890575784,16.657888279237568,14.840453548093864,12.660994449014016,15.974743821962734,13.133930318078093,13.053074086239986,18.64879448196819,10.352627304658315,9.813493515545051,16.02656219308094,12.690184459047186,15.016234829137613,21.34649690763092,12.6957522661125,14.501279619730171,7.712127982022994,12.220181246011236,14.72668276512493,21.916752380993806,20.358921149640405,9.68612789428618,8.078991657784847,11.43176063729465,11.428639547026302,22.067534612123684,7.20386497995107,13.721423542100508,11.446993635295977,11.611604584801338,14.741471755201815,13.395130785996232,-0.0,9.16672600750735,8.001581179185543,8.84335105443822,13.25207642911716,9.501268680798676,14.16025875038902,10.76467880625959,20.382131954950786,18.510323503909888,17.20235409891443,18.676286579290103,13.988063089999205,21.62671579203327,17.867120364891615,16.696596560785768,19.33032559111917,17.405220039871654,14.703904260665148,14.643776740487041,12.820684646424933,16.92052572883721,14.532963355090683,24.692127989325346,21.181533657457734,23.389851893949086,22.62902087310699,15.250394089920858,26.267408697092055
33,23.722035623287272,12.523260056470667,13.537500084981755,12.981813972892931,12.816862941604901,11.77857971257355,10.264947742672495,16.517661048604264,9.226457207197129,8.618075194485511,15.432041143718488,5.798816653624943,12.875530933066614,19.359126484455572,11.15013831441814,12.286084673313907,9.167864485650298,10.704540208472043,11.718812526708309,20.097324722546713,17.225998080165194,6.698517102213287,7.069817912515703,8.864229996637825,8.63189991477486,18.72845517969202,7.9769284275437515,12.954603398160549,8.07103347845719,7.077481718993928,13.704062134635969,14.085374528493793,9.16672600750735,-0.0,9.338110782372818,6.1617913414559435,12.349237888943417,9.093836864454508,7.8558959280262535,11.669210659855427,14.033344955760843,18.143529329186883,8.870032060512315,15.161646500314212,13.634657219040262,18.673000827725815,10.322603799749803,17.21191267513272,15.80686801998154,16.483696630229463,12.052359970571477,11.265621484015753,12.662328701268867,15.702022276491274,17.182036942811575,19.122959550985602,18.112979558097095,18.1347724427702,15.482077083948338,13.637173844508908,20.03070577635677
34,19.829117443393883,15.444702112200815,12.068812229485827,12.563339999079988,10.411337788281346,9.355757594756977,10.204892246334166,14.532508736233407,9.526379317514982,7.908550211563434,7.645493921010791,11.522814519926493,11.447583556757447,18.976227608675526,12.738509135131283,7.0496410543314925,5.817951673079276,7.586757620980309,10.196961400879132,15.489120861623057,14.321360438538827,6.311181581465726,7.426319529656091,7.782460054508836,8.346939808258846,19.38852977129257,6.573330298510686,8.457703033444547,8.504406707462994,9.834573418728398,15.193018817896572,22.76217051102862,8.001581179185543,9.338110782372818,-0.0,6.972206308543928,13.488493743774063,4.14090623620459,8.308879413656856,8.166527254264757,13.395259841843055,28.843997864989962,13.147085978534001,16.40634837567332,15.221180549161906,24.489323937164325,11.396926024612219,18.008408783369564,12.743606417829882,11.999307480577743,12.285278274848062,10.259159465803442,10.229197193018367,8.478646900955807,13.27507443666417,22.171660662499416,13.003894423463512,16.465034254244852,22.5895372994369,13.414343741239758,20.250548561308175
