,0,1,2,3,4,5,6,7,8,9,10,11,12,13,14,15,16,17,18,19,20,21,22,23,24,25,26,27,28,29,30,31,32,33,34,35,36,37,38,39,40,41,42,43,44,45,46,47,48,49
0,-0.0,1.7920042546256316,2.0227157309380757,8.03607523175014,4.737071465764616,26.638137718173198,4.3292574786468325,9.959341469175778,6.161569183656939,4.899506377866065,6.615623005831677,6.908060138688293,4.7761692745553574,3.1304238427024362,6.935500830629411,10.019272235825062,4.523462093586651,13.79211747259035,24.178453653915415,4.8634442418093835,9.654947298172155,3.661811920899735,8.495894842143345,3.546974904676391,14.690762506684413,21.251175075971076,3.666832267411285,40.553648206006145,2.9618702551180336,6.6711099889931464,13.013467189790415,10.764249119691726,6.889695301100392,5.645897587050253,4.546180220644762,5.7947489367975065,6.332288494082049,8.614184439575272,5.048037650397321,8.093809129921814,8.454835319969428,7.255977822388024,4.902385696130517,3.5200927824142716,4.507790935479856,4.78613193067142,8.664980052225477,7.589779641545239,7.242217052500191,8.841351594931494
1,1.7920042546256316,-0.0,3.707156140422235,9.505891937036035,5.082463492172732,21.042723440393996,3.673776603227205,8.594271425855613,5.4329122916432535,4.178928575855173,8.78416463240089,8.8401081460721,6.152249606711052,3.3595918421742583,7.531056011633254,12.137977514476159,6.055673805423539,15.391556826536888,29.251821682577955,6.404565217921023,10.560902047818628,4.872157035319381,10.1132636521458,5.091487078172394,15.500874119903033,25.02284475194652,5.206406257177152,31.88088285537055,3.739954365693993,8.635744261855379,14.520807132083014,11.128116896461849,6.928295076906561,4.23885708188575,4.519462345373638,4.4032336659942,6.688355156626227,7.194669124068561,4.18455811292627,5.809390687228452,8.613860467158073,6.874005329248762,5.366695260182773,3.792356200525093,4.002206119860185,4.172562968958691,9.010559786517002,5.9159126987188415,5.259733653415292,8.739949393942913
2,2.0227157309380757,3.707156140422235,-0.0,7.41797631195578,4.196922955804287,33.603990918153414,5.157752186522838,11.04248872596036,5.7191564179719325,4.548361563045305,6.243746264706847,5.711433585518596,4.573519217069133,3.0940040099359236,6.119898186047514,8.510157988534509,4.138608155923811,13.658971177279492,18.062352258075297,3.9642599426697562,8.583771353946672,2.4063548635941343,7.249539515229581,2.1860744345745853,11.988019142270984,19.179404360452573,2.863110195764,33.015769996582435,2.0996790863859913,6.260428842259179,11.560137149716471,10.572219130764479,8.633030874313837,5.43982927469407,4.633228944264241,6.790475579415929,6.833062039103858,11.562414579968529,5.127315869042438,7.535729290971813,8.72165901077989,8.605966903549595,5.385527471244611,3.147249506032994,4.519854126166769,5.141584323620904,8.937851824400061,7.756107923911677,9.591003939591788,9.179852555979112
3,8.03607523175014,9.505891937036035,7.41797631195578,-0.0,7.634878966373614,34.261143096766816,7.099271720435769,13.676669006782786,6.259740649103451,10.619072530818299,11.387989954577023,9.697109041700047,8.97181233000618,7.0997392495310665,8.536213111221516,14.017771774497813,7.580496747723503,15.935278699707581,29.89997824080598,9.653178089857487,15.50985945403234,7.5951671314562335,12.43671489857841,7.59627079612542,17.758793741613605,28.282882962304324,6.538196630169459,56.556602273136235,6.470633853049778,11.822756423826528,15.898054285192654,12.324231989334475,9.101300550211148,8.383151336475171,7.0342103412068155,7.8859508738362045,8.848526690962963,10.202337487328949,6.464740723225788,8.439207849808898,10.570537747864195,8.651050030671758,6.902650250188589,8.307373640152257,7.216386098975813,7.062667542358475,10.276090811956525,8.691487299884516,9.19730571800471,10.105108207507831
4,4.737071465764616,5.082463492172732,4.196922955804287,7.634878966373614,-0.0,30.81616532655255,6.626512306288602,9.55198692809774,5.403927220529698,7.251153276735744,11.761489033771532,12.350017031010188,9.050063156499725,2.910040075043145,9.777753299533167,16.188979313724033,9.559266141569267,20.47970990689188,19.23984150799948,8.912455121815048,13.97138806625461,7.0576308125296,13.46926301963709,6.829307927822007,18.737925247506507,29.013154196550946,7.395040383449771,40.16846473615678,5.500662459660586,11.878833385404715,19.45767470077572,12.537382325529695,12.558344346584825,6.829819992778297,6.320009500409089,7.905628752129344,8.711717626197286,12.474037170843822,4.069024285298477,6.513645235851309,11.711542537005988,9.741888016438462,9.049644500583096,6.80458369977881,5.178183538431075,6.7988173347014,9.013256794020755,8.276649745956004,9.392352291255092,7.770932764423247
5,26.638137718173198,21.042723440393996,33.603990918153414,34.261143096766816,30.81616532655255,-0.0,24.3745751954071,20.015260184638198,29.89331570329443,31.852702972552894,40.184175331915014,40.31271222195183,36.535501589536196,31.166181329818688,39.21448792247959,44.22438244891004,34.986170252822376,42.868671307551686,46.590886872526745,38.02342712155691,41.27254917584197,30.837182536858744,43.071539276197306,33.82991227971501,45.873534094446136,47.69040168755824,39.721783893867254,40.343367379820045,40.8544356338668,32.62499348302933,39.11791343869223,42.44046254983798,24.848857784922913,34.4234975133138,33.17489272904289,33.98237226003729,29.477889060959907,36.261006186700335,29.38560065983498,32.56432606629626,29.091942124056963,28.57740405034072,33.1748746350795,37.732206224854714,34.25728029043356,32.98529413946656,28.36317921066101,36.75863069762645,25.01824737533784,33.628565346819066
6,4.3292574786468325,3.673776603227205,5.157752186522838,7.099271720435769,6.626512306288602,24.3745751954071,-0.0,6.8835108806973295,2.47989721106924,6.034689099659716,10.726480128876752,7.302707544338074,5.838618013605824,3.8459610886762663,9.228260245316337,10.033718717061168,7.909965986346149,11.481161967111511,29.613146017861393,8.829288342920083,13.88656682877951,5.825940279574885,9.278628895712691,6.334628359209259,13.4695978210506,23.899463680287564,6.645088615822003,48.59663875575676,5.240285566947703,10.957399382785875,12.872861096264375,8.56599108109177,6.206606816796137,3.2365565048703115,2.860962523835597,3.7637223652076286,2.989806948708608,7.768885555565223,3.5933208894871673,3.424604948970174,6.261329505942148,5.192076877779481,4.2466619633815865,4.67441756164922,2.4194004031612955,3.608466462003005,4.206174521591983,5.321941824578992,5.442069104516016,4.17713658133801
7,9.959341469175778,8.594271425855613,11.04248872596036,13.676669006782786,9.55198692809774,20.015260184638198,6.8835108806973295,-0.0,7.129376342186167,13.208459368983952,14.602446227373875,13.723239538582895,10.976379712812067,10.07088504319633,13.975945320853448,15.158877396524183,12.297761074324338,20.212526593337156,18.476014327961952,13.067444954234212,17.648017673904082,12.003113111547835,15.492845897458306,11.872520750041263,20.59626062804246,26.472800379412238,13.648302920200955,32.991200298912595,12.512459621794326,14.071237092515874,13.82989873431053,12.807725308038174,7.248756338241298,7.748165611542226,6.841851560652406,7.099256195925813,6.026792273432465,8.4470052374918,6.562379652373685,8.280838800324837,8.358931045204308,6.269179807079103,7.326927938867323,8.541654228347682,6.7793674343639685,8.039421046499935,3.8311837959134847,5.325462386570108,4.195260356402209,5.295636363390909
8,6.161569183656939,5.4329122916432535,5.7191564179719325,6.259740649103451,5.403927220529698,29.89331570329443,2.47989721106924,7.129376342186167,-0.0,8.240087907668453,12.609412554653137,8.681639525901623,6.466715597919992,3.668837265556449,9.739354707864827,11.955851839980781,9.625646976822798,15.33677076107517,26.92709685902387,10.069165912520209,17.130119338650974,6.476385630511318,11.072138395254742,6.9742477229718665,14.173286240828393,26.616848268495307,7.735934942754289,45.76155053668965,5.634300730020501,13.449075996690102,14.18020045596237,10.71750079197162,7.668898485580101,5.353978136700875,4.070536509816656,5.324590608154564,5.208929953911037,8.921413931457787,3.32063376715546,5.3139742392687035,8.828924615840966,6.94531373735431,5.945226183628978,6.807210138753766,3.1126969164499627,4.832739687470142,4.985121876875858,5.56794478270606,6.646821345024541,4.36933493737723
9,4.899506377866065,4.178928575855173,4.548361563045305,10.619072530818299,7.251153276735744,31.852702972552894,6.034689099659716,13.208459368983952,8.240087907668453,-0.0,6.224369840491072,5.565475081213104,4.448341975257069,4.691671137993308,6.284561691952542,7.565205402246048,3.7379909688608257,10.933965441404183,31.71474382302751,3.804311932204195,9.233231182356926,2.516146685426632,6.693250323831746,3.6390383508109077,12.182209367575059,21.743044977630316,3.052020520602438,51.484686150788704,2.912078834597653,6.619755701111769,10.601655144344,9.736563270109425,7.044053420792267,4.786797255412266,5.286924645448003,6.484348873931706,6.088537192005012,9.475315393185797,7.15981818672773,7.8961467559441525,8.895931721647276,7.296651049630242,5.927656583264619,3.5553132141899906,5.782189215248929,5.092646730779944,9.698097387726733,8.83099914449805,10.138218480792045,10.153463654057733
10,6.615623005831677,8.78416463240089,6.243746264706847,11.387989954577023,11.761489033771532,40.184175331915014,10.726480128876752,14.602446227373875,12.609412554653137,6.224369840491072,-0.0,2.550181445036121,6.851495182290148,7.923513277601424,5.962807950316765,2.539223392696147,3.459322746343843,6.0830987100855065,32.129660926155225,2.1059625301332994,3.54873984497932,4.97585921569172,2.165937727052366,5.158609169939062,6.94289866741734,11.766450573965354,4.919913335576801,41.69682285540985,8.485528451705449,1.9341466646745833,6.252662366812632,7.891669401864723,10.327828119785217,7.755286951964421,9.699537445466515,7.879500993496889,7.552189967241946,10.915390169410136,11.750375332340708,15.165018554581007,8.908850523830756,9.24264500223115,7.104844074080884,4.4352751757709035,9.385937331830904,10.643416699125742,12.014251087722604,11.103224174029735,13.18941919391519,13.128824317105304
11,6.908060138688293,8.8401081460721,5.711433585518596,9.697109041700047,12.350017031010188,40.31271222195183,7.302707544338074,13.723239538582895,8.681639525901623,5.565475081213104,2.550181445036121,-0.0,6.368639573055591,7.306150558449803,3.9808360825715043,3.0095529250531006,2.290202670584457,5.951358553624097,32.014299688677966,3.5175245484200683,5.984884666646807,4.50555842762685,2.9578606660106397,3.2964073569727264,6.054315222066915,16.338496767378423,5.218046588487923,44.85894119265711,4.192631716403546,3.4511095683568955,6.854228727656368,6.818411672843446,10.110840798094777,6.277334684787682,8.231978699693352,8.653583310819279,7.211837005988918,12.525932746268396,12.232375500350466,11.489325453904424,10.653730430910072,9.48162752843586,6.31166346292549,4.833207734685275,8.434836826192049,9.780245894926795,9.475225662150466,8.750177530681988,12.255581204749124,10.167190542663688
12,4.7761692745553574,6.152249606711052,4.573519217069133,8.97181233000618,9.050063156499725,36.535501589536196,5.838618013605824,10.976379712812067,6.466715597919992,4.448341975257069,6.851495182290148,6.368639573055591,-0.0,4.0926612386724175,6.701469462920915,8.866317789448283,3.862180282603133,10.746072440036338,33.03128650154945,5.576091966919828,11.724112050958142,4.069396299283919,8.294171916930999,4.724832210840682,15.656487922256003,21.74800209081184,3.4351632724424745,48.538149029922096,3.693088424849984,8.787925080254826,7.932505186369916,8.858721297509932,7.705545393211338,4.6232611829549395,5.9028511667728605,5.518798235343802,5.767963459291308,8.128716218612013,7.203292057340949,8.273983289802587,8.294080524914435,7.616825955055549,6.310226306433152,3.7617323055464382,5.013372499619897,6.342345165842997,8.351263344348258,7.41392161335662,9.474356009428957,8.5822366078932
13,3.1304238427024362,3.3595918421742583,3.0940040099359236,7.0997392495310665,2.910040075043145,31.166181329818688,3.8459610886762663,10.07088504319633,3.668837265556449,4.691671137993308,7.923513277601424,7.306150558449803,4.0926612386724175,-0.0,6.965217377252487,10.828952511886161,5.6025040082164415,13.051122594494656,30.98518393766698,5.814634000382768,12.795122329722965,3.812456718029446,9.489196856185782,4.3494161262924615,13.496560510637458,23.363345527578083,3.9758668791958756,50.89323648194049,2.954715831304793,9.37978841515858,12.54982479304173,9.65005356776673,7.999432923073906,5.024856951153589,5.263434243552937,5.9570828064754515,6.723160473554173,9.784202530759675,4.052922842538997,5.431508102224384,9.600388328344641,8.399476519159187,6.303041100951773,4.960985951900162,3.3611373409480114,4.8128687332636515,7.832535983286527,7.474040789862359,9.162685830947117,6.140803973600226
14,6.935500830629411,7.531056011633254,6.119898186047514,8.536213111221516,9.777753299533167,39.21448792247959,9.228260245316337,13.975945320853448,9.739354707864827,6.284561691952542,5.962807950316765,3.9808360825715043,6.701469462920915,6.965217377252487,-0.0,5.445011821713962,5.331947516883721,9.644992290289276,31.769200061144726,5.520890285010019,6.856053685319112,3.9820806634704384,5.134126196312444,4.46546846501278,7.962496072717687,14.727047729948852,4.738954686274858,43.92092441125659,6.236302779312079,5.2653049627434125,8.944177943273019,10.483118097585036,8.666373988422544,5.872260397673168,7.924403178493077,6.078765554413869,7.643015757242098,9.99579458553883,9.118608727468267,10.830803274790032,9.502938275400036,7.842768552195586,5.889007235112352,3.912468479156462,6.686909434950293,7.777837984454269,10.9462227279648,8.399674618332888,10.293404099415739,10.78568725895682
15,10.019272235825062,12.137977514476159,8.510157988534509,14.017771774497813,16.188979313724033,44.22438244891004,10.033718717061168,15.158877396524183,11.955851839980781,7.565205402246048,2.539223392696147,3.0095529250531006,8.866317789448283,10.828952511886161,5.445011821713962,-0.0,4.59049108708131,4.753849103097691,30.264657183395727,5.224267906110844,2.5926498746212574,6.8046082656566735,1.6916248798286488,6.476972278740256,4.432648815142866,9.570408433916118,8.591280064922184,41.72382364697327,8.863055657545882,2.151705619581757,6.14604880422037,6.90408604324279,10.687450075158608,7.703466101589201,10.430182719572587,8.527819789906317,9.874218074717927,11.210157146728685,13.70418897620587,14.745524652058391,11.577843566626468,10.673256164211864,6.88813041225207,6.5839727560496195,8.80396595737281,10.598507707559547,10.530897089073578,10.316687497455174,13.81597935033526,10.934044822176254
16,4.523462093586651,6.055673805423539,4.138608155923811,7.580496747723503,9.559266141569267,34.986170252822376,7.909965986346149,12.297761074324338,9.625646976822798,3.7379909688608257,3.459322746343843,2.290202670584457,3.862180282603133,5.6025040082164415,5.331947516883721,4.59049108708131,-0.0,8.398833081033848,30.0863484247275,2.4089781330939606,6.648516808994741,3.1970010003130844,4.8946477155114545,2.8761601921149444,10.105591223331425,17.284202052346643,3.0573529676666205,47.73837288399115,4.451033395938963,4.511817593854561,6.873249274245932,8.059805421096527,7.8774475418652345,5.287055865139314,6.562569831129912,7.255294966223647,6.833040787002017,10.577521019599457,10.106023494956672,11.67059325654319,9.077307097882658,8.217934472479424,5.370511283890785,3.151636084874856,7.439303688163245,8.769360362566411,9.96156927935308,8.602040271639588,10.42593889591416,10.801698381162021
17,13.79211747259035,15.391556826536888,13.658971177279492,15.935278699707581,20.47970990689188,42.868671307551686,11.481161967111511,20.212526593337156,15.33677076107517,10.933965441404183,6.0830987100855065,5.951358553624097,10.746072440036338,13.051122594494656,9.644992290289276,4.753849103097691,8.398833081033848,-0.0,41.067554599639976,9.171521081584403,5.293005289652966,10.351010997171105,5.60608790603983,9.647458815136758,5.495465766694509,9.835506169513097,12.60391405871623,47.63267743043148,11.160395240916612,5.481216813775649,11.79537260284697,8.682313354722458,12.882517971317917,10.021549777645884,14.140859118696735,11.646953767961671,11.881207960506142,13.719025508463169,16.497421845029834,16.991323189416807,12.898127026367263,13.784546446267457,9.561168640194994,10.481893512021092,11.50103059838168,12.947699165226641,12.8755718718888,13.851540572817745,17.5597986272714,13.770389851502369
18,24.178453653915415,29.251821682577955,18.062352258075297,29.89997824080598,19.23984150799948,46.590886872526745,29.613146017861393,18.476014327961952,26.92709685902387,31.71474382302751,32.129660926155225,32.014299688677966,33.03128650154945,30.98518393766698,31.769200061144726,30.264657183395727,30.0863484247275,41.067554599639976,-0.0,31.399931020919762,32.8602056416296,29.4520178080896,34.24924594907512,30.28101631431336,31.749045844598385,39.322567562903245,20.7371766072481,32.62969789997246,29.770379572106105,29.838312815031752,19.63518431459333,31.833192554252065,28.715752318065515,27.67381930153902,15.731510123021305,26.4686972816223,24.22233766519492,22.929735333565443,20.560039967324098,26.570195096364657,22.855833165319243,19.209794359692044,28.516946142738192,17.258259470787248,20.970220165457466,27.43312023001609,18.92499907614697,18.20613015971109,16.0007692097146,18.906595671631646
19,4.8634442418093835,6.404565217921023,3.9642599426697562,9.653178089857487,8.912455121815048,38.02342712155691,8.829288342920083,13.067444954234212,10.069165912520209,3.804311932204195,2.1059625301332994,3.5175245484200683,5.576091966919828,5.814634000382768,5.520890285010019,5.224267906110844,2.4089781330939606,9.171521081584403,31.399931020919762,-0.0,5.829816025963294,2.6197304890187505,4.173280158161658,2.3496268642536786,9.185855036342438,15.356353884580647,2.823782734435655,39.4251773660244,5.134315866850495,2.94733367797525,8.14259719741347,9.70654117507708,9.87491080764709,5.9923725174729485,7.242351339456622,6.807839140725032,6.865076596725837,10.482540544642058,9.180398612327032,11.72661310760097,8.14092467326286,7.990837443553089,5.718881413430093,3.3333234993343583,7.816088671315852,7.957957040442745,10.811660598674234,9.679983109164674,10.650248585834852,12.077142573221257
20,9.654947298172155,10.560902047818628,8.583771353946672,15.50985945403234,13.97138806625461,41.27254917584197,13.88656682877951,17.648017673904082,17.130119338650974,9.233231182356926,3.54873984497932,5.984884666646807,11.724112050958142,12.795122329722965,6.856053685319112,2.5926498746212574,6.648516808994741,5.293005289652966,32.8602056416296,5.829816025963294,-0.0,8.897830361134474,2.1891895182753407,8.778478966158236,3.1503666835403097,8.721499982216105,10.052038316185964,39.517476676928574,12.653833453782537,2.7316025907298163,7.0987483008087535,8.26252735852331,12.683922154555791,10.190789788650825,12.425026517119424,9.654406171570132,11.130612540512221,12.476347217475679,15.878722096493489,20.454650351225425,13.219771323321183,10.530445557359508,9.317499495440508,6.295767782130522,10.69187734087538,12.725130733139636,13.597401543433056,12.7824205736489,13.663209656977166,14.41146539584717
21,3.661811920899735,4.872157035319381,2.4063548635941343,7.5951671314562335,7.0576308125296,30.837182536858744,5.825940279574885,12.003113111547835,6.476385630511318,2.516146685426632,4.97585921569172,4.50555842762685,4.069396299283919,3.812456718029446,3.9820806634704384,6.8046082656566735,3.1970010003130844,10.351010997171105,29.4520178080896,2.6197304890187505,8.897830361134474,-0.0,5.521898824746661,1.4619554232236875,8.564430100142635,17.62747699765264,1.3669241115620743,38.78176155326999,2.060483710361741,5.747650071882186,8.72391005275216,11.283568929714157,7.020130287649378,5.281538520288487,5.94097062215765,5.659937817834033,6.715128302943176,9.307062342818602,6.978075776571205,7.927583856591655,8.992477699843603,7.739661393229516,5.2757297337973466,3.001697066924821,6.017865083178613,5.476650514277198,10.02662762609282,7.7829916394219625,9.61182325177976,10.803392009374743
22,8.495894842143345,10.1132636521458,7.249539515229581,12.43671489857841,13.46926301963709,43.071539276197306,9.278628895712691,15.492845897458306,11.072138395254742,6.693250323831746,2.165937727052366,2.9578606660106397,8.294171916930999,9.489196856185782,5.134126196312444,1.6916248798286488,4.8946477155114545,5.60608790603983,34.24924594907512,4.173280158161658,2.1891895182753407,5.521898824746661,-0.0,5.469275715389551,4.238592733880574,8.963993718629814,6.668216401806878,42.983413826387306,7.80545866979507,2.260953465213867,6.411188777530052,6.414850563922942,11.418100315165717,7.474822584482806,10.423743432015781,7.523044579721234,8.250062692702171,9.502080732948912,12.766393628872441,14.358251624636154,10.96784804365741,9.542123771419881,7.820964630327046,5.538309383717742,8.400795556336737,9.703673256710502,11.326766283993663,10.22383430717184,13.026754897143732,10.980168972394953
23,3.546974904676391,5.091487078172394,2.1860744345745853,7.59627079612542,6.829307927822007,33.82991227971501,6.334628359209259,11.872520750041263,6.9742477229718665,3.6390383508109077,5.158609169939062,3.2964073569727264,4.724832210840682,4.3494161262924615,4.46546846501278,6.476972278740256,2.8761601921149444,9.647458815136758,30.28101631431336,2.3496268642536786,8.778478966158236,1.4619554232236875,5.469275715389551,-0.0,8.222500678491064,20.355328201110815,2.4232714528407033,37.98610415991552,1.9036638074567873,5.593113215986547,9.790919577616538,9.807971411161697,9.187553739714449,5.322440338739809,5.863266494922473,6.637947572629097,6.7743447283104175,10.960196331712591,7.725050606753519,8.06270623966815,8.956149010100345,8.297170079482376,5.397432781834789,3.1760204400758227,6.136740824746152,6.108158624631309,9.417765166833497,8.183705081016754,9.76806945427263,10.127776629859632
24,14.690762506684413,15.500874119903033,11.988019142270984,17.758793741613605,18.737925247506507,45.873534094446136,13.4695978210506,20.59626062804246,14.173286240828393,12.182209367575059,6.94289866741734,6.054315222066915,15.656487922256003,13.496560510637458,7.962496072717687,4.432648815142866,10.105591223331425,5.495465766694509,31.749045844598385,9.185855036342438,3.1503666835403097,8.564430100142635,4.238592733880574,8.222500678491064,-0.0,8.135825238673172,10.275210623255658,48.413734320591516,10.199537611766628,4.93397584305771,9.518821031106226,10.697000991645325,17.646593641439807,13.16660775942276,15.923530563050216,12.971683723001041,11.76533115300806,15.64927803023131,18.793855063476318,18.899806673710348,16.772949427733913,14.577327531925105,13.814489661321495,10.740269330575885,15.079792459604194,16.036991311495903,16.230676387585156,15.067348192486394,18.330869441328833,16.688176471245253
25,21.251175075971076,25.02284475194652,19.179404360452573,28.282882962304324,29.013154196550946,47.69040168755824,23.899463680287564,26.472800379412238,26.616848268495307,21.743044977630316,11.766450573965354,16.338496767378423,21.74800209081184,23.363345527578083,14.727047729948852,9.570408433916118,17.284202052346643,9.835506169513097,39.322567562903245,15.356353884580647,8.721499982216105,17.62747699765264,8.963993718629814,20.355328201110815,8.135825238673172,-0.0,21.226728898424682,53.01575502563745,25.498297690225158,10.579852948976738,14.581341984551056,15.889754573565996,20.302879202895607,22.04751227648626,26.21376717079411,16.950861672786864,22.17141863979272,19.922568027115336,26.93308965111429,34.10955051911144,22.44164730303704,22.669179494357856,18.447593664604774,15.854994445332032,18.762280533935833,23.259054556546463,22.763261486014034,24.187087246131483,27.817325814357176,23.383540586940416
26,3.666832267411285,5.206406257177152,2.863110195764,6.538196630169459,7.395040383449771,39.721783893867254,6.645088615822003,13.648302920200955,7.735934942754289,3.052020520602438,4.919913335576801,5.218046588487923,3.4351632724424745,3.9758668791958756,4.738954686274858,8.591280064922184,3.0573529676666205,12.60391405871623,20.7371766072481,2.823782734435655,10.052038316185964,1.3669241115620743,6.668216401806878,2.4232714528407033,10.275210623255658,21.226728898424682,-0.0,42.081615885977754,2.396439821085973,6.371769019998417,8.618875893107013,11.822991328372382,7.419256604380237,5.682533866551364,5.92565171959198,6.461493920724841,6.949586777093012,10.076030118257327,8.214274395761906,9.457388947333028,9.255098503003888,8.039502730461757,5.7593982673943,3.1843616183853687,7.016948675667821,7.076045198111614,11.012307171620147,8.19864360716794,10.581979832542599,11.76548688915614
27,40.553648206006145,31.88088285537055,33.015769996582435,56.556602273136235,40.16846473615678,40.343367379820045,48.59663875575676,32.991200298912595,45.76155053668965,51.484686150788704,41.69682285540985,44.85894119265711,48.538149029922096,50.89323648194049,43.92092441125659,41.72382364697327,47.73837288399115,47.63267743043148,32.62969789997246,39.4251773660244,39.517476676928574,38.78176155326999,42.983413826387306,37.98610415991552,48.413734320591516,53.01575502563745,42.081615885977754,-0.0,38.063208451316555,32.78657073357839,38.38826734277671,55.10574634855921,40.680142133744035,34.586878278278654,37.50087212332737,35.94837989748886,42.25118373823308,35.3244828010785,30.850979627532258,31.659054227235544,31.97200347570494,41.741207085477576,36.16529460218569,30.39828406069307,37.36035260112911,31.888443228524526,45.90258643305596,23.052798055646765,30.129020509582894,46.37078839581205
28,2.9618702551180336,3.739954365693993,2.0996790863859913,6.470633853049778,5.500662459660586,40.8544356338668,5.240285566947703,12.512459621794326,5.634300730020501,2.912078834597653,8.485528451705449,4.192631716403546,3.693088424849984,2.954715831304793,6.236302779312079,8.863055657545882,4.451033395938963,11.160395240916612,29.770379572106105,5.134315866850495,12.653833453782537,2.060483710361741,7.80545866979507,1.9036638074567873,10.199537611766628,25.498297690225158,2.396439821085973,38.063208451316555,-0.0,9.091851956811452,10.98087867186885,9.723884087672804,8.536798215063788,4.606430698737129,5.234249191094288,5.784498584616131,6.759718189874943,8.805543087701226,6.188376708680652,6.340439341686423,8.298017146343104,7.951835193066075,5.24218428595054,3.989440683232781,4.827560147238467,4.630151403115663,9.457641421604368,7.0674008062597835,8.97415715041254,8.98508328029075
29,6.6711099889931464,8.635744261855379,6.260428842259179,11.822756423826528,11.878833385404715,32.62499348302933,10.957399382785875,14.071237092515874,13.449075996690102,6.619755701111769,1.9341466646745833,3.4511095683568955,8.787925080254826,9.37978841515858,5.2653049627434125,2.151705619581757,4.511817593854561,5.481216813775649,29.838312815031752,2.94733367797525,2.7316025907298163,5.747650071882186,2.260953465213867,5.593113215986547,4.93397584305771,10.579852948976738,6.371769019998417,32.78657073357839,9.091851956811452,-0.0,6.647756198632753,9.585467646049068,10.915324374119223,8.038442735848328,9.70930429438911,7.630714472318233,8.59352603074804,10.76604472345721,12.236746495192838,15.962242264127578,9.96674680200802,8.8849256994062,7.275546798911351,4.552505331297597,9.110270871845362,10.017304178932912,11.993780209026847,10.784527152369144,11.281430997918195,13.350929777827599
30,13.013467189790415,14.520807132083014,11.560137149716471,15.898054285192654,19.45767470077572,39.11791343869223,12.872861096264375,13.82989873431053,14.18020045596237,10.601655144344,6.252662366812632,6.854228727656368,7.932505186369916,12.54982479304173,8.944177943273019,6.14604880422037,6.873249274245932,11.79537260284697,19.63518431459333,8.14259719741347,7.0987483008087535,8.72391005275216,6.411188777530052,9.790919577616538,9.518821031106226,14.581341984551056,8.618875893107013,38.38826734277671,10.98087867186885,6.647756198632753,-0.0,8.729899555690027,9.975744484187292,10.28018779575856,12.566623094621981,11.126746498170045,10.304826520995805,10.737537959864396,15.738215341311971,15.89461828174417,9.604161164672718,13.001939124517294,10.147069274766356,8.420945218713612,10.943793890231895,13.233151941631892,12.299789818868721,12.041799069177879,15.781421428209898,13.249023207048795
31,10.764249119691726,11.128116896461849,10.572219130764479,12.324231989334475,12.537382325529695,42.44046254983798,8.56599108109177,12.807725308038174,10.71750079197162,9.736563270109425,7.891669401864723,6.818411672843446,8.858721297509932,9.65005356776673,10.483118097585036,6.90408604324279,8.059805421096527,8.682313354722458,31.833192554252065,9.70654117507708,8.26252735852331,11.283568929714157,6.414850563922942,9.807971411161697,10.697000991645325,15.889754573565996,11.822991328372382,55.10574634855921,9.723884087672804,9.585467646049068,8.729899555690027,-0.0,10.614026140270548,5.033466759494734,7.945424894954883,8.246493853301807,7.421531033810946,8.979045938852058,11.705296856482565,11.75606463824576,9.17907085761934,7.140317424120438,6.298715941937555,6.325853450116758,7.590672682851358,9.459454348973987,8.093154573066876,7.839032771637021,9.591812184917814,7.124765411181859
32,6.889695301100392,6.928295076906561,8.633030874313837,9.101300550211148,12.558344346584825,24.848857784922913,6.206606816796137,7.248756338241298,7.668898485580101,7.044053420792267,10.327828119785217,10.110840798094777,7.705545393211338,7.999432923073906,8.666373988422544,10.687450075158608,7.8774475418652345,12.882517971317917,28.715752318065515,9.87491080764709,12.683922154555791,7.020130287649378,11.418100315165717,9.187553739714449,17.646593641439807,20.302879202895607,7.419256604380237,40.680142133744035,8.536798215063788,10.915324374119223,9.975744484187292,10.614026140270548,-0.0,4.164861623495511,5.76653785104371,3.85669275207703,4.034356291468013,5.2189216589331355,6.840721031532705,7.947320325498786,5.224122699302765,4.593106974144245,3.129473354603907,5.176330011676232,4.771339671451554,6.205130548996991,5.8728125627446115,4.621721688873868,6.222525906190187,6.380054314303827
33,5.645897587050253,4.23885708188575,5.43982927469407,8.383151336475171,6.829819992778297,34.4234975133138,3.2365565048703115,7.748165611542226,5.353978136700875,4.786797255412266,7.755286951964421,6.277334684787682,4.6232611829549395,5.024856951153589,5.872260397673168,7.703466101589201,5.287055865139314,10.021549777645884,27.67381930153902,5.9923725174729485,10.190789788650825,5.281538520288487,7.474822584482806,5.322440338739809,13.16660775942276,22.04751227648626,5.682533866551364,34.586878278278654,4.606430698737129,8.038442735848328,10.28018779575856,5.033466759494734,4.164861623495511,-0.0,2.9611144049970473,2.4111803417192865,2.343434462040267,4.888006394819233,5.3623753660154625,4.8088267877434285,4.430873128807859,3.332141796372306,2.7794343391518805,2.2916447252507406,2.4645744691396847,3.354028978269586,4.004545169431815,2.8311017060901573,4.052144890122627,3.492863926128358
34,4.546180220644762,4.519462345373638,4.633228944264241,7.0342103412068155,6.320009500409089,33.17489272904289,2.860962523835597,6.841851560652406,4.070536509816656,5.286924645448003,9.699537445466515,8.231978699693352,5.9028511667728605,5.263434243552937,7.924403178493077,10.430182719572587,6.562569831129912,14.140859118696735,15.731510123021305,7.242351339456622,12.425026517119424,5.94097062215765,10.423743432015781,5.863266494922473,15.923530563050216,26.21376717079411,5.92565171959198,37.50087212332737,5.234249191094288,9.70930429438911,12.566623094621981,7.945424894954883,5.76653785104371,2.9611144049970473,-0.0,3.2475117480178555,3.184382670419537,5.977807579749029,3.4986841599098164,3.362908475206893,5.301063100419529,4.4397775336575656,3.5039951657653803,3.7515218988839916,2.0457329258732204,1.6730224600107677,3.5035807561134478,4.275793649933166,4.7149225169618605,4.613259429514552
35,5.7947489367975065,4.4032336659942,6.790475579415929,7.8859508738362045,7.905628752129344,33.98237226003729,3.7637223652076286,7.099256195925813,5.324590608154564,6.484348873931706,7.879500993496889,8.653583310819279,5.518798235343802,5.9570828064754515,6.078765554413869,8.527819789906317,7.255294966223647,11.646953767961671,26.4686972816223,6.807839140725032,9.654406171570132,5.659937817834033,7.523044579721234,6.637947572629097,12.971683723001041,16.950861672786864,6.461493920724841,35.94837989748886,5.784498584616131,7.630714472318233,11.126746498170045,8.246493853301807,3.85669275207703,2.4111803417192865,3.2475117480178555,-0.0,2.54233046327666,4.385660477876968,4.539010024021048,4.928612669943909,4.14058425760744,2.8693250660745524,2.3297536561185486,3.134673622725159,2.6067774568206294,3.3033721304923067,4.06613562749839,2.6854778315958954,3.3966308399289233,3.8832670454513893
36,6.332288494082049,6.688355156626227,6.833062039103858,8.848526690962963,8.711717626197286,29.477889060959907,2.989806948708608,6.026792273432465,5.208929953911037,6.088537192005012,7.552189967241946,7.211837005988918,5.767963459291308,6.723160473554173,7.643015757242098,9.874218074717927,6.833040787002017,11.881207960506142,24.22233766519492,6.865076596725837,11.130612540512221,6.715128302943176,8.250062692702171,6.7743447283104175,11.76533115300806,22.17141863979272,6.949586777093012,42.25118373823308,6.759718189874943,8.59352603074804,10.304826520995805,7.421531033810946,4.034356291468013,2.343434462040267,3.184382670419537,2.54233046327666,-0.0,5.143888451450754,5.889077086734682,5.399478760902057,3.609160831226184,2.559140087038294,2.911427658655181,3.4500081701691756,3.8416357246377904,3.9315134812915646,2.4216139172930706,4.299218635823497,4.326295613031282,4.6802864165193485
37,8.614184439575272,7.194669124068561,11.562414579968529,10.202337487328949,12.474037170843822,36.261006186700335,7.768885555565223,8.4470052374918,8.921413931457787,9.475315393185797,10.915390169410136,12.525932746268396,8.128716218612013,9.784202530759675,9.99579458553883,11.210157146728685,10.577521019599457,13.719025508463169,22.929735333565443,10.482540544642058,12.476347217475679,9.307062342818602,9.502080732948912,10.960196331712591,15.64927803023131,19.922568027115336,10.076030118257327,35.3244828010785,8.805543087701226,10.76604472345721,10.737537959864396,8.979045938852058,5.2189216589331355,4.888006394819233,5.977807579749029,4.385660477876968,5.143888451450754,-0.0,7.721359747568436,6.635567053202346,3.9921012102403286,4.5892233490406955,5.898683941964164,7.078012062193427,5.45206463211501,5.44205793672751,5.432451251090959,4.674456481021271,5.162569602070067,5.01770153700282
38,5.048037650397321,4.18455811292627,5.127315869042438,6.464740723225788,4.069024285298477,29.38560065983498,3.5933208894871673,6.562379652373685,3.32063376715546,7.15981818672773,11.750375332340708,12.232375500350466,7.203292057340949,4.052922842538997,9.118608727468267,13.70418897620587,10.106023494956672,16.497421845029834,20.560039967324098,9.180398612327032,15.878722096493489,6.978075776571205,12.766393628872441,7.725050606753519,18.793855063476318,26.93308965111429,8.214274395761906,30.850979627532258,6.188376708680652,12.236746495192838,15.738215341311971,11.705296856482565,6.840721031532705,5.3623753660154625,3.4986841599098164,4.539010024021048,5.889077086734682,7.721359747568436,-0.0,1.764117326009561,6.376968138551157,5.635300840051277,5.295519819989197,6.0291509347733365,2.4141012199177134,3.145090763847417,5.182597062109105,3.7770672215037315,4.991620414308923,4.059441569874971
39,8.093809129921814,5.809390687228452,7.535729290971813,8.439207849808898,6.513645235851309,32.56432606629626,3.424604948970174,8.280838800324837,5.3139742392687035,7.8961467559441525,15.165018554581007,11.489325453904424,8.273983289802587,5.431508102224384,10.830803274790032,14.745524652058391,11.67059325654319,16.991323189416807,26.570195096364657,11.72661310760097,20.454650351225425,7.927583856591655,14.358251624636154,8.06270623966815,18.899806673710348,34.10955051911144,9.457388947333028,31.659054227235544,6.340439341686423,15.962242264127578,15.89461828174417,11.75606463824576,7.947320325498786,4.8088267877434285,3.362908475206893,4.928612669943909,5.399478760902057,6.635567053202346,1.764117326009561,-0.0,5.809015926210704,5.594858101176888,6.106921853248809,8.037792754619414,3.4897883271595624,3.0213645573297905,4.677816378920639,3.782428796072666,4.406241609263043,4.077985234014456
40,8.454835319969428,8.613860467158073,8.72165901077989,10.570537747864195,11.711542537005988,29.091942124056963,6.261329505942148,8.358931045204308,8.828924615840966,8.895931721647276,8.908850523830756,10.653730430910072,8.294080524914435,9.600388328344641,9.502938275400036,11.577843566626468,9.077307097882658,12.898127026367263,22.855833165319243,8.14092467326286,13.219771323321183,8.992477699843603,10.96784804365741,8.956149010100345,16.772949427733913,22.44164730303704,9.255098503003888,31.97200347570494,8.298017146343104,9.96674680200802,9.604161164672718,9.17907085761934,5.224122699302765,4.430873128807859,5.301063100419529,4.14058425760744,3.609160831226184,3.9921012102403286,6.376968138551157,5.809015926210704,-0.0,2.9610699737185544,4.6597419282450945,5.605278593471772,5.432321400092527,4.045190968473354,4.929195173527626,5.4598778308919425,5.191885339021972,5.9652291575378324
41,7.255977822388024,6.874005329248762,8.605966903549595,8.651050030671758,9.741888016438462,28.57740405034072,5.192076877779481,6.269179807079103,6.94531373735431,7.296651049630242,9.24264500223115,9.48162752843586,7.616825955055549,8.399476519159187,7.842768552195586,10.673256164211864,8.217934472479424,13.784546446267457,19.209794359692044,7.990837443553089,10.530445557359508,7.739661393229516,9.542123771419881,8.297170079482376,14.577327531925105,22.669179494357856,8.039502730461757,41.741207085477576,7.951835193066075,8.8849256994062,13.001939124517294,7.140317424120438,4.593106974144245,3.332141796372306,4.4397775336575656,2.8693250660745524,2.559140087038294,4.5892233490406955,5.635300840051277,5.594858101176888,2.9610699737185544,-0.0,3.2603083861158417,4.793536735777576,4.813475582285737,4.900913214267508,3.790829447637553,3.6277388516739593,3.061755737408478,4.2266395006479875
42,4.902385696130517,5.366695260182773,5.385527471244611,6.902650250188589,9.049644500583096,33.1748746350795,4.2466619633815865,7.326927938867323,5.945226183628978,5.927656583264619,7.104844074080884,6.31166346292549,6.310226306433152,6.303041100951773,5.889007235112352,6.88813041225207,5.370511283890785,9.561168640194994,28.516946142738192,5.718881413430093,9.317499495440508,5.2757297337973466,7.820964630327046,5.397432781834789,13.814489661321495,18.447593664604774,5.7593982673943,36.16529460218569,5.24218428595054,7.275546798911351,10.147069274766356,6.298715941937555,3.129473354603907,2.7794343391518805,3.5039951657653803,2.3297536561185486,2.911427658655181,5.898683941964164,5.295519819989197,6.106921853248809,4.6597419282450945,3.2603083861158417,-0.0,2.568607410720153,3.3813165420997624,4.370631469902416,3.5069967165801454,3.43136228513533,4.670881778017894,4.439908548707893
43,3.5200927824142716,3.792356200525093,3.147249506032994,8.307373640152257,6.80458369977881,37.732206224854714,4.67441756164922,8.541654228347682,6.807210138753766,3.5553132141899906,4.4352751757709035,4.833207734685275,3.7617323055464382,4.960985951900162,3.912468479156462,6.5839727560496195,3.151636084874856,10.481893512021092,17.258259470787248,3.3333234993343583,6.295767782130522,3.001697066924821,5.538309383717742,3.1760204400758227,10.740269330575885,15.854994445332032,3.1843616183853687,30.39828406069307,3.989440683232781,4.552505331297597,8.420945218713612,6.325853450116758,5.176330011676232,2.2916447252507406,3.7515218988839916,3.134673622725159,3.4500081701691756,7.078012062193427,6.0291509347733365,8.037792754619414,5.605278593471772,4.793536735777576,2.568607410720153,-0.0,3.393902296285955,4.322775429042677,5.608339352360527,4.282578323855914,6.2010422783626575,6.115109410895224
