,0,1,2,3,4,5,6,7,8,9,10,11,12,13,14,15,16,17,18,19,20,21,22,23,24,25,26,27,28,29,30,31,32,33,34,35,36,37,38,39,40,41,42,43,44,45,46,47,48,49,50,51,52,53,54,55,56,57,58,59,60,61
0,-0.0,2.274059656153847,1.7523997496808088,2.9925929527118087,4.883775545649195,1.198129103219034,2.616887450980718,2.1745322685574715,2.4540452524602947,4.344111474363134,1.9397108070005449,2.295808207731995,2.538661014617612,3.6218346307354983,3.672891802395299,1.964809277688443,1.6416671334934236,2.1529515890240645,3.920682869166481,2.819089897713322,2.4629109312146,3.879504337832835,3.6612494726103733,4.2655831626646155,2.5180383617764646,3.977279553614071,4.607833159051289,3.9826268769974846,4.1249587903650795,1.8581977833400731,2.380810595077844,3.9776671072790744,3.1084393071423446,5.792287430394282,5.349402428004329,5.119793361492154,5.159097941474229,2.7084753829810055,4.188674221507704,4.479189925717639,5.354234564706915,4.494861456287029,5.536715882390462,5.610053878351856,4.635355801148533,17.784025787580816,13.067609799598031,27.90590681264921,26.016958945341102,5.770617045474697,3.80909633437138,6.102661784315261,5.244033540146476,6.09487226388108,9.333913192260662,4.542658944694968,4.597703191197772,7.2817383018965,6.468584614824708,10.37904809686309,6.470975394026332,7.763745530173348
1,2.274059656153847,-0.0,2.237756357808718,2.0070271665908317,4.447165386152611,2.3572311666403007,1.337112209366949,2.132026027799114,1.6077964190040934,5.321400240575373,2.019552396573986,2.23244144114515,2.349530759248705,2.247639300489098,4.389957394057627,2.1342946256360475,1.7688560287546558,2.1796707846725516,2.3419789554336963,4.3771918475813,2.7628571428021873,2.6077172159455086,3.270393293632782,3.183221737866624,2.9018341171221103,3.2286646381728934,3.2819369930419784,3.473400159009549,2.775582052960773,2.6566842536351,2.569000743374496,2.991371049880262,3.150127059979575,4.8660232267003005,4.765302212641293,4.565429122307934,3.9474870394590287,2.9930001234628816,3.2978571698285126,3.56581982100102,4.943234411810577,3.6754882375329765,5.057913587455532,4.753152393576244,3.5683965973447394,18.673545678218,14.467618899250288,29.216657243434042,27.005617544357158,5.790797793780922,4.0905776518486565,4.927333173403025,4.785886519232113,5.081260645000873,9.321566836325712,3.414030330729213,4.332052164856247,8.432248112574326,6.432575782585298,12.151445967370387,6.214838356639555,5.854748671611499
2,1.7523997496808088,2.237756357808718,-0.0,1.9710817698590244,3.5204271012343775,2.2146264468883214,2.2701276260822802,1.9028316098628213,2.2974908965155767,4.661764675995574,2.164750496750831,1.9042357204956104,2.046344374033648,2.9258987177015747,4.026939342871725,2.306943612108757,1.72458760453077,2.590942876543964,2.9770505832885323,4.290472307440136,2.7216229875054267,3.3502379230845705,1.8281289291784864,2.9363614488638716,3.059844062026746,3.04656559578818,3.62944002592255,2.940647479152824,3.4021531419775664,2.1598427444270927,2.908692643227368,2.68707837405015,3.2053157224160165,4.323036364544422,4.564674393877674,3.679372810675033,4.173193100449554,1.605031261857024,3.568688212127971,3.776946735222817,3.998587305538737,3.775587797931889,4.254549430315293,4.255656448463451,3.5840368222387005,18.410709640515908,15.255736994405177,25.93866735450143,23.997376421132632,4.764416057387119,2.902510298139139,4.66989856691719,3.9475581405657056,4.970409077684663,8.003898563682386,3.8522417146278225,4.224012799149922,6.982189209640777,5.39459045080588,11.359142276808573,5.012030735108963,6.472454233751151
3,2.9925929527118087,2.0070271665908317,1.9710817698590244,-0.0,3.648341314513914,2.9955096803424635,1.489039685216929,2.214024103800439,2.3771879359784687,4.9753382677633855,2.53688782245982,1.4023593821884206,2.0521959282354567,1.9343786468249813,4.714961246893601,3.4351895142331976,1.6093935106138217,2.001153121686972,2.5607212756400557,4.652685194157732,2.147927726990815,2.375939710528918,2.675600742477629,3.0979096400064856,1.8759836550099738,3.0176417119711387,3.2340978634765576,2.8693955407177514,2.0255510467345914,2.4857055466787052,2.8200786064801715,2.6288105060469236,2.8232965560732373,3.477687924082771,3.9573216088285554,3.6694135086453232,4.012580031132241,2.047516499671051,2.5703020305971203,2.6691316223705823,4.014564567495975,2.859585155229716,3.975257744383429,3.7019228100553225,2.5795300942364667,17.66399450593935,14.418966221028787,25.30634947787209,22.758564357080466,4.407589929509077,2.9930039972557356,4.78837470312455,3.317589186735994,4.461380533582383,8.885428623955683,3.082447682978455,3.8195786290490306,6.620362385024691,4.5553856110846365,10.641113644015396,4.760035855868474,5.706180547833873
4,4.883775545649195,4.447165386152611,3.5204271012343775,3.648341314513914,-0.0,4.917101750712303,3.54206471540259,4.275963546335168,4.042403496956717,5.149789518007888,4.010518721982881,3.996928698402233,4.237820596423194,3.9579677896788654,5.06606212542938,4.916029600072009,3.7162371767842437,4.380614653572909,4.440935860435331,6.326944582053479,4.445400794604158,4.656755287864765,2.9588679090780245,3.66155637279503,4.337506454357509,5.289474532754618,5.1930859522033055,4.526667184874288,3.721225233334493,3.8491558776719206,4.490794508250674,4.473388915801113,4.882899860407235,6.265544929399549,3.791615121794591,3.704727406544355,4.049663998206052,3.4385235362896185,3.657009376766496,3.9316282938936182,5.097302699779392,4.7109151604835535,6.2513408200658,5.593983947523544,3.018369483566777,12.553683531996148,12.602690072099774,20.185087503092266,17.64669162316473,2.917505980683863,2.8466306998827036,7.295265601552407,5.156697407174291,5.40178833509245,7.74598148397601,4.321759822944525,2.6905965690450344,4.3225467642114666,2.5042939240324857,8.92427999038727,2.3728276611700165,5.123258607543697
5,1.198129103219034,2.3572311666403007,2.2146264468883214,2.9955096803424635,4.917101750712303,-0.0,2.757830578801012,2.4524541703890828,2.8311103463908474,5.030549952068538,1.5118574018265196,2.293175607978895,2.0189241849617083,3.4660950019196886,3.7207522981458454,1.5725260355923611,1.5937462547258534,1.6445666963372938,3.8032512002877343,3.2253299623036957,1.8227063766681038,3.374508542079534,3.8304846762784837,4.599060815987608,2.514842547431835,3.4551018972220597,4.3268694996693435,3.297723928751332,3.519818995402694,2.2649930450056015,1.6579717832520584,3.4320940964563804,2.44745219057776,5.470894008905377,5.444533351343652,4.600966440642593,5.039652529072147,3.166487599910425,4.101575404275171,4.129301121427878,4.864050497137757,4.241827834488087,4.87319487701332,5.016391116303055,4.317647242460636,18.59085623817314,13.022752587704359,28.600906464397504,27.014054776513753,6.3237512583857916,3.2163840081200408,5.706265669837618,5.009276724696111,5.800742261701352,9.567406884339777,4.3766275115619075,4.76658597843725,7.634139806186323,6.2776987945509255,9.908187388073953,7.072301107094568,7.6012840097372445
6,2.616887450980718,1.337112209366949,2.2701276260822802,1.489039685216929,3.54206471540259,2.757830578801012,-0.0,2.391334898704397,1.2876151196775458,4.72143749301372,2.1128904328931104,1.3906374035321243,2.2332750320562567,1.8556739479314572,4.160429703677082,2.6018656621897573,1.6624583161526751,2.4350214134563988,1.5755521062489473,3.8946917982755505,2.192755104275648,2.0452534370750484,2.4924475111478324,2.420886229114392,2.5869822870226806,3.0650627379962914,3.287784860558229,3.315892319261357,2.22343512010831,2.4825108113696452,2.17539923554732,2.960088524336003,2.8855821188463686,4.0550812999712385,4.6250785294112795,4.170462141675185,3.3321693690327434,2.116607281220958,2.7356617582432943,3.161752271394182,4.482021160738112,3.0741000469597117,4.805440005682857,4.128073505634535,3.189759199626269,16.785725728364312,13.95912334596344,25.699405981261584,23.486410023425904,5.1218093373277815,4.340886882564489,4.883376139004143,4.301825782314319,5.241997592854382,9.055153714173889,3.21798289320226,4.384535912141159,6.585875488454419,5.5427945592456265,11.230420682601643,4.65809180860577,5.267123494390119
7,2.1745322685574715,2.132026027799114,1.9028316098628213,2.214024103800439,4.275963546335168,2.4524541703890828,2.391334898704397,-0.0,2.419962686606752,4.899632431716199,2.731093803805398,2.4285903581167867,2.606647008825909,3.0842025207357566,3.889668147901451,2.6614837815804315,1.995962698452572,2.4447304530180705,3.15460213787898,4.340880912019825,2.964721295085506,3.6022897000158838,2.0752305153444053,3.0320204560749446,3.584956584351755,3.4251521156355476,4.426498504948651,3.0327827723760437,3.742788078344763,2.4636525656699675,2.687105221837538,3.7984956897966096,3.679832062231811,5.555887787404137,6.002734550248984,5.315164142153291,4.376184814388798,2.1329478254489773,3.9786291094951833,4.492141695028514,5.181834687288535,4.27506783671387,5.066482972731166,5.248050100457097,4.536619793841683,17.92997590207341,12.979709497537248,26.483083653032963,24.970125705185502,5.52184832006484,3.1294566021534584,5.880860774526586,4.3657197845769575,5.631721485925332,9.650330552783752,4.032332278430401,5.3059317854616115,6.876416471665855,6.6212946840486575,10.24563857386545,5.357026263627157,6.632327805032845
8,2.4540452524602947,1.6077964190040934,2.2974908965155767,2.3771879359784687,4.042403496956717,2.8311103463908474,1.2876151196775458,2.419962686606752,-0.0,4.67808095416403,2.1954642961882307,2.146223791045408,3.0846429310442454,3.045084525536247,4.078539433035263,2.8700584037451264,2.383883483250749,2.9793491009084088,2.699395067242297,3.876294379224851,3.0045979206908577,3.1069984974270652,2.851708875175762,2.9170825535114675,3.2770422013064935,4.14918792035779,4.37801583593313,4.314821693114053,3.480231037736259,2.6398568759151018,2.918889673241682,3.832000063511121,3.640866697552769,5.12954108281315,5.437782937161303,5.133068185877022,4.0493661603021325,2.6614384585194526,3.6325769100055947,4.174507859239683,5.155825471073932,3.9130895522849998,5.830681707122456,5.340828272515425,4.123137545480938,17.86466878287463,11.191639286924607,26.157728216668218,25.19852961149067,5.290257206693896,4.783877350408192,5.940502194051467,5.276921968010733,6.081612165838893,9.708214678000068,4.563306537722372,4.3380897485373,7.298263676815444,6.3585134765390725,9.482351177485556,5.251728278756602,6.217202059440995
9,4.344111474363134,5.321400240575373,4.661764675995574,4.9753382677633855,5.149789518007888,5.030549952068538,4.72143749301372,4.899632431716199,4.67808095416403,-0.0,4.270725221740843,4.163311046301739,6.166476787265832,6.234991604299282,1.9150274203119204,5.49470699825602,4.9605947147495915,5.731210548596484,6.629749102433846,3.757585083314355,6.0578946687111,7.216897074607412,5.996890079756853,6.353116494369362,4.2323327112021,8.153887308207825,8.161244999836232,7.838475777059906,6.486951736147969,3.097989385672671,6.02316220152842,7.600890414728249,7.195464417280257,9.469832082567551,6.709461276480198,7.343534865022002,8.009637564683928,5.16458971168625,6.8320999336410555,6.984070865582152,8.575732449015026,8.20759298118707,9.843845920316895,8.874311152636725,6.3375106542990345,9.465917797563408,9.140989422076624,17.65409428122422,16.069980660239185,5.514404337009814,6.2832704994678155,10.438738272995803,8.773905705414169,9.03742330617708,12.36965389320163,7.4026148186383205,4.740270739088211,4.536677995841783,5.06021624979404,7.349311426131149,5.148934237585378,7.853252576921203
10,1.9397108070005449,2.019552396573986,2.164750496750831,2.53688782245982,4.010518721982881,1.5118574018265196,2.1128904328931104,2.731093803805398,2.1954642961882307,4.270725221740843,-0.0,1.973678176324787,1.7382310699383021,2.537809952576326,3.4826792220943443,1.4643247935671895,1.7483061182946458,1.6901705838786896,2.5774998666572873,3.866697929467164,1.7721580468811695,2.6100147976188874,3.1509503945050583,3.105510307745718,2.209137950283149,3.08801627886351,3.3022242102744164,3.4712446559990777,2.9335533271858965,1.6388276112756481,1.800026515336524,2.7722505264514328,2.639665846491741,4.778700333329951,4.934819909348035,4.004545631179671,4.16242690740309,2.6941516478108385,3.2666811149806207,3.488756678471563,3.7315839163267834,3.317201801544006,4.289888175051644,3.8973218131487495,3.515295750683834,16.590819981610366,13.992853323660183,24.861599686811626,22.79953635334707,5.358933681345711,2.855378301270516,4.850709305879349,4.539453836766311,5.183810588531269,9.083478818986315,4.3594556424972355,3.799708938274878,6.81478922026694,5.137732701686594,10.202743950270378,5.420109193081439,6.6513160675254275
11,2.295808207731995,2.23244144114515,1.9042357204956104,1.4023593821884206,3.996928698402233,2.293175607978895,1.3906374035321243,2.4285903581167867,2.146223791045408,4.163311046301739,1.973678176324787,-0.0,2.1870622627009033,2.5233551467979254,3.5061270082653255,2.680365882538503,1.5062991756537385,2.1664394637589153,2.7600869024286823,3.614927343041956,2.093530140566946,2.755476585414389,3.2342290165352985,3.6997953682354963,1.990589636492206,3.568958650950292,3.775245243687545,3.619183111639386,2.8030849081661073,1.7408148803667196,2.428669885970631,3.131174111601554,3.3010761302626097,4.30057512713914,4.895365429597672,4.255785183718347,4.869901232224843,2.1877397859064605,3.5481594716825438,3.499122783403034,4.163513937888,3.5841122903625413,4.612807335305318,4.376363938744802,3.599514702188473,16.153441344509258,13.664736939054638,23.68107759521901,21.70121405065647,5.011510455356682,4.028281455320938,5.486645418158796,4.191423552754554,5.648264326304846,9.69629546543648,4.052181430617928,3.881377831508518,5.62868576478027,4.777175902130159,10.344352781643428,4.7457824466988425,6.178455180181107
12,2.538661014617612,2.349530759248705,2.046344374033648,2.0521959282354567,4.237820596423194,2.0189241849617083,2.2332750320562567,2.606647008825909,3.0846429310442454,6.166476787265832,1.7382310699383021,2.1870622627009033,-0.0,1.7206580360250212,5.167358413310884,1.3682284921988643,1.1428286420303573,1.4051516362907157,1.9941942342644035,4.522668300600554,0.9026779473363651,1.7800354628771007,2.9366968370533533,2.1366311150266633,2.8442517678557433,1.4273698678752642,2.1396148713875407,2.1191626886300985,2.1132703041888976,2.6883183829616057,1.376015941935386,1.8948605372628409,1.8826296820150845,2.8794613259857433,3.8288689859845038,3.046892601716178,2.8484158455977346,2.4177621961716893,1.976050633901384,2.196500091323119,2.35064689786427,2.021396344557513,2.282903543894815,2.6034852142567355,2.90600864283998,22.139213516131782,16.627389234586076,33.65556183765297,33.113746869695156,4.499775973413162,2.1126416921442237,2.9105244778555566,2.601588374475968,3.903520676699334,6.9814655260192335,2.50061920804146,4.410107643237773,7.819280849526179,5.586579566612727,9.546434595272894,6.25563159397506,6.478399670828063
13,3.6218346307354983,2.247639300489098,2.9258987177015747,1.9343786468249813,3.9579677896788654,3.4660950019196886,1.8556739479314572,3.0842025207357566,3.045084525536247,6.234991604299282,2.537809952576326,2.5233551467979254,1.7206580360250212,-0.0,5.900778938783926,2.7296820354451734,2.1190829901879606,2.2254077860736428,1.1496852837375584,5.347259804013186,1.954452283350369,0.8949704146952964,2.789627765538588,1.6309560930271587,3.1426093346407398,2.0245722709012335,1.0546031100650273,2.813982765763851,0.8788353924481087,3.3815856725638582,2.5678482816930988,1.7858196082046627,2.651085055822362,2.5978678123977343,3.1213701797467657,2.9313364302570495,2.306800786647781,2.7496071964527697,1.2376196292933541,1.7752811804433017,2.4851220806801164,1.4133271409998807,2.696377109475873,2.1890507467275966,1.909204818128719,21.170917127937038,18.713104576170096,30.998681773616266,29.83362304823637,4.373710055816498,3.500779600855308,2.5843100005910444,2.7958148279620385,3.4807776318217303,7.344198937392602,2.5983691756316585,4.649832308541453,7.948552700736898,5.197409360648374,12.249731223708734,5.388470058021514,5.017660558793547
14,3.672891802395299,4.389957394057627,4.026939342871725,4.714961246893601,5.06606212542938,3.7207522981458454,4.160429703677082,3.889668147901451,4.078539433035263,1.9150274203119204,3.4826792220943443,3.5061270082653255,5.167358413310884,5.900778938783926,-0.0,3.9887504334423234,4.099833454535801,4.844167099693737,5.943116956699685,2.8477580072543294,5.314136067100319,6.61392664197911,5.064356669000087,6.277093485536884,3.3470177385534914,7.040302951225231,7.73153273062432,6.4531825062147625,5.882674860087985,2.459946335303195,4.845943992912555,7.037418599074895,5.97051930257964,9.46991352741283,7.932641610371983,6.887589682772681,7.164038467354441,4.94554809231009,6.214874062863341,6.591419637172211,7.968962442898517,8.010034750974967,9.129931222923279,8.60758037112823,6.2727854862227685,11.031492353746687,9.621809785985691,18.541161471884784,16.682340314674775,6.607504705556117,5.416380747309567,10.179196228483715,8.796189269617646,8.878024322356657,13.028669036920862,6.13309859662403,5.202343759807004,5.520566962344097,6.145226107817371,8.263083197793891,5.830400012786496,8.011404390080648
15,1.964809277688443,2.1342946256360475,2.306943612108757,3.4351895142331976,4.916029600072009,1.5725260355923611,2.6018656621897573,2.6614837815804315,2.8700584037451264,5.49470699825602,1.4643247935671895,2.680365882538503,1.3682284921988643,2.7296820354451734,3.9887504334423234,-0.0,1.6170901417765962,1.7069863712975664,2.3358299091239414,3.7323348137694445,1.6156544690905477,2.6685555728032466,4.23310962201112,2.9747251503551793,2.365548178656604,2.5357223338951647,3.1990847155253226,3.6941177110633188,3.534423884510898,1.9876308621872851,1.138498771670775,3.1464954511139185,2.6269558748840094,5.0709814559114195,5.255208853428697,4.534406501634631,3.843807959574556,3.268847090031078,3.2300377507945703,3.704848485721717,3.7607679901997924,3.2542829892954495,3.7031450312737646,4.231939196820358,4.3041082582487284,19.05056078399815,14.166123770744854,28.19604392400898,26.486772490932307,5.622352348457839,3.196079575690259,4.290561159109685,4.401629223826644,5.526711429485712,8.64335969335867,3.8950788575763338,4.594886872419325,7.5725826546234405,6.5737887527717564,10.354515029394966,5.925158049208472,7.093334422574925
16,1.6416671334934236,1.7688560287546558,1.72458760453077,1.6093935106138217,3.7162371767842437,1.5937462547258534,1.6624583161526751,1.995962698452572,2.383883483250749,4.9605947147495915,1.7483061182946458,1.5062991756537385,1.1428286420303573,2.1190829901879606,4.099833454535801,1.6170901417765962,-0.0,1.448952696337101,2.1829124940065134,3.1845161331621332,1.2190241029571678,2.0872876140546226,2.834538475181586,2.3748877799759445,1.9584198779086537,2.1680381609642416,2.8851889621676827,2.646905172751779,2.682943998370058,1.8918482934277856,1.711560459319553,2.489480018714964,2.027826492972623,3.48629213286313,5.0148834448992075,4.352273511088715,3.4421392806659807,2.0276754604025817,2.6508247579374826,2.959175533023084,4.129720198505483,2.3384940570380746,3.382291696556028,3.528432031587824,3.7867420037118524,18.182662568230352,14.417018282384335,27.854731982767543,25.906858413386075,4.513264367513274,3.198279093441619,3.7414330985117017,3.330849995234504,4.350869032424625,8.253173510416207,3.2762127740189815,3.9166337020364863,6.782736086076257,5.502739629441423,10.589267841249143,5.148703195303883,6.704968621019771
17,2.1529515890240645,2.1796707846725516,2.590942876543964,2.001153121686972,4.380614653572909,1.6445666963372938,2.4350214134563988,2.4447304530180705,2.9793491009084088,5.731210548596484,1.6901705838786896,2.1664394637589153,1.4051516362907157,2.2254077860736428,4.844167099693737,1.7069863712975664,1.448952696337101,-0.0,2.7061583576443446,4.065142016424839,1.1426833360933601,2.28200302509135,3.0067454698798923,3.4924372420101877,2.445692586180813,2.2937708733626097,3.1742910323088864,2.25393219010556,2.206548985211002,2.4998393165895867,1.1197590754131175,2.8388283645370325,1.863347704109391,4.008244928892361,5.077359303287213,4.255939030762887,3.9305166059043195,2.436860444149045,3.118428032500947,3.2446027504252215,4.082517661956007,2.6131212056599877,3.212069511590711,3.9531369049784364,3.3645438807437844,20.248456808487457,14.78838226579534,28.957837287949342,27.279965283741006,5.316104350582176,2.893738338711256,4.078848618662938,2.9699023206653106,4.4972507844305945,8.362086362291228,3.5731990247522383,4.773904267764308,7.567417573849049,5.802513584013874,10.52572624812588,6.038902297649805,5.955981334091546
18,3.920682869166481,2.3419789554336963,2.9770505832885323,2.5607212756400557,4.440935860435331,3.8032512002877343,1.5755521062489473,3.15460213787898,2.699395067242297,6.629749102433846,2.5774998666572873,2.7600869024286823,1.9941942342644035,1.1496852837375584,5.943116956699685,2.3358299091239414,2.1829124940065134,2.7061583576443446,-0.0,5.015886318025001,2.487918342845498,1.0145293779514561,3.3984532248886024,1.7623716268011445,3.2851973211904673,2.601776615035583,2.0034756932872777,3.6384600217883936,1.4012593962226612,3.2133263559777787,2.316717668900398,2.1068764510454643,3.2637562638460933,3.017635397458677,3.883305973840147,3.5858590484975483,2.7823014705938793,3.0176901147340764,2.1062650565705394,2.35160971170718,3.2535125869415538,1.925992662471191,3.158107314400866,2.4121935456660832,2.4514707069087662,22.135792892030963,18.599977043188044,32.00290963978286,31.52455479921709,4.550383348149541,3.7759922299584803,2.9587842707521586,3.214285425081273,4.023062127118702,8.01116339170224,3.4289390032943285,4.714241600061168,8.062980209211677,5.324719524162642,11.249431186877667,5.697936242910631,5.704345762543293
19,2.819089897713322,4.3771918475813,4.290472307440136,4.652685194157732,6.326944582053479,3.2253299623036957,3.8946917982755505,4.340880912019825,3.876294379224851,3.757585083314355,3.866697929467164,3.614927343041956,4.522668300600554,5.347259804013186,2.8477580072543294,3.7323348137694445,3.1845161331621332,4.065142016424839,5.015886318025001,-0.0,4.3181252280246385,5.417991050714633,6.166153174382714,5.306100709221229,3.380696166258835,5.9745562220021435,7.031159555544272,6.891948883317555,5.837734007035335,2.4812696873187203,4.321183316924821,6.735638373635974,5.419440966356561,7.950689880419321,8.522085335257664,7.9478438534559395,6.969523606084997,4.88850028725394,5.653759470762219,6.095992027859467,7.760744091548685,6.181756020887185,7.416035081503032,7.49334736496253,6.946767580450443,13.87436286304935,11.919173678229624,22.22442821410531,20.23174697679608,6.408190556400702,5.952417575801655,8.370632015214367,7.487978499491107,7.866721556844272,12.681116589616604,6.717568906912337,6.129632591031482,6.542217991671935,7.413474527726265,10.186828682290539,5.754073648212309,9.619964635141171
20,2.4629109312146,2.7628571428021873,2.7216229875054267,2.147927726990815,4.445400794604158,1.8227063766681038,2.192755104275648,2.964721295085506,3.0045979206908577,6.0578946687111,1.7721580468811695,2.093530140566946,0.9026779473363651,1.954452283350369,5.314136067100319,1.6156544690905477,1.2190241029571678,1.1426833360933601,2.487918342845498,4.3181252280246385,-0.0,1.8664367123263454,2.866894776229064,2.8536181038608586,2.55944543005602,2.012585513311867,2.4310563789870083,2.722935717680007,2.2765582810046316,2.6933025887165623,1.3257956507767903,2.551392549362898,1.9332637740782688,3.3914891635355957,4.021267940023507,3.5030563633460705,3.6207684926955763,2.2528580782510534,2.5089876112461384,2.5761714051287,2.715771809618648,2.184574460885916,2.8633462883827203,3.2478354103544347,3.19497032670623,22.559040154094948,18.832075231428142,30.2620894365755,30.00763498122316,5.0888156021649555,2.7479273980499435,3.8051154799815436,3.108433924135628,4.664938904707099,7.569348024211728,3.5500901785623755,4.8690701201810995,7.813864851896912,5.573333624648414,11.138183202452066,5.910196808613043,6.7445509676608575
21,3.879504337832835,2.6077172159455086,3.3502379230845705,2.375939710528918,4.656755287864765,3.374508542079534,2.0452534370750484,3.6022897000158838,3.1069984974270652,7.216897074607412,2.6100147976188874,2.755476585414389,1.7800354628771007,0.8949704146952964,6.61392664197911,2.6685555728032466,2.0872876140546226,2.28200302509135,1.0145293779514561,5.417991050714633,1.8664367123263454,-0.0,2.9076815682524217,1.9119576595396863,3.6191152590002544,1.93287131937909,1.4597700183226665,2.520295856451663,1.0060223594805424,3.857430402160962,2.0753243416504215,1.8708152151642183,2.1357306874512503,2.5644008564102343,3.641179514595587,3.1111666157980316,1.9419724160213023,2.7234024958986196,1.6150095700663318,1.9689879298470536,2.904103238368246,1.4308160956749474,2.8594623274275435,2.4319181478790215,2.2006398702459187,24.525969798169623,20.328164314629916,33.69072783245923,33.77374671148126,4.75429076612472,3.76602722980863,2.495326404413838,2.9353277419686963,3.630072709039758,7.088342620000317,2.9357839020226515,5.1262538099822565,9.116794406407136,5.846644568424811,11.618058432166796,6.495058502374944,5.947662407900158
22,3.6612494726103733,3.270393293632782,1.8281289291784864,2.675600742477629,2.9588679090780245,3.8304846762784837,2.4924475111478324,2.0752305153444053,2.851708875175762,5.996890079756853,3.1509503945050583,3.2342290165352985,2.9366968370533533,2.789627765538588,5.064356669000087,4.23310962201112,2.834538475181586,3.0067454698798923,3.3984532248886024,6.166153174382714,2.866894776229064,2.9076815682524217,-0.0,2.119631888394244,4.027970079198342,3.243573934676547,3.4441661200120692,3.2858273186789324,2.75118395850049,3.6685504407530374,3.373582833957149,2.85349232653939,3.3899981699166424,4.502714518335867,4.779065222462313,3.577902436630022,3.087661537109477,1.3737427583015092,2.708725276359481,3.1428613453865677,4.076464088598019,2.9977722255206296,4.484989751163106,4.304735230941735,3.1811451311407715,20.234571944252536,13.04938145236037,24.069183728721345,23.241411800067596,4.565244517677005,3.2676595071803343,5.078363529110426,3.9174090751970114,4.987436009980041,8.61975834981201,3.9909502354489126,5.282869296838782,7.391688004995326,5.769187717656218,8.781064321754853,4.6198737521513555,5.616369392195623
23,4.2655831626646155,3.183221737866624,2.9363614488638716,3.0979096400064856,3.66155637279503,4.599060815987608,2.420886229114392,3.0320204560749446,2.9170825535114675,6.353116494369362,3.105510307745718,3.6997953682354963,2.1366311150266633,1.6309560930271587,6.277093485536884,2.9747251503551793,2.3748877799759445,3.4924372420101877,1.7623716268011445,5.306100709221229,2.8536181038608586,1.9119576595396863,2.119631888394244,-0.0,3.363950685335553,2.492552767940758,2.0112273803420293,3.341180065627861,1.980841224812457,3.096440480735217,3.153895328546637,2.0210676560878182,3.4193135118158224,3.072283555095654,3.359446787062868,2.868085437181688,2.4092761468196775,2.3611840208467516,1.757497777297573,2.004886018873989,2.922746265244604,1.649921205305538,2.816698062448185,2.3283725955115466,2.558914170726165,22.585877055637095,17.285117822774087,33.48722104850954,34.07431249311501,3.3027283193745864,3.0103905576953727,3.053703742140271,2.7465810285939622,3.8218828334948074,7.290843487964792,3.20938822613808,4.2269925042566525,8.317040222577754,5.080756605924064,8.466917029974208,5.8587257423507335,6.09733834324127
24,2.5180383617764646,2.9018341171221103,3.059844062026746,1.8759836550099738,4.337506454357509,2.514842547431835,2.5869822870226806,3.584956584351755,3.2770422013064935,4.2323327112021,2.209137950283149,1.990589636492206,2.8442517678557433,3.1426093346407398,3.3470177385534914,2.365548178656604,1.9584198779086537,2.445692586180813,3.2851973211904673,3.380696166258835,2.55944543005602,3.6191152590002544,4.027970079198342,3.363950685335553,-0.0,4.440588440249356,4.669831260746033,4.918912618165685,3.0799708045034007,1.7632742267004315,3.0091570036947424,4.460918820901462,3.9781870955438907,5.278554691618818,5.025044631715471,5.358141277838683,5.235427679966691,3.4965562348480463,3.465637062783109,3.6955451349675483,5.366675048358136,3.9337533173341694,5.335484998969129,4.899415310506581,3.895424932991247,16.442337232927468,11.197102740696742,24.161106160444753,22.462670864173035,3.855101077821027,3.7464374074588442,6.267085136068864,5.069625083352604,5.285409500347735,10.232335369880689,4.320083813652753,3.4536231083528626,5.956069016988896,4.177948375890094,8.17445711026433,4.258628200217564,5.662184441661252
25,3.977279553614071,3.2286646381728934,3.04656559578818,3.0176417119711387,5.289474532754618,3.4551018972220597,3.0650627379962914,3.4251521156355476,4.14918792035779,8.153887308207825,3.08801627886351,3.568958650950292,1.4273698678752642,2.0245722709012335,7.040302951225231,2.5357223338951647,2.1680381609642416,2.2937708733626097,2.601776615035583,5.9745562220021435,2.012585513311867,1.93287131937909,3.243573934676547,2.492552767940758,4.440588440249356,-0.0,2.05089397091274,1.2991008818601413,2.07785943678813,4.357576046049873,1.9956114427656486,2.247169202783502,1.6928280184125386,2.3028910458069625,4.2376837358478765,3.5729597540030276,2.448565192784265,2.8795575157852604,1.7623423345951637,2.167082795303574,3.3459599130806055,1.9173274121301047,1.8582073805872548,2.6744149858525232,3.047064092927431,26.015280302532567,20.031244259161756,36.138411642100436,35.65835258364214,5.366412720571015,2.705652797674368,2.204776269094567,2.4094192499690537,2.9383077323163413,7.192333914130091,2.1635444898156173,6.363634237968757,10.170354227900347,7.0033066314119035,11.754055449005268,7.4492376679924375,7.387851907280436
26,4.607833159051289,3.2819369930419784,3.62944002592255,3.2340978634765576,5.1930859522033055,4.3268694996693435,3.287784860558229,4.426498504948651,4.37801583593313,8.161244999836232,3.3022242102744164,3.775245243687545,2.1396148713875407,1.0546031100650273,7.73153273062432,3.1990847155253226,2.8851889621676827,3.1742910323088864,2.0034756932872777,7.031159555544272,2.4310563789870083,1.4597700183226665,3.4441661200120692,2.0112273803420293,4.669831260746033,2.05089397091274,-0.0,2.473727347856129,1.6655901680960143,4.762092155978155,3.2523322274910456,1.479911936286043,2.8162858641364568,2.7259793201677796,3.4625641274970755,2.7215544114128467,1.9894101560296102,3.4106840964606264,1.1443934377451308,1.508977001424344,2.815953622664221,1.404644592839027,2.8757359726808387,2.1095657324567214,2.625698985633905,26.671796729554206,23.14982914165329,36.80493036137179,36.89639283845705,5.253749726958075,4.198483907248576,1.8063111380823909,3.0387615243298156,3.1621127122028314,6.792195908759927,2.3827454707002915,6.02242285780852,10.664936376053106,6.524099622878665,13.545972711571629,7.230457998229417,7.0841514286533505
27,3.9826268769974846,3.473400159009549,2.940647479152824,2.8693955407177514,4.526667184874288,3.297723928751332,3.315892319261357,3.0327827723760437,4.314821693114053,7.838475777059906,3.4712446559990777,3.619183111639386,2.1191626886300985,2.813982765763851,6.4531825062147625,3.6941177110633188,2.646905172751779,2.25393219010556,3.6384600217883936,6.891948883317555,2.722935717680007,2.520295856451663,3.2858273186789324,3.341180065627861,4.918912618165685,1.2991008818601413,2.473727347856129,-0.0,2.376869889901536,4.802267097473386,2.5979065739822875,2.139321260025647,1.5132723187150734,2.4190208955172396,4.361882841926505,3.441004019672528,2.5549732250731654,2.962171597755394,2.085154609617799,2.485781696389415,3.695785291331248,2.2687693403023217,2.0319054540602757,3.369637933985841,2.572925951082422,22.311214884207647,17.064200307941018,30.918147328989804,29.244290501651527,5.637634101494789,2.3778940299556512,2.3521200458957647,2.0330182548858735,3.077948044007143,6.895404017730614,2.48490876964347,5.565323682205697,8.921886406953796,6.573085282300841,11.549602827729524,6.899587018224532,6.394188968373083
28,4.1249587903650795,2.775582052960773,3.4021531419775664,2.0255510467345914,3.721225233334493,3.519818995402694,2.22343512010831,3.742788078344763,3.480231037736259,6.486951736147969,2.9335533271858965,2.8030849081661073,2.1132703041888976,0.8788353924481087,5.882674860087985,3.534423884510898,2.682943998370058,2.206548985211002,1.4012593962226612,5.837734007035335,2.2765582810046316,1.0060223594805424,2.75118395850049,1.980841224812457,3.0799708045034007,2.07785943678813,1.6655901680960143,2.376869889901536,-0.0,3.738387468724103,2.5042342565064386,1.8248423389370445,2.6016122742307846,2.4331241378030826,3.0835852192647835,2.4147997026708263,1.8983806939369636,2.7316225347701844,1.2661515373910415,1.3789898498339275,2.4860951430971587,1.4860182412901908,2.1578598041658075,1.957745671325434,1.3756465627368029,21.24977766591952,16.49957674446543,31.07192381350647,29.71300957652777,4.108546924007923,2.7610539186165908,2.5630977678403615,1.976960425504463,2.8497494174114335,6.878116952347667,2.522679380586839,4.304081757194621,7.96318994567031,4.876656729771584,10.494650890008444,5.739491998636819,4.806798328558563
29,1.8581977833400731,2.6566842536351,2.1598427444270927,2.4857055466787052,3.8491558776719206,2.2649930450056015,2.4825108113696452,2.4636525656699675,2.6398568759151018,3.097989385672671,1.6388276112756481,1.7408148803667196,2.6883183829616057,3.3815856725638582,2.459946335303195,1.9876308621872851,1.8918482934277856,2.4998393165895867,3.2133263559777787,2.4812696873187203,2.6933025887165623,3.857430402160962,3.6685504407530374,3.096440480735217,1.7632742267004315,4.357576046049873,4.762092155978155,4.802267097473386,3.738387468724103,-0.0,2.900336962402704,4.289304942708121,4.0436801143367225,5.579639267028323,5.432406883036819,5.334165915921614,4.947874549758512,2.9110640886620454,3.880451527116827,4.220451995757839,5.088644249101902,4.163890622423232,5.333633646485395,5.1602563821119505,4.330354591933115,14.161002944313987,10.943405683077124,22.6556355422862,21.033333114765163,3.980239757539104,3.6397857973986296,6.213824905312296,5.10783088399286,5.815342798395524,9.742084455261008,4.673959811589739,3.3927943939188556,4.78674161246265,4.793572871850919,7.889954778872109,3.782693939430894,6.305089713691899
30,2.380810595077844,2.569000743374496,2.908692643227368,2.8200786064801715,4.490794508250674,1.6579717832520584,2.17539923554732,2.687105221837538,2.918889673241682,6.02316220152842,1.800026515336524,2.428669885970631,1.376015941935386,2.5678482816930988,4.845943992912555,1.138498771670775,1.711560459319553,1.1197590754131175,2.316717668900398,4.321183316924821,1.3257956507767903,2.0753243416504215,3.373582833957149,3.153895328546637,3.0091570036947424,1.9956114427656486,3.2523322274910456,2.5979065739822875,2.5042342565064386,2.900336962402704,-0.0,2.9453284090610534,1.9935304544552082,4.145023014118873,4.8252770464020065,4.036983014753675,3.197257245458834,2.632847587791145,2.9823905493608156,2.973210693044626,3.5587116376953363,2.8548089850538836,3.0647301886131033,3.9206146131786235,3.776003507844731,20.88884844510219,15.71251114093396,29.291455698640135,28.141604170684683,5.9865256391633945,2.871623447377767,3.9961733676035,3.300213526937705,4.998845511706088,8.177389421624161,3.7902072624754286,5.633095616734538,7.9403646076529695,6.345700181480956,10.305999297660117,6.20449410901143,7.23285066810472
31,3.9776671072790744,2.991371049880262,2.68707837405015,2.6288105060469236,4.473388915801113,3.4320940964563804,2.960088524336003,3.7984956897966096,3.832000063511121,7.600890414728249,2.7722505264514328,3.131174111601554,1.8948605372628409,1.7858196082046627,7.037418599074895,3.1464954511139185,2.489480018714964,2.8388283645370325,2.1068764510454643,6.735638373635974,2.551392549362898,1.8708152151642183,2.85349232653939,2.0210676560878182,4.460918820901462,2.247169202783502,1.479911936286043,2.139321260025647,1.8248423389370445,4.289304942708121,2.9453284090610534,-0.0,3.050416167587743,2.542203527031204,2.9516916954467542,2.0066530289064572,2.109484707863054,2.7429735427688176,2.2244589118050415,1.9149784130449494,2.637891060282002,1.6708789826331052,2.2801387158684374,2.0607207535697465,2.1751209580587125,26.392447593656115,22.48731297857349,36.66750295029896,37.09140610938999,4.776712052492924,3.0188141427497097,2.2823952782158416,2.4048085778817323,3.1619734306525253,6.199679416486521,3.050837614573698,5.275709358332724,9.69169649044241,5.614280612405899,12.29026431587292,6.799849369682284,7.337825969276151
32,3.1084393071423446,3.150127059979575,3.2053157224160165,2.8232965560732373,4.882899860407235,2.44745219057776,2.8855821188463686,3.679832062231811,3.640866697552769,7.195464417280257,2.639665846491741,3.3010761302626097,1.8826296820150845,2.651085055822362,5.97051930257964,2.6269558748840094,2.027826492972623,1.863347704109391,3.2637562638460933,5.419440966356561,1.9332637740782688,2.1357306874512503,3.3899981699166424,3.4193135118158224,3.9781870955438907,1.6928280184125386,2.8162858641364568,1.5132723187150734,2.6016122742307846,4.0436801143367225,1.9935304544552082,3.050416167587743,-0.0,3.0878653275538746,4.970468089424415,4.39538966218852,3.374613193774224,2.9261156563099404,2.595393536137245,3.1311379843215117,4.492079346514103,2.400155407882448,2.9324503236061665,3.656984734781939,3.357903176150792,22.575738171247217,17.348186815596943,31.134242612208137,29.689475187698147,5.750577727077306,3.2843308781627996,3.060446348943913,3.415990357743735,4.108532375169903,7.89040063594236,3.7134352224425435,5.528209409561304,9.400418663310669,6.8232573660334275,11.971084402646557,7.237084860832751,6.8898078030106955
33,5.792287430394282,4.8660232267003005,4.323036364544422,3.477687924082771,6.265544929399549,5.470894008905377,4.0550812999712385,5.555887787404137,5.12954108281315,9.469832082567551,4.778700333329951,4.30057512713914,2.8794613259857433,2.5978678123977343,9.46991352741283,5.0709814559114195,3.48629213286313,4.008244928892361,3.017635397458677,7.950689880419321,3.3914891635355957,2.5644008564102343,4.502714518335867,3.072283555095654,5.278554691618818,2.3028910458069625,2.7259793201677796,2.4190208955172396,2.4331241378030826,5.579639267028323,4.145023014118873,2.542203527031204,3.0878653275538746,-0.0,3.274826359291491,2.6076375197363717,2.5026157387726746,3.8534334055508483,1.9113880234743268,1.7432836242687633,2.5657385354237072,2.051051950355561,1.3172785413103834,1.6198901847886082,2.5459103212563443,28.315460978183367,21.867385739209826,39.71372948229366,41.808570025035635,4.207368329692675,3.22200000182496,2.1140159002474777,1.3077696334691706,2.7029666516210065,5.845843304177376,3.403494780655351,6.521708827243878,10.803491866218561,6.803613175510702,8.322954875423282,8.915203778291357,8.432382612827064
34,5.349402428004329,4.765302212641293,4.564674393877674,3.9573216088285554,3.791615121794591,5.444533351343652,4.6250785294112795,6.002734550248984,5.437782937161303,6.709461276480198,4.934819909348035,4.895365429597672,3.8288689859845038,3.1213701797467657,7.932641610371983,5.255208853428697,5.0148834448992075,5.077359303287213,3.883305973840147,8.522085335257664,4.021267940023507,3.641179514595587,4.779065222462313,3.359446787062868,5.025044631715471,4.2376837358478765,3.4625641274970755,4.361882841926505,3.0835852192647835,5.432406883036819,4.8252770464020065,2.9516916954467542,4.970468089424415,3.274826359291491,-0.0,1.5885801087682943,3.0366266640303206,4.824407376224663,2.667231177078531,2.4963590070136434,2.9481387336932388,2.9206568839659406,3.064205377587237,2.522545603911214,1.9285487214289885,15.24689012132986,15.359385016619346,24.52364343058093,23.523281572301602,3.127916227348943,3.1463432288564923,4.2908864753692395,2.713441333441137,3.359402642110142,4.746341837888391,3.006554126399998,5.356382997182761,7.123179718086828,3.8046714400331405,9.927060785815168,4.92944892178542,5.192502930643541
