,0,1,2,3,4,5,6,7,8,9,10,11,12,13,14,15,16,17,18,19,20,21,22,23,24,25,26,27,28,29,30,31,32,33,34,35,36,37,38,39,40,41,42,43,44,45,46,47,48,49,50,51,52,53,54,55,56,57,58,59,60,61,62,63,64,65,66,67,68,69,70,71,72,73,74,75,76,77,78,79,80,81
0,-0.0,5.686795338919258,5.01994081655822,5.652634200702846,5.704554465170832,9.476747860583677,11.915191617742629,9.2917867636282,8.229752867659943,17.857608718965654,6.911173423417822,12.791496087207985,11.931301778073525,14.46331373319868,6.156590269086206,9.82668025530294,7.528808484562991,11.87031134429016,5.786435290330626,10.623489459396367,14.562774340580132,14.420430437087218,13.269290779242437,15.414643436545601,9.74196891901172,8.48502354522442,5.313479174805636,5.573671298345761,6.9993713405252445,5.06907987799273,7.225762391754167,10.592308556300651,7.398463885288211,9.064234222859215,5.713442533159747,4.830373749996633,5.566998485604444,5.167067724751017,4.582411776723121,7.912511552127175,8.859608092330605,13.481686909972407,17.899676473328526,18.38271709797322,17.135113700429848,21.3188434343172,48.835831430993025,22.846912908735426,13.634205089689825,9.372646103055017,8.735988055526011,8.231936346378006,9.607206140044298,14.318284837586704,7.841759818414415,10.346863596905973,5.852002439628863,7.5927626828344374,5.70353193276406,6.242126876269812,7.412772314599919,5.819182057816511,12.16931813125375,9.766656100306726,10.67146672881856,6.242647860865157,6.304038346753196,7.162443512733509,7.016176334290595,7.2981501865534915,5.469844783497686,7.2729060154313885,8.243082123910469,6.597864034825568,7.402480376271929,4.939308066418184,7.060564566279777,7.190763746700191,8.731250761126772,8.154732453022918,8.311493589121799,7.955957644970829
1,5.686795338919258,-0.0,1.728075080051174,1.676787978088492,4.131257676637552,7.092582902035671,8.856818670283948,8.75321772560218,7.265966243469976,17.51163211927202,7.22054925919558,10.97711981374479,9.911134095617479,12.094005696434044,4.933536607785643,6.8881077572678135,5.560133730304025,8.365888826619743,6.7135947269956695,8.765444600711092,12.513004236493288,12.804068703444717,11.564241486209468,14.0141680668316,10.877141460126314,7.8158537927713345,5.12135510107573,2.737683371936798,5.2105385777259725,2.965170581282906,5.31829561886433,7.822010720873664,8.363711046367099,9.460437287435056,2.9517254521718144,2.9953450546542912,2.372419963871,2.1544858343648823,2.210587288033705,4.688349038396104,7.38659805787826,12.263506558203396,15.169943481540171,17.258113970514476,17.135908679337245,20.910617450566168,40.85764504645313,21.23843548281125,16.197606786829045,12.459907466251211,7.819994203047282,8.383391248412478,7.645107251367057,12.011155934754076,4.68239149964887,6.336886777846524,2.989104308100059,3.396316335858129,4.938869712155787,3.521100921865333,2.904610616055628,3.029514408285828,11.742727384147269,10.778191397994249,7.658719386119985,3.5939851292432152,4.5832721717534355,5.907864442565271,3.55952788793197,4.1678703545705895,1.9756185118340368,3.8737544445422722,3.196960335330949,2.9561314842958923,2.5798844982069546,2.081235963820224,3.2907855676255258,4.16891854027489,4.313191168029065,4.494529208507871,4.249836080941167,4.328896229782408
2,5.01994081655822,1.728075080051174,-0.0,1.4230293531815612,3.923359929897671,7.046252899539537,7.662597949546241,7.315824407817327,5.734867552678773,16.372513028666763,6.177247378467348,11.544525834487715,8.39249362294784,10.52648069952892,3.9585171106270582,5.484240730061717,3.963297368635022,6.804607513766641,6.487533008676313,7.724326980900558,10.675780927918934,10.878597612721686,9.334388276260517,12.035563063558808,10.38053014773849,6.978336911581226,3.354174094094812,2.0609130204155828,4.870502400995777,2.239763592526892,4.475728003756317,7.317087941250009,7.017026088893673,10.0382134235909,2.478502385802428,2.658825537595652,2.069403342115988,2.4355280774144314,2.352408456388293,4.58827212312632,6.233145642421455,11.946653621314887,13.418863136292735,19.745697337033228,18.014356848161594,24.848037560638748,43.13319661761097,17.764019705547057,15.873781374558467,10.588288358963663,8.246250468496305,6.13615461281509,5.70579414241353,10.597172972566552,5.420347081465729,5.98574054062271,2.1468936549598223,3.8958723872471124,4.218785178733565,3.4864827191873173,4.09106569931616,3.271500702317112,10.6171550948946,10.68908432189491,7.687640665209821,3.710338152231823,5.301115503654061,5.803666690719621,3.6546913466693907,4.710979359736102,3.482895666865807,5.294110310557547,5.411922702465401,4.716370529259673,3.848371284930063,3.211437153888088,4.020993451027069,5.293771447096668,4.289983371795862,5.772810673252575,5.04142037203451,5.070502877682473
3,5.652634200702846,1.676787978088492,1.4230293531815612,-0.0,3.068670576162662,5.784010188034179,6.8350849159476255,5.05787087495069,6.929673213896857,16.806676387664485,5.202454372086805,12.342097095263325,11.2940352595322,12.217709704766287,5.061221421768378,4.892293981750138,5.280387239519485,5.83721362594347,5.478149918429639,9.366941101086638,9.351611214015273,13.379840001740517,11.694893949039157,14.35485283715439,12.311720150251785,8.15663154450888,3.830987485287152,1.608870761995952,3.465428463225808,1.760895961196733,3.423184063694822,6.17750978590088,5.540982778281638,11.582030265324933,2.3416177921324297,2.422154244355906,1.7553422336476232,1.7980950990845697,1.7713007712093576,3.6067674358363244,6.9216413365341625,12.137562642897102,12.394432307624395,18.10043615408074,16.803371742427306,22.991951418445378,39.91884957331174,17.814071010082596,15.843596272890878,12.222488240877999,8.569219608641719,8.531035727508286,7.156750241765097,9.618077223958432,6.061650473199092,4.400026300678646,1.9674442030995063,3.321083578857044,3.676434017877309,3.6673432186135946,2.9063269581614333,2.7805954060761637,7.961312213994659,10.773019168645307,5.955808598001954,4.445535893029764,5.0031010427013625,4.54267490583529,3.7661710153051264,4.658867603279813,3.4333492036189917,4.490417260076606,4.217509480937212,4.394601367893129,3.112313759764255,2.4385779477859266,3.593688335511235,5.343511589391818,4.503580499066733,6.011620252671555,6.115177506963771,6.300116666764712
4,5.704554465170832,4.131257676637552,3.923359929897671,3.068670576162662,-0.0,2.552351514999394,3.9726603483776555,4.538889880338248,2.892479178060848,16.633455932831364,2.991399764341467,7.23599344181531,6.499166054055722,7.788159683787421,2.330957418814357,2.5887397707942306,2.161417253742098,3.725902003085134,2.041059671972931,4.96985168138147,6.171924682743934,8.477144017742667,7.714924230651035,9.42383662106086,7.638339525469707,3.8092301099634702,2.852123658382888,1.7310806788871758,1.2796043832583202,1.5847593549005468,1.2832606224830487,3.18474724731735,3.856496157017553,6.633592942148903,1.955937853197654,2.030900589562888,3.5175129578963786,2.9863329531942617,3.2634169789474448,1.4616934916321944,3.6794759310919125,7.040087925839542,8.233708600212067,9.276289235366555,8.727686148643118,13.633252200538644,23.53516399847398,12.793556660619638,9.823647677128344,8.164665495949878,4.761900068737253,4.287074534361785,3.561310533783277,5.872345900264367,3.139290467523001,2.6068245281703932,2.800568975347924,2.4815342208344178,2.766104244075291,6.198983387164785,3.2372932896307223,1.3093850155006026,5.4630996765220745,6.821595790132168,3.7204423011735446,1.9197671320548522,2.7090696273950585,2.4377790687483296,1.7496356975850647,2.2404775679425435,5.572644070061335,5.658033674815554,5.160819143977622,4.744491972172786,4.278039018578036,2.919084091078189,6.237274358035289,7.959371835573427,7.587882221308774,8.451669584798022,8.77403321112578,7.831830819579459
5,9.476747860583677,7.092582902035671,7.046252899539537,5.784010188034179,2.552351514999394,-0.0,1.5005504924141966,3.807248953060879,1.3705835445921941,15.534849994835513,2.8550415894262033,3.5213930333234384,3.6866413444907287,4.579258531981158,3.2035776504342928,1.5104721185148906,2.009785637400264,1.4998608874439288,1.7918230462176818,2.0686015706034695,3.746312836377005,5.237911970071987,4.581086342350614,6.506120598459728,5.961511861838511,1.7870324776645514,5.512063004262526,4.080688690718927,2.4211472473268496,3.4432604769210204,1.599119066054129,1.3188837762217147,3.019462646923341,5.009235106866646,4.083331002649265,4.401890653251374,5.9706394675986525,5.896127367716514,5.811384511748609,2.0688260947078874,1.5525427137194554,4.81777066037556,5.065616118611503,8.09064123854887,7.7895770675672305,12.65362417622106,23.390205377189723,9.212919967152603,9.245147515506565,7.306064651458101,3.414730859774125,3.1300633398040403,2.0827984410849103,2.7184292713883313,2.962303461300629,1.8021393611216676,5.519899473493242,3.376681108729811,5.03522725997909,8.205338181104539,4.2435874161700395,2.5743865929472425,3.507602325128609,4.793239914984432,1.8658655308937093,2.9814489611904085,3.1018338652292754,2.284346760028654,3.0858826831604804,2.4299801413945867,9.16184185128544,8.319082038966123,6.479918265747069,7.515608973374121,6.529801871490842,6.027449969196844,8.557817848347257,10.308756824361126,9.980285201923657,11.670295528442365,12.652606831005663,11.93986513880282
6,11.915191617742629,8.856818670283948,7.662597949546241,6.8350849159476255,3.9726603483776555,1.5005504924141966,-0.0,4.122021630889385,2.2862438461235133,16.091942783092584,2.9975375095814174,2.985602674945183,2.4157173136216055,3.651695810161229,3.613496059924031,2.1283147096515767,2.6612741714744117,1.7459000376804843,2.9075468167259895,1.554849184181388,2.9848359508700892,3.9261370140313283,3.1327519041118883,5.360468478552757,4.767636582078602,1.5410767286916223,6.527785606591862,4.741329155359267,3.574306550858972,4.212952571479371,2.6175819161075706,1.1868322256494481,3.4649586964009966,3.8193403410970665,5.021325757011693,5.42332086369652,6.723774224008691,7.151343789636587,6.817229966589383,3.092451362646197,1.341615929437352,3.7127166142874675,4.178124586123222,8.424085110672056,7.571150549495678,13.065548851336342,26.111992938430625,7.949507619694797,8.941239093875238,5.151375214874005,3.3311267823724346,3.0296853064021594,1.8643739693784884,2.0913058557807473,3.0330302855244775,2.79050329642797,6.4905390563667975,4.080763040958908,6.513028368798395,9.191562794945824,5.471464813257614,3.621761503440781,2.4871879299692656,3.253729537708475,1.8741785415006267,3.826173049960394,3.904014484740173,3.244736430126563,4.407772764248704,3.525708972123292,10.870760782169738,9.93241931678521,8.919544077337621,9.508563465775708,8.255772774532403,8.09459555113181,9.37489843629008,11.853008065719187,11.165838054122396,13.943137101131432,14.703203180570922,14.308392390927198
7,9.2917867636282,8.75321772560218,7.315824407817327,5.05787087495069,4.538889880338248,3.807248953060879,4.122021630889385,-0.0,4.968692727786534,16.23692175046804,3.1478240873025087,6.456576205992948,6.471863587983053,7.057524998038839,4.139471089064924,3.354902007632579,3.5824755674216813,3.1938300814528873,3.4963492351348293,4.662456576328286,5.835538451055131,7.777234543404917,6.426664246524614,8.811712036276996,7.225097544795375,4.357389374016647,6.566430992122832,4.734691113470002,3.1891794100620268,4.964776386975023,3.282694429005741,2.8730112109598354,1.8002350688240931,6.91974597523497,5.855644787593603,4.925189610127116,5.322466811978587,6.756796822208895,7.205137871693785,3.3733112277847157,3.6474826308826995,6.875152119247827,7.598971999151415,11.558663757077316,11.750381442285597,16.590521211139045,33.497785175755986,13.483238605172792,11.531939016421626,9.092887363819804,2.9095941757936377,5.516305209780571,4.519306262280187,5.985548866161718,3.750757839097664,4.519418603739967,5.2025557118726615,5.70124939424626,4.618654873003133,8.96622919405416,6.289645945945176,4.678030008576941,3.005279673876385,4.397595469146254,2.7154532631500605,3.86747750671204,3.7909446821650272,3.502304901896714,4.650123772809287,4.069494999097329,9.13081844977979,7.728859455654741,8.233953097749655,7.569292297457192,6.125390672619344,5.900635257687672,9.934749611322433,12.174407979107968,10.715390260926151,13.2429413742188,14.041579549408985,12.137377050998968
8,8.229752867659943,7.265966243469976,5.734867552678773,6.929673213896857,2.892479178060848,1.3705835445921941,2.2862438461235133,4.968692727786534,-0.0,17.09148157090128,2.241062564252417,3.728496454984498,2.7104382934165634,4.5106577452488645,2.0373634869754262,1.4688418680683275,1.3197289350864838,1.9495331892010996,1.4325508780745446,1.9148184289637238,4.1515794008579725,4.677091059947825,4.125924913370998,5.95095229894229,5.592143884748713,1.405938998373947,4.004526734381476,4.242566055896315,3.101131869719886,3.9630499496818423,2.0785113481378645,1.9123704140233277,2.9081759243799907,5.609184511966465,3.7547467115714723,3.454601229060247,5.772790821643297,4.049478732892093,4.658719294138496,2.817235455589428,1.667012892877732,5.462577692843497,6.791885980823777,10.462455434987842,10.007713600589515,14.972987206876317,31.85013583334502,11.546873801426381,9.839234489966401,7.78858819204929,3.1739082594197523,2.8048029373096863,1.6552815079608336,3.884969519376214,2.2875173995638716,2.851967152788858,5.073432495721651,4.973213283475623,4.304135830688768,9.426589117793977,6.308493563477854,3.575348326649368,3.1898039605746464,4.5308548397131725,2.2983177721097667,3.0373628267566812,3.2846450436692676,3.374041706024471,3.786726900825202,3.6342889607526643,8.668339003507109,9.365248741125829,6.36772266438984,9.391103026923547,8.189578934777678,6.304190905890669,10.44145043438703,12.037259504312914,11.019520690377664,11.305236358217496,12.024364436933224,11.004172273847134
9,17.857608718965654,17.51163211927202,16.372513028666763,16.806676387664485,16.633455932831364,15.534849994835513,16.091942783092584,16.23692175046804,17.09148157090128,-0.0,18.343564633914205,16.07444512125588,13.596544326419561,16.64099628666411,17.730968129688826,16.943274169782118,16.363526431775252,14.500309479021796,16.02269780930324,17.890854903618152,19.072117054159072,17.587756714861886,18.384259928954755,20.708002080385803,18.495085080059482,17.258102920064566,18.08287041199262,15.008775234564363,15.752384478697449,16.04935834899606,15.723649327692383,16.91485442716352,15.692492527183513,17.103235650095527,17.98792335712237,15.79854453075906,16.102852370309627,15.86821174657466,16.688403397693705,16.618621770046552,18.08881258053133,19.14861402986333,16.185252872095504,23.404981967793635,23.00352135713796,25.138093776566365,43.871527957930255,25.01347268273726,28.70125117248855,20.004511807950454,20.18030092341533,17.05563400094528,14.82862490107409,17.38738292098963,18.093478515570602,18.44247776044959,18.281555076148607,16.267192928319588,20.64646913152592,22.23815552542297,17.508001995268224,15.671229818167864,18.236153093496146,20.00276778317692,20.28273288573724,17.95033500278422,16.66214676707762,16.37192264038459,18.713677544611205,17.372516303026295,19.29597921809853,19.86955177024343,17.09156624721785,18.49951452609515,18.14813249135313,16.2730305393062,19.615859669443115,20.606074295139642,20.43004944299413,20.80091700024579,21.80599109840702,20.349347811399795
10,6.911173423417822,7.22054925919558,6.177247378467348,5.202454372086805,2.991399764341467,2.8550415894262033,2.9975375095814174,3.1478240873025087,2.241062564252417,18.343564633914205,-0.0,5.725361613336635,5.916940649139123,5.9645815868170855,1.6527875415194833,2.401813783226605,1.9035305618989786,3.0348008868758023,1.9351949437517524,3.8742800771441255,4.246091482373032,6.790887961590568,5.999712140625245,7.528492272167635,4.135148442061518,2.7092975098693293,3.894540953462781,3.7421419745481117,3.0104851886879813,3.7481549704905883,2.937048358760887,2.3614212921019813,1.6772730995105751,5.226852341766404,3.8170078472413387,3.6111889756324436,4.88207447148936,5.490707390666421,5.615264191272212,2.9547984948282595,2.9409318635784727,6.317710670082226,7.093929281788383,11.294940090316715,9.875025621990043,16.374034857823077,35.333925977694285,10.453213586971609,8.548915217150205,6.04757324265725,3.489318465817219,2.489857710994752,2.5989405007895794,4.486340047344964,2.644109337909956,3.8866895825570933,4.695327454500237,5.095332826941642,4.056821583372404,7.929472913243033,6.182494041646263,3.872406854077048,3.593934909755965,4.5906758145054685,2.6361628197584692,2.6245564934330576,3.8566136683548744,3.608730362383076,4.183668611981465,3.7198562097832326,7.374609737655368,8.097490983054154,8.628557694713914,7.941172195558616,7.018065212956081,5.839047107579707,9.44373658243099,9.75040061142591,10.429186197179758,11.29877506230694,12.365404532496015,11.841750987608966
11,12.791496087207985,10.97711981374479,11.544525834487715,12.342097095263325,7.23599344181531,3.5213930333234384,2.985602674945183,6.456576205992948,3.728496454984498,16.07444512125588,5.725361613336635,-0.0,3.3801026217987244,2.7549807058303246,5.181310913061701,5.0107216943597646,5.298281874104574,4.706981213688721,4.8334169057413625,1.681463691750141,2.0623204363546264,2.5555201859919685,3.8631677232128374,4.298816906090981,3.1912954902016564,2.4090481457062554,6.253052893224306,8.62083945232059,6.519428191765507,8.263473275213554,5.610457250832336,2.9103099758584374,5.528284790247096,3.412498503462018,7.218052958155439,6.271969944046889,8.438332507978457,9.400732462585925,9.283930789077617,5.377355844771695,3.1515757751562403,3.063316548555127,5.463943173389922,10.15821995692133,8.627751705944066,13.370247525767102,40.30401541830725,9.313784772421782,7.746983314333027,4.1329294434031905,3.9436586544205574,3.6393916490039766,4.479988000919867,1.5188966653858904,5.008873842783869,5.437099652903937,10.198989482133664,7.4806435979059325,7.321449841192437,13.205661677527104,8.928299517950652,6.360505740685377,2.6915742875948836,2.2298654240988287,3.477228298441336,5.913424787313659,6.363936360296793,6.08656457418667,7.53055735167751,5.824109538871262,12.675272399635666,15.618333529843152,11.997189526352983,14.705432983752596,12.993811591375334,11.013135865046715,14.944148895851962,13.148811938937968,14.022395674245637,13.50700820279094,15.221448966083429,15.340388500512843
12,11.931301778073525,9.911134095617479,8.39249362294784,11.2940352595322,6.499166054055722,3.6866413444907287,2.4157173136216055,6.471863587983053,2.7104382934165634,13.596544326419561,5.916940649139123,3.3801026217987244,-0.0,2.6702658527919922,4.775959935126278,3.676043020346377,3.4536368122770726,2.699565893957678,4.770178552965696,2.3279260408003095,4.8869110848944946,2.677977024035941,2.163626689665246,4.313169101231531,4.626512025425345,1.917977515824591,8.625406375747408,7.561199799008238,7.372738376276151,7.310708902336969,5.538101006587355,3.83934257431918,5.499159238709584,3.5737095009903683,6.7344164935717306,6.252923844089987,8.615081978463788,6.475194751996104,7.172062541587248,5.9099075622236805,2.61023011447412,3.3438862360022097,3.5670676647255872,6.688306245741704,6.531765393749741,11.464484300735394,24.775518185935024,8.338523450856052,7.9831706589507725,5.582497782580298,3.468092791497468,3.0205345274414954,2.368669799628666,2.179119600227994,4.781915405365496,5.450168432589648,8.486037727514189,7.659352561369385,7.663320360000289,13.617749444664277,9.379974369723978,6.305321335277619,3.7209957371478803,2.9120580918710544,3.824338819673619,5.226685991836338,5.931881053805974,5.440483325771956,5.4611905318916465,4.714687216132518,12.231157163923552,14.158604129602221,9.142362834822821,13.646190235742212,12.186181943180951,9.877041769689844,14.103784729237491,16.4216899780918,13.907611582893585,15.066394626075212,14.571800038521607,13.577628225390917
13,14.46331373319868,12.094005696434044,10.52648069952892,12.217709704766287,7.788159683787421,4.579258531981158,3.651695810161229,7.057524998038839,4.5106577452488645,16.64099628666411,5.9645815868170855,2.7549807058303246,2.6702658527919922,-0.0,5.287443656898994,4.8643526227333025,4.651035646068866,4.1564062533138895,6.415611467899928,3.271154389328621,4.559799171792961,1.0672951109671875,2.209226455847474,1.8926228417216309,2.80138495415642,3.1689308988949434,10.035606942418807,8.127932591835735,7.934951298027139,7.857703300298731,6.238471308638162,4.237432900258464,6.058098312343272,3.2081191249248984,7.6703116487043665,7.797946672289559,9.70472183636051,8.949836363352093,9.076968678752861,6.293170182581288,4.12882647452428,1.6083339745322056,2.5459774216259974,4.93667135790806,4.141396225512248,9.080101469561306,24.206527732378017,5.728034681202494,4.9087058588803405,3.9764077740806822,3.9948997097047023,3.51370574288829,3.731919409546952,2.255949213484769,5.5218711666218185,6.17986133903683,9.628932755458534,8.066491591258396,9.60549758060856,14.211226979970327,9.813121693932574,6.9893813240634515,4.003379824204705,2.562450070812802,4.299963309468141,6.302297683838721,7.238389160180491,6.853821889017338,7.9157758999847925,6.115660252945218,13.977074229613947,15.265387916466453,11.966077350165914,14.719596886990617,12.982098243990638,12.284179805378713,15.36583401424606,17.3225565213688,16.13796486327603,18.22711189832873,18.721609872871134,17.96719410629618
14,6.156590269086206,4.933536607785643,3.9585171106270582,5.061221421768378,2.330957418814357,3.2035776504342928,3.613496059924031,4.139471089064924,2.0373634869754262,17.730968129688826,1.6527875415194833,5.181310913061701,4.775959935126278,5.287443656898994,-0.0,2.2438139673807904,1.2007595793411805,3.4934384021061966,2.4958140501913757,3.155163759124844,5.036140300719384,5.378767362336435,5.183292835650496,6.383316771213641,4.580605679132614,2.887519469696943,2.1908140908797598,2.6350163668186224,2.2511745041243336,2.6193102339450527,2.055183243740991,2.715782335178986,3.1494848870042254,5.815669874154235,2.309065505650223,2.0712654890878146,3.4579081445225532,3.672417855657523,3.6549368149194827,2.1452298525746825,2.723069868533202,6.374590573732357,8.379513091987766,13.632288835070469,12.159592252790823,17.492340754928204,37.83680879100705,11.724337177909195,10.880165639691633,6.349930102481994,4.81921208827469,2.3629817309281362,2.3236198294092922,5.3994744184188725,1.8699723461223186,3.2745309227967754,3.531935498939737,3.6551607605867753,3.145680335301842,7.578602362217032,4.963980330504553,2.747106242045647,4.992384705326942,5.099611653649163,3.5731363766231925,1.576706207557392,2.7921154349579944,3.332269934808941,3.007295920255186,2.9676836337572547,6.389758427713242,8.774715981859622,7.410342550572197,8.114471828095926,6.7258222274210455,5.272363615747624,8.420263061506239,9.199258134756171,8.94244003775633,9.556577061605706,9.789396580641787,9.524241909522635
15,9.82668025530294,6.8881077572678135,5.484240730061717,4.892293981750138,2.5887397707942306,1.5104721185148906,2.1283147096515767,3.354902007632579,1.4688418680683275,16.943274169782118,2.401813783226605,5.0107216943597646,3.676043020346377,4.8643526227333025,2.2438139673807904,-0.0,1.1127256408121389,1.0670819187609413,1.8844430637822938,2.550482192070374,3.561277323807268,5.411616240119565,4.978499178095563,6.396739942378374,6.548515633823188,1.9109188111970856,4.462493181598333,2.9694934188644986,2.133736902105922,2.740286274766961,1.5783321295762813,2.10289551658333,3.033087564916349,5.135877461768146,3.3719079898295,3.6026875094272244,4.816572123347518,5.316330999909131,5.200989391276196,1.7098532559681523,1.7784017706055204,6.105766842357042,6.102029339582007,10.210184411562656,9.023736778690713,15.215623806694115,28.10867041994768,10.058951985001489,9.561053195555475,5.386159798375526,2.988863404638485,2.598628339464737,1.7356787924488981,3.4137291431697117,3.0755821006744313,2.779541059498149,4.831382548304823,3.8357524248568504,5.1997467712189,6.977904052189432,4.7053984977409815,2.892713367822043,4.421089733141319,5.552637720339097,2.1426166296689413,2.329421675023082,3.7036606388747066,2.7125897675197326,2.8886247786611334,3.0738099799325846,9.141736141414137,9.152280828773609,7.767793415668734,8.649923111982721,7.055466686013962,6.846224796187999,7.7967064910900525,10.265378763556129,9.000065294097668,11.91448652866447,12.078316337074176,12.003194013653196
16,7.528808484562991,5.560133730304025,3.963297368635022,5.280387239519485,2.161417253742098,2.009785637400264,2.6612741714744117,3.5824755674216813,1.3197289350864838,16.363526431775252,1.9035305618989786,5.298281874104574,3.4536368122770726,4.651035646068866,1.2007595793411805,1.1127256408121389,-0.0,2.2031420880118717,1.2267723979245673,2.8773732698752026,4.868390558907659,4.765761382475346,4.5095319798764795,5.896787487263596,5.356872501630943,2.1716884533094722,3.0680935482987657,2.874118175713405,2.224949252430553,2.9067938774864395,1.4704022544039599,2.183923121273373,2.763777515191107,5.006286757763874,2.6512851788337652,2.120175184401753,3.745314265307802,3.6144321508299413,3.8872153330079184,1.7935605528552694,1.7534894770121836,6.457705022598941,6.8226574286056865,11.344133354756774,10.141052869343552,16.95857458070133,32.96981315380711,10.47406590728499,9.778580713446841,6.350164316046099,3.5653723646891957,2.228458605529783,1.3934257877592124,4.411121193859341,1.7630224378972417,2.5684621352130685,3.6554566010281766,3.509069704864752,3.6284402460570253,7.958238434562585,4.772045265637378,2.533299762837323,4.077176960594146,4.45126369008126,2.645046358204504,1.5684623464242688,2.40428055594618,2.1739917837065184,2.2527699739472515,2.2893693406977973,7.20765232528572,8.914909527121731,6.848573816683307,8.398452060824262,6.752315984533718,5.626488227688786,8.829328320775145,10.450714670923134,8.878290026913366,10.544820645023124,10.250360685593574,9.741707605814602
17,11.87031134429016,8.365888826619743,6.804607513766641,5.83721362594347,3.725902003085134,1.4998608874439288,1.7459000376804843,3.1938300814528873,1.9495331892010996,14.500309479021796,3.0348008868758023,4.706981213688721,2.699565893957678,4.1564062533138895,3.4934384021061966,1.0670819187609413,2.2031420880118717,-0.0,3.0873499367485078,2.399089355512044,4.262045368584074,4.59883112565134,4.074588988647748,6.014230673069166,5.8816198688805015,2.0274569389450248,6.100905775413228,3.624588192561915,3.327622534641828,3.4801651401730473,2.2848497347863432,1.948734085254654,2.8012871464101337,4.561263520453537,4.253631291730718,4.705299944414716,6.196955635370664,6.253684163193667,6.039822835721569,2.4562528629766827,1.8703786307474106,5.17127031598853,4.760293289379853,9.086001478910024,8.430547466668749,14.792978089808598,26.943447364954437,8.880533971636826,9.335038050607197,6.722573583403012,2.828076521058135,2.860210379222088,1.2922893922024516,3.17942589170158,3.6973240406127688,2.4974988332295385,6.132763320418223,3.9574406065066885,6.557176445851756,7.98229115594944,4.932066211098914,3.2434708448875442,3.5611270107333426,4.426424488546576,2.014696203700922,3.295674301615416,3.8300249689760775,3.008648637894168,4.25398930143799,3.164711021025049,10.46588498783431,9.0128463842238,6.937471488419926,9.325054105064146,7.4748854926883075,7.7805293080000855,8.555831642939856,11.096449993566921,9.849173340288544,12.819940782798154,13.434548897326069,13.870648436926732
18,5.786435290330626,6.7135947269956695,6.487533008676313,5.478149918429639,2.041059671972931,1.7918230462176818,2.9075468167259895,3.4963492351348293,1.4325508780745446,16.02269780930324,1.9351949437517524,4.8334169057413625,4.770178552965696,6.415611467899928,2.4958140501913757,1.8844430637822938,1.2267723979245673,3.0873499367485078,-0.0,3.053726608077309,5.081734879614561,6.4396858945481785,5.789790753999029,7.703825231992046,5.145134408885262,2.0252744042356152,4.7847350267810675,3.6508645039062104,1.9791933971833677,3.993384991027355,1.5436077145999643,2.0170837143211884,2.5892555698125608,4.461932897447089,4.702859379995203,4.022419390885566,5.330844833569984,5.285568009613133,6.029582691823399,2.144231393373229,1.6902720378318434,5.985673363144317,7.917964821013224,9.076199675760128,8.50915663282598,12.771705926197738,28.812244666868036,12.636469405712925,8.831578205538268,5.984046492242133,3.341413513225182,2.6314983483076766,2.1418778146165565,4.7342365785227765,2.0126631331280165,3.161857918430264,4.338013125558949,4.304115413675002,3.6821439099293487,9.30761065012295,5.523578594602267,2.92671517428101,3.1953427750456824,3.473805159504812,2.7731541390741836,2.447429236568356,2.3102505157461555,2.1524785408120013,3.03099565564576,2.4800620446929864,7.264977378017817,8.064449160288733,8.055118545699974,6.315701502348775,5.916192555971991,4.538974795351186,10.112080861524696,11.546694621968735,10.945374946206954,11.910477384241274,12.167014858615847,9.400553444826114
19,10.623489459396367,8.765444600711092,7.724326980900558,9.366941101086638,4.96985168138147,2.0686015706034695,1.554849184181388,4.662456576328286,1.9148184289637238,17.890854903618152,3.8742800771441255,1.681463691750141,2.3279260408003095,3.271154389328621,3.155163759124844,2.550482192070374,2.8773732698752026,2.399089355512044,3.053726608077309,-0.0,2.2897675813005365,3.1081727959314542,3.0387054960255653,4.505014811487331,4.310052375733036,1.286039768550159,5.490256796798254,6.560681835435158,4.5858673005822235,5.631523773659621,3.560749673099593,1.709692554513485,4.131796898470104,3.881385785231227,5.109345985494003,5.113181268505501,6.235653232965858,6.46792616124052,6.644102245849008,3.7415184234183503,1.7803147565718251,3.0252630796138837,5.369106943302181,8.934502134553867,7.953500645672382,11.407602699239435,31.386452270874482,9.45995844944343,8.132102788656349,4.850683253031844,2.771567773542023,2.5315858866485996,2.4537811051484297,1.8353881187423315,3.2129424244107785,3.485051490004481,7.128422311748899,5.6847158488164,5.89217976649254,11.877531867932095,7.189136948407578,4.658293972400201,2.4884464660557333,2.8600871519019058,1.9837082868460407,4.1103729394165045,4.352193543258619,3.963730748737933,4.465207943857177,3.8374011294505346,10.466206942991587,12.544128438388622,9.035310302142612,12.038917184020267,10.234792697115282,8.887125165527902,12.612680546446336,14.252535816074301,12.752319331346962,13.361056410988281,14.421101279880338,13.507210417270112
20,14.562774340580132,12.513004236493288,10.675780927918934,9.351611214015273,6.171924682743934,3.746312836377005,2.9848359508700892,5.835538451055131,4.1515794008579725,19.072117054159072,4.246091482373032,2.0623204363546264,4.8869110848944946,4.559799171792961,5.036140300719384,3.561277323807268,4.868390558907659,4.262045368584074,5.081734879614561,2.2897675813005365,-0.0,4.119559340497219,4.329592784143498,5.8858892333609845,4.008336316670323,3.0799548088488193,6.9839877961613785,7.286108479211022,4.323546271631452,5.76857253919124,4.035368178847996,2.4305717737400525,4.433890680233455,5.203896794107746,7.389893097563403,7.979392762588121,8.316823314560654,10.075287377725177,9.627264945719686,4.505219717246673,3.3507256139108375,3.805792818166279,7.467473769494128,12.76915952700812,11.046237303106544,14.72984153089364,38.532076062969686,10.887419054922738,10.002421686166423,4.794384642978501,4.866197012785557,3.512442293023187,3.9903962669422928,2.8652355371550584,5.551076280826966,4.848120843327506,9.729114898401306,6.706948306542451,8.66085082774261,11.40137033199297,7.86643841519939,5.608848919095531,2.9950296316615628,3.714635734603883,3.656836672963707,6.1375543488379805,6.197544748072204,6.188745463708781,7.052661855782083,6.207886126500703,14.433670287675993,13.39079611230648,12.116966467316834,12.77257796337088,11.105468282013726,10.92128875582101,12.014154465938363,14.275307841956698,13.728655377474439,16.072686446228335,18.309933239964977,17.844004550808425
21,14.420430437087218,12.804068703444717,10.878597612721686,13.379840001740517,8.477144017742667,5.237911970071987,3.9261370140313283,7.777234543404917,4.677091059947825,17.587756714861886,6.790887961590568,2.5555201859919685,2.677977024035941,1.0672951109671875,5.378767362336435,5.411616240119565,4.765761382475346,4.59883112565134,6.4396858945481785,3.1081727959314542,4.119559340497219,-0.0,1.9766759252254573,1.3782573729703005,3.0452221169523654,3.1840292859691406,9.588242914350138,9.291400444728081,8.483865861205627,8.9873096734754,6.8354692456904385,4.767110020756695,6.700278790051653,3.5696016801968753,8.390990105243535,7.899154928662399,9.91733169449519,9.222178613155197,9.589687831630663,7.1558818110047175,4.302061822385336,1.5706704257079416,2.4879886992617064,5.345900596247939,4.356222881156298,9.744169601635624,27.0062843365498,5.673359621272281,4.88463963572119,3.3474408241670677,4.277307381963817,3.5115451059972824,4.110184406857707,2.3761859522218574,5.852562186520039,7.061283189333259,9.803228780856745,9.04243572505521,9.295877409820179,15.506690521253725,11.064945988149077,7.981657276691059,4.281651905590744,2.640499569761138,5.041251942398615,7.068459180993872,7.708012726636192,7.109103510063088,7.77538173191777,6.309032939135946,14.385878627369475,16.445000982858758,12.649430474992858,15.669083724113717,13.916285132727701,12.476110334294459,16.906250457421407,18.65637235852649,16.68180170683144,18.502734377615777,18.84542720117309,17.336944926218322
22,13.269290779242437,11.564241486209468,9.334388276260517,11.694893949039157,7.714924230651035,4.581086342350614,3.1327519041118883,6.426664246524614,4.125924913370998,18.384259928954755,5.999712140625245,3.8631677232128374,2.163626689665246,2.209226455847474,5.183292835650496,4.978499178095563,4.5095319798764795,4.074588988647748,5.789790753999029,3.0387054960255653,4.329592784143498,1.9766759252254573,-0.0,3.299814280259253,3.191504331958471,3.0484138828722855,9.21610742539934,8.850828966516895,7.779128997830671,8.317347238442004,6.320864530643727,4.245798734128905,5.7493609951928395,3.5030749014035907,7.852009078072885,7.313948487654092,8.669986467561523,8.212658249172122,8.346384152092451,6.6203589288204,3.9236597122397705,3.009561733098248,2.6893313916254327,7.888018568727993,6.312729186019165,12.477704930225363,28.441934575603913,6.146653050622788,7.3582330613566285,4.087332474267043,3.940620047279988,3.667778311735422,4.031310875510392,2.801502862318699,5.224296221149322,6.086748766573482,9.11141093162987,8.356871282232724,7.994511285922,14.577585289615948,10.15872745683615,7.453787749372485,3.372437540025884,2.208375612205108,3.958562065943387,6.661816665550767,7.2773143903142,6.352291350317934,6.70267461429881,5.875095997833839,13.663048049507964,15.336898092098389,12.109581345207326,14.743470767882483,13.375656706547964,10.759455131577475,14.795022014789277,17.437787144160698,15.16178283962729,16.907163482743137,16.66567425763743,16.024733913922216
23,15.414643436545601,14.0141680668316,12.035563063558808,14.35485283715439,9.42383662106086,6.506120598459728,5.360468478552757,8.811712036276996,5.95095229894229,20.708002080385803,7.528492272167635,4.298816906090981,4.313169101231531,1.8926228417216309,6.383316771213641,6.396739942378374,5.896787487263596,6.014230673069166,7.703825231992046,4.505014811487331,5.8858892333609845,1.3782573729703005,3.299814280259253,-0.0,3.3412215768668463,4.5398699517160335,11.217672476117123,10.510660324085165,9.770229722366507,9.818892984046277,8.004011183142998,5.8491129788984635,7.657831622385624,4.544983578053754,9.141455495372446,9.304851175374694,11.070888195872396,10.393701236403198,10.628252068631312,8.072970586331591,5.575959840756943,2.022872067547231,3.003442559259363,3.6451418555797774,2.527512637950206,7.4473093904176695,23.971445111918115,4.562873075048714,3.723133372322639,3.9709084878598317,4.771302117419279,4.418033508851745,5.424514226234542,3.562898357662099,6.9969089091207755,8.130830535701815,11.029624411302887,10.204454253103778,10.509236753345403,16.599485010075348,11.944652928969749,9.223009100992348,5.426763095467093,3.5344292907018926,5.898222669100955,8.278079680014107,9.550019694596665,8.651434109814511,8.979820443224463,7.808993916012316,15.455588203599877,17.681267845736873,14.19218137738277,17.12622815912046,15.18905102535936,13.968039982103155,18.200958907012158,20.232323799019472,18.236525805164128,20.179543884041863,20.544466487341207,19.18636222251156
24,9.74196891901172,10.877141460126314,10.38053014773849,12.311720150251785,7.638339525469707,5.961511861838511,4.767636582078602,7.225097544795375,5.592143884748713,18.495085080059482,4.135148442061518,3.1912954902016564,4.626512025425345,2.80138495415642,4.580605679132614,6.548515633823188,5.356872501630943,5.8816198688805015,5.145134408885262,4.310052375733036,4.008336316670323,3.0452221169523654,3.191504331958471,3.3412215768668463,-0.0,3.7649061857989357,9.140052247211294,7.9399589121904945,8.062656303851936,8.350398576772578,7.4256401024785,4.466508759727403,5.730918759378084,2.9061463098977884,7.337376472782004,7.633119160322106,9.464571178754655,9.566272323768464,9.08778878425311,7.42253264564762,5.070447058916403,3.4458393636755313,5.222276377608584,7.9274693745581,6.4786719258508025,10.991254397180061,33.21033068492636,8.127270722386188,5.0118595096104155,1.693558467403708,4.648087412368477,2.650963166955885,4.05929243042754,3.9938956921115456,4.898166682414317,7.808079803506101,9.307112698348222,9.814426261565453,9.310211179281623,15.065476104466175,11.863788573870782,7.230851737056672,4.207469354449623,3.589659810212546,5.666448088751715,5.111845708721519,6.424542332093525,6.7431261836819365,9.030355195009422,7.035452846632364,11.113294545295803,15.988242831957281,14.403322510578013,15.415613203737358,13.998313810508701,11.7036048023455,15.953605980267492,15.71274189481152,16.735463345247446,15.735672772722879,16.436734823406884,17.581407122480694
25,8.48502354522442,7.8158537927713345,6.978336911581226,8.15663154450888,3.8092301099634702,1.7870324776645514,1.5410767286916223,4.357389374016647,1.405938998373947,17.258102920064566,2.7092975098693293,2.4090481457062554,1.917977515824591,3.1689308988949434,2.887519469696943,1.9109188111970856,2.1716884533094722,2.0274569389450248,2.0252744042356152,1.286039768550159,3.0799548088488193,3.1840292859691406,3.0484138828722855,4.5398699517160335,3.7649061857989357,-0.0,5.734375557640259,5.1217528631050575,3.9059509037254676,4.781178147367291,2.92453541514609,1.6284349020922888,2.5978471251607353,3.2784185564331314,4.796336635350837,4.825821142988713,6.3263952895606685,5.242420944835085,5.64406695460659,3.426943644186956,1.581577573322885,3.4130550718087895,5.300228932893371,7.494730403783168,7.096056022420684,10.661291431871275,25.765337064940816,9.361586170673265,7.232811439268356,4.9144009585014015,2.2026734801825447,1.6383804424817874,1.5019656971106758,2.6581137861651234,3.1235660785010353,3.3958053739701697,6.119782237606551,5.3273628288505295,5.1520686125972075,10.843283353953932,6.814158826590636,4.082874160105813,2.793140963188792,3.0505835031821684,2.029034318288302,3.246629211737427,3.680727208849651,3.4392787656504735,4.165799278385625,3.4249095898079798,9.305945397868115,10.9761047821213,8.343062234134852,10.212748174266459,8.994567301610086,7.087558169614232,11.349472302079922,13.383673923663036,12.015211720677927,12.671101589370368,13.058716830115163,11.644438765905177
