,0,1,2,3,4,5,6,7,8,9,10,11,12,13,14,15,16,17,18,19,20,21,22,23,24,25,26,27,28,29,30,31,32,33,34,35,36,37,38,39,40,41,42,43,44,45,46,47,48,49,50,51,52,53,54,55,56,57,58,59,60,61,62,63,64,65,66,67,68,69,70,71,72,73,74,75,76,77,78,79,80,81
0,-0.0,17.53387009399962,23.460987576653125,23.80921670150405,19.672623071229793,14.526428057652153,14.664689687630359,22.083330421322955,11.653201319089465,14.684492212316192,13.950289342576482,15.812453742914409,16.533731034886802,10.60867666963656,2.965555545140124,17.621337416918866,18.848489704873515,15.551388406326698,17.38581548938127,16.844873620698223,9.667393052068608,12.542180283241233,11.46965878056371,10.341471894143607,12.849179459773813,11.37527487073281,15.084054721885076,16.634449001481364,18.756612405557217,17.97622451321306,15.278994338437586,12.204061385009105,13.545261875175683,20.84079890604435,15.649758602578224,19.510621404865912,27.92393919058945,16.67808291790893,19.73980628623871,14.5603277360994,11.111940072394225,9.664229380094028,11.244769205819027,8.728623381525969,7.92623679609086,6.275558618480824,9.352942525861783,8.429150150694978,7.231804687568836,12.289827797342538,12.345068211310618,14.647480366753411,15.161468662998224,10.327280110356924,18.775265828971616,13.58079940203428,13.337735888505634,9.596949057723801,2.8592431675912358,2.463345528125589,14.157074495238934,16.487836701286444,17.764099865083015,14.773333886162265,13.47030888277071,17.057021534140052,15.62830715747223,13.186688462597953,12.62164168392297,13.192576525292923,10.743887069585146,8.09775320764857,9.238010779933155,8.894781049195343,9.297376531673892,10.199379145090717,3.4988704744074943,2.3196072360547264,9.444501966407044,8.473424251128725,9.571791334588099,8.45935066945798
1,17.53387009399962,-0.0,8.093052396659896,7.135634763765992,7.772394466800744,4.987066263717458,5.081035119272068,22.200530132256258,5.195337266118853,5.136603243339887,3.224773778563862,4.037725939529527,6.479026457864864,5.451535970129502,14.884752131751515,5.937021170889888,5.628102666074287,6.330873641635331,5.8145864563588265,4.60599111739701,20.791986198730427,3.7142733395528524,6.492934907883411,6.608203640851885,4.6749367562419035,5.537036326447189,5.688470833475712,7.12497274000738,6.668924095757705,6.020784689776361,5.908716688366527,4.076469944950002,5.216285264144442,14.339768696592728,6.602868635042831,6.851157393640409,16.093773417276278,5.945685916391558,7.813680102563258,6.975627029811767,4.9996147085234375,5.405949417655866,5.067985624518743,7.3617785389481405,8.485884755028547,8.511095561355049,7.692673954635818,9.313871826035497,10.335766664557195,5.340801543238723,4.972790168867766,5.718729276783627,5.894406029544561,5.990029073372781,10.53964370657727,3.595273213302196,5.18051122922335,5.801393615309731,19.900168280402898,16.73551898124049,5.840890257812049,4.540009833692689,6.61937562232544,5.457025503168888,4.314282594507278,6.134540081152141,4.650024018757422,5.120199955663029,5.130818247858158,5.078936439121463,5.651819538583772,8.7694867252496,7.195810175427308,7.794867539839169,5.759492292732998,9.779955752916086,11.293288107232653,19.025325718737964,8.49560876179566,5.990290616242783,8.085975134593015,8.832024476740528
2,23.460987576653125,8.093052396659896,-0.0,2.692382288781134,3.3623375135244435,6.781139869080554,7.17959438674581,24.63146403976956,7.349029693591318,6.625408467479957,8.147987479512517,5.418217961118807,4.804515777537454,9.072706614221486,21.743433331861546,5.6132980315264875,4.283488748179886,4.581295806751015,4.6736137476005775,5.532920625183742,18.967705726601736,8.127285443261366,11.468530375738295,9.34011284606366,8.504755344028023,9.939682955153103,5.9977329516949425,4.193837528491204,5.325977496694595,5.192668394774129,5.762132241732596,7.319543543927356,9.595437658406492,12.458383177347162,4.156075015448207,7.223100763832211,15.914447758188837,3.9565533059925326,4.092231446596904,6.107939621279272,11.244591777424807,9.981049786729319,12.321623531810767,11.608678412994648,11.694658344809628,13.71341639506737,10.691102000660123,14.20394371149976,11.931305487156267,10.516142589770135,10.678432084510979,7.113799995159742,5.880073449599712,14.075780372159219,9.416682036087925,8.872733405245437,8.97605418328256,11.758253817917584,26.088737355809826,22.639580368175157,12.004956436352638,7.277299299043703,12.048572129463166,11.362957669449013,8.549179486237758,7.58464992125409,8.882388123622226,10.848624940687838,8.991105198334813,9.629404685021834,10.650115524686738,11.77433032102272,12.40971234633036,11.606812580304634,12.170703012519887,12.963896099231839,20.633347809908614,24.232151566523036,11.60503693523604,10.101103539021304,10.734781394418118,10.904596610061754
3,23.80921670150405,7.135634763765992,2.692382288781134,-0.0,2.999475062698877,6.036777106957754,6.830428010439836,17.83388674636924,6.506485786255089,7.437943369975317,7.250836405264967,5.685467730788455,6.34772606870347,8.505427760538124,23.821110040454045,4.110071520289036,3.7250810232051,5.450059134242991,5.637168104873172,5.194897258604993,17.964435587232636,7.251658245695324,10.652563419249814,8.751848756248993,7.602898241260949,8.809063066410406,5.603287932379518,4.726806546734105,4.297964576747069,4.277992569938179,5.655734726663071,7.174242799914104,9.543462234140891,16.61117413557701,4.2921127919552875,4.330793836318827,11.193738248002095,4.984352204141309,2.986729809806964,5.572996349985051,9.563365306432203,8.975609151375261,10.94184512304735,10.018611075460376,11.906030510993443,11.847951740546605,10.433686295121742,14.197005864283312,13.028341940045443,9.783187758811122,9.449737276550279,6.350040206077744,6.95661690178366,12.786885159143178,10.438771476552917,7.67983221206629,7.8544082944964355,11.13306287299778,26.563897630005016,22.081574356026042,11.50390772435826,7.009451654737916,8.577766945749106,8.86964671342948,6.942325763341258,8.13375080530998,7.53259102468246,9.193521404384875,9.23414032182515,8.738442696932395,10.94825047209601,12.757142261691751,13.206555906344514,12.801815322763437,12.305957912752193,11.444638740355739,18.28473443654549,25.016254310671933,12.499401794828808,10.811244737579628,10.468760292804879,11.285087481706174
4,19.672623071229793,7.772394466800744,3.3623375135244435,2.999475062698877,-0.0,4.506863438073922,5.540600894459272,29.315348070503926,7.454767270752159,4.747583578544619,6.677559851982281,3.844603953998595,4.942626252673515,7.7509817295409915,22.50173606364615,3.580811497307541,1.7807782837387254,3.747685773301947,4.3027255915771265,6.582090752409912,12.94757637128167,6.4655829859680845,10.119295105575402,12.03858879353615,7.7074528506537066,9.139968692807306,3.6455545699071417,3.3144333730860374,3.5929792022983413,2.587721248103404,4.699137909650412,4.947556150073372,8.555411392444231,16.183055342462833,3.370131120835624,3.7762416833164703,18.778694467661104,3.4536249173659446,2.1400327025640355,4.445819388298218,9.244685881493819,8.095186401587085,10.981967510817785,12.259003326539032,13.32042635453293,15.255289599034652,12.89954436759554,11.990079654755474,13.444141118470435,8.925033624929348,8.779338119887733,5.436321002406512,5.779718184355722,11.870190052336165,10.077884776903439,9.477661344314496,7.691766669232307,10.526510154976533,25.084827895818933,20.580703046792788,10.520961586679913,7.594786519697662,9.493644000201456,9.123601202467434,6.858810263810213,8.648493774355494,7.9077532047927335,8.783214441157847,8.744202687630475,10.409843157906359,12.544064856672522,11.372588039143357,10.781216348111545,12.147095229199737,9.47237110124103,13.731011809357378,19.682578653858428,19.772016636597407,13.435586218234564,7.99669146490154,10.623677447021109,10.231344478105456
5,14.526428057652153,4.987066263717458,6.781139869080554,6.036777106957754,4.506863438073922,-0.0,3.6765875275978694,30.169997246094216,4.424572340321544,3.613768414095796,4.24295710524318,3.330593531176442,5.0985846888396305,5.353660670423304,15.286365760608366,3.574394531021355,3.938782841174189,5.513442521714766,4.171727015428444,4.13414705523581,10.665944172407135,5.1662260187383575,8.076613580266049,7.47127536646178,6.0524144542610765,5.818462680791391,3.33033499114577,6.351329888355882,4.631551280583981,3.996118210654165,3.572281076727101,3.9732486150222077,7.235132946221673,21.745776413948544,4.426022865807337,4.056185376756452,19.589284744630817,4.947072560501705,4.582058447945325,4.413133463328676,5.631123921410346,5.356837169599975,7.989026364878072,7.85497640732344,9.888525191364371,10.063065496253238,10.030920329551133,11.083015574479681,10.576637305049763,6.757187359423786,6.098986321899354,4.146507434164356,6.180600267173667,7.622794993246976,5.8465312908989295,4.467877431913324,4.184560376198525,6.840638627033741,19.207606921145747,13.825606486779531,5.422807384947136,3.8210565359267035,5.343087672887698,5.26813064946635,3.6298463573355106,4.735543392820344,3.5400952292924517,5.058130153967802,4.753777933645324,5.674543222355522,6.813278386340419,5.500364095610238,6.596860435541341,6.7971110518929105,5.7321890818675,8.173189801379293,13.00372769499932,15.521686093251152,7.434587762714576,5.3621605989344845,6.401978192625809,6.990115065460309
6,14.664689687630359,5.081035119272068,7.17959438674581,6.830428010439836,5.540600894459272,3.6765875275978694,-0.0,11.681081799740454,4.019443299827849,4.259577205780011,3.660539581934886,4.39872657523754,5.9888184992185165,5.475515447482828,17.02795662177879,5.5977424616326585,6.31214875669543,6.021543813741921,5.673667546623047,5.058440431836492,10.722362911919005,5.7386558468160365,6.50199544466077,8.045790530668237,5.943011399346649,5.140487323606063,5.744858327210402,5.953529214268927,5.650371098056463,4.811903616757951,4.938385472621716,4.078994317170596,5.547537341324107,13.51698771272399,4.398453449952395,6.030572963137871,8.004812543590326,5.713466708712808,5.894078081418172,6.042783171189,4.677916178050355,4.710709177571048,7.229103788814921,7.77098261039617,8.976611114145228,10.039307949675779,8.905268566268317,8.761080301960568,10.949609309824988,6.205984826581704,5.179256472137704,4.693574997395248,5.653023064038721,5.992400069904245,8.677649747790465,4.222558688149576,4.039473559108033,5.473242257342751,18.410791282214092,14.823147421945189,5.999048425512257,4.347044209217522,5.998757959884211,4.954376494712854,3.81432875137029,5.02461799825379,4.157514884239899,5.00292608801852,4.426670484459218,4.9039537547315115,7.076306222710174,6.193000432185403,5.6135644064081145,7.436800662217355,5.368689834743521,8.013426678051037,12.332835908008386,15.501139281200674,7.622662860275054,4.7251198934267515,4.9035460304452405,4.520171980394007
7,22.083330421322955,22.200530132256258,24.63146403976956,17.83388674636924,29.315348070503926,30.169997246094216,11.681081799740454,-0.0,24.228438078491898,32.592548024847886,24.136317109051287,27.95376898152868,32.545733169816,24.998224510940652,20.939139162294865,26.25830086073949,32.16655253813614,40.66883913621684,29.914491403647283,29.04731911928384,21.559117317274055,18.354532168642212,22.098045463758215,15.78466975859867,11.793912931987764,20.065768054185114,37.085502515363345,33.16304569675019,15.89466304834896,18.208869980959008,27.478757057461817,24.365453520292412,19.320553551276163,27.52405084952067,29.3919259510752,25.851779249133898,5.842188322331083,40.819604638452944,27.417247614124417,40.27620435315237,18.8086274179436,25.233214699395635,21.19272054311522,20.793541277920063,11.058617711053826,18.586519469167712,15.764216717799991,21.011211594028897,14.963157896066422,20.7227582836057,22.644939606699356,27.03033223490818,34.501514980356276,20.57614662766832,37.14984025765595,24.5886298528758,23.963680224767554,21.533584333971845,18.06870957009949,21.601002052949784,24.966507520885422,15.720651622228077,24.82497821972431,22.483434891806954,27.725082568742945,12.750038282375959,25.220217750597577,27.61047684420685,22.35583718191003,13.400267170903215,14.603378615208015,24.18516844605364,12.051996662998016,21.702569031439154,15.89409987897099,11.891810285093051,17.686705014356043,20.809989547512124,11.900346047150853,18.29196169654161,26.108963157440456,11.675546264918713
8,11.653201319089465,5.195337266118853,7.349029693591318,6.506485786255089,7.454767270752159,4.424572340321544,4.019443299827849,24.228438078491898,-0.0,2.693161730654936,3.578823091564202,3.4806268740450426,3.751122335992915,1.486191100477826,14.621079492942002,5.046038219771916,5.879692916128643,4.408262269198156,3.778776940825013,3.0706622939467123,8.787372170386995,3.022542485979441,3.6727178274483774,3.271418311111717,2.830317527336828,2.4483539049544274,4.319292728731763,5.6618646275924105,5.042144355470986,4.960188570617745,3.436557187883168,2.4211985512025094,3.6024848163751195,12.969597978467153,3.4665402416787283,7.381123792760598,17.259978857938552,4.568990441985709,6.717659181921596,3.2886817881314023,2.0927671675553623,2.721185913235141,4.24339461727098,3.634533059054249,6.026188885749062,5.275161466877304,5.351821947517699,6.0933203558161395,7.644494316246177,3.5119991584458097,2.9550607704527203,2.800494247934926,3.0643215721680943,2.872600315816335,10.793076200020195,4.1469263265260174,4.9024448374802985,4.90262899796733,17.149578121293104,9.732438518014169,6.6443402619916085,5.667380931353907,7.400841319101625,5.97029595714856,4.7823216684941166,6.180904908758422,4.997546993410667,5.5031172796428125,4.0674247677039075,4.859527654306233,6.14715140584794,6.038983210715448,6.543083349851653,7.41342603674658,5.540707537312265,8.156891022260227,9.008958961870679,13.90617211635441,8.159350184559116,4.58212444722282,6.481555885990977,7.457995557071197
9,14.684492212316192,5.136603243339887,6.625408467479957,7.437943369975317,4.747583578544619,3.613768414095796,4.259577205780011,32.592548024847886,2.693161730654936,-0.0,4.465232519509977,1.8918957444612658,2.903921431827526,3.6712080654689854,15.961368478770844,4.895971222869139,4.912003391611445,3.2494456775925626,3.3405948887026313,1.9903368525093499,9.944581818902156,3.7677329115983165,5.900018832560751,5.571919808709885,4.616434114013405,5.0265841696916596,3.1532564806615557,4.941995136694933,5.232400182719765,4.384505120748333,3.1317204582142866,2.127052789835576,5.52176225904249,13.26911719465901,2.856694884000772,7.1357757270283315,22.20235339192731,3.135908730273717,5.994598079116751,3.523498477199448,5.311889926215534,4.681919404181246,7.143429062162449,6.781798876406524,8.483370016908662,9.252996055303326,7.603996545966153,8.881675088791555,9.396305801944573,5.52544519763792,5.345618065956451,3.6014712906863164,3.4543463792034395,7.210009291013292,8.096508026410559,4.1665275265882755,5.45863682110006,7.085760646405458,20.146065116843488,12.994960652072994,6.238994888196375,5.195426999409517,7.41284495456558,6.001048195959354,4.160780706904272,5.2442650876684604,5.117325291570334,5.441715066031826,3.7883414957878587,5.542565249123523,6.466831987457181,6.131324132043247,7.010112244812048,7.476075749443291,5.629870628231344,8.612524309766465,13.479866013867829,15.520512628191064,8.322793031420698,5.113308471541607,7.431907585180101,8.919135658630577
10,13.950289342576482,3.224773778563862,8.147987479512517,7.250836405264967,6.677559851982281,4.24295710524318,3.660539581934886,24.136317109051287,3.578823091564202,4.465232519509977,-0.0,3.874537464137203,5.325406895440526,3.457571814880987,18.287247858280466,5.651141676949237,6.357155770914454,4.630121132054846,5.456171589091231,5.253614853529512,11.754943936842524,2.773072919789983,4.5230911328256065,6.49499673907641,2.972138726459451,2.8678979086544047,4.575397260310235,5.923415364943621,5.937605339595211,5.458185021363357,4.818386433275815,2.5973071975932287,3.42928939649084,16.25448779337231,3.7245065838279254,5.685423315565737,17.452047601328417,4.54230407797797,5.726499108869245,5.032317802319023,2.492856203982838,2.7779979218384145,3.2878804747545107,5.693838729496335,8.596215999711017,8.321262180029402,7.302299413182221,6.802166213692521,8.362429655911061,3.6704373982056966,2.3338400101600705,3.5463162594657462,4.559716374153375,4.218348213917487,9.829528107776913,4.581397260817198,2.9297950740719085,3.9914213233733755,20.703526305725934,14.022904632761852,5.690894694420478,4.2010260426884996,5.671005417365029,4.3695252292308755,3.733039269420863,5.202241687588526,3.519460320135545,4.214423667642567,4.445544650026192,4.770533738327382,7.119085374436297,6.992055533759762,6.2792409243990805,7.133732701220472,6.185214159990979,8.422229955773549,11.41015788676218,16.47304406057823,8.542809008216743,4.630023900183594,7.004228638867454,6.331891376936128
11,15.812453742914409,4.037725939529527,5.418217961118807,5.685467730788455,3.844603953998595,3.330593531176442,4.39872657523754,27.95376898152868,3.4806268740450426,1.8918957444612658,3.874537464137203,-0.0,3.7120788593188725,4.425091074363284,17.05408717852207,4.0962532182129126,3.713788284998116,3.762846996954963,2.9921506518025676,2.5453284388337023,11.786681432561842,3.547471847775746,6.107070927358987,6.681269815528988,4.15193060491316,5.297088343831717,2.7736949685368133,4.770514071132786,4.0901864874510485,3.2560024812508352,2.949172692740419,2.2443758276430246,5.6387862098750645,13.123648261973923,2.9747392831402792,5.470083288502148,17.996688229626887,3.1129937058914363,4.991679868703923,3.698172807775593,5.286808645112453,5.103870381617841,7.317854534923521,7.564677662242773,9.170376819737697,10.482512998367636,8.351626887064448,9.843554251077629,9.526996541076791,5.264906294718314,5.412198503672615,3.2249427968305877,4.213944864258003,7.567939359238465,7.398992868476824,3.952252544844059,4.373380859980846,6.709222456144298,21.158934976866412,14.921344223934275,5.509391019327472,3.665396188535616,5.613223619833569,5.009983400326741,3.1965108090446464,4.2363655825377045,3.785432183389589,4.534586341356673,3.9264750051593307,5.087607236306164,6.752060682014855,6.779369159010817,6.321257726542445,7.445164681315124,6.190230659638164,8.537845955078604,14.51820807377643,16.87919691824495,8.428648653143815,5.4483614891816625,7.83829751532011,8.709293631132836
12,16.533731034886802,6.479026457864864,4.804515777537454,6.34772606870347,4.942626252673515,5.0985846888396305,5.9888184992185165,32.545733169816,3.751122335992915,2.903921431827526,5.325406895440526,3.7120788593188725,-0.0,4.521485391625271,14.501550884605747,5.033611343823672,3.2640299743074133,1.9683063257228472,1.9303138965050297,2.5458652963188864,12.05324694806878,4.622731061322446,6.659163908598366,6.166501032462352,5.533345659915025,6.177102192529222,3.1902476724990407,3.50567434528277,3.497630202262448,3.251940865622231,4.076603406284238,3.784825475369408,5.871788340798047,10.651399497378742,2.937242691524756,6.915999024608286,21.55846155059226,2.270315598039981,6.0539747154196055,2.94847686573521,7.068233854328132,5.591756848626942,8.18012114967524,7.776825311380345,8.549403983315713,10.190786164389893,8.2800370251928,9.487989783312429,9.638905170889878,6.579153205693037,6.565608974362717,3.1155490951883262,1.4076672960634922,8.737273980171103,8.280009324271928,5.553730392139377,5.750322811972568,8.05689828875783,19.215047357985036,16.652827229242348,7.9706407541321225,6.219392241513813,8.096277505226485,7.42687901245296,5.662684652179554,6.367206345231342,5.671349732434049,6.726824887691616,5.312292339802119,6.991308500417749,8.245978124014082,7.308215767207659,8.776067645224465,8.116792278998442,6.899591275397141,9.911025427124354,15.17467083338356,17.156545334352337,9.114776090605355,6.595555743500557,8.480777752520906,9.35456431529696
13,10.60867666963656,5.451535970129502,9.072706614221486,8.505427760538124,7.7509817295409915,5.353660670423304,5.475515447482828,24.998224510940652,1.486191100477826,3.6712080654689854,3.457571814880987,4.425091074363284,4.521485391625271,-0.0,14.170415700420929,6.5195396576230005,7.155832661392651,4.367868507965784,5.200558595793443,4.411761784426747,9.129379175432316,2.7480071855552595,2.9125829024950445,2.3928887398391345,2.0336032132099904,1.9125957086635308,5.111807244081969,6.278557003567233,6.461717694755808,6.314155406391452,4.650498191359961,2.769061097044091,2.857872920716325,12.69579703291919,3.9126694741659396,8.365207329353499,18.3346745176317,5.078714975288956,7.200430826370992,4.327833474682701,1.8860628165746494,2.381644565884121,3.077827141034952,2.674278182781177,4.9223114719931065,4.710149730600368,4.141734822378771,4.602531043169058,6.319189261732816,2.8792754603559043,2.3067253953054507,3.862926822605608,3.6226335629511164,2.0276101520833407,11.842719630231846,4.989831046761939,5.201057072834945,4.657172853504298,16.517679638500596,9.217226916244849,7.38617554395988,6.625413554123468,8.373703871875088,6.597548450640267,5.7284862672305765,7.025407505897404,5.896811501307579,6.109647679586224,4.761257021522106,5.437279794451766,6.532763185246923,6.273443145240762,6.321987024281626,7.654988614296911,5.468196095763962,8.630894941355036,9.059785494906178,13.247806831449408,8.506946595435497,4.429103139329419,7.175342736529048,7.478160942453916
14,2.965555545140124,14.884752131751515,21.743433331861546,23.821110040454045,22.50173606364615,15.286365760608366,17.02795662177879,20.939139162294865,14.621079492942002,15.961368478770844,18.287247858280466,17.05408717852207,14.501550884605747,14.170415700420929,-0.0,17.116662359849347,17.98073437533527,19.214472014183343,14.438484875572536,14.17788413898417,14.037096017696452,14.990198908451648,15.02150974758799,10.656545418870191,16.679042574889984,14.858003359442522,16.62832542902379,20.00727989647292,17.10927631953376,17.15670002094127,14.333205102378892,15.710436813407803,15.151047992018178,19.896157625146436,18.818308625352554,21.294638668769952,25.917440155196214,17.868770219236065,23.89913087636082,16.443241620320038,15.467691634972583,12.883179859831568,15.177953578171213,10.605450928172123,6.750315341513138,7.916274638537374,10.443186554782903,9.775317857287385,7.2350953516234755,14.22649762629326,18.20083261220602,15.653983605808342,14.39963261205102,11.716830369774106,23.256908030213015,13.682522673373363,16.131044775431917,12.08926883531323,4.216600344345662,4.74109803801336,15.399502682343265,17.075212707770497,21.27390810116191,19.309876436089056,16.144621619412487,19.588849025084073,16.09916559009403,17.42304837372763,14.869510969600771,15.300198320712116,11.862719705260828,11.18144229095422,10.394631220666033,10.837531862637823,9.288742533084994,13.199900467194613,6.627972578437071,4.763484854956862,11.03858678869664,10.939997027087928,12.60831816306248,10.72614777930596
15,17.621337416918866,5.937021170889888,5.6132980315264875,4.110071520289036,3.580811497307541,3.574394531021355,5.5977424616326585,26.25830086073949,5.046038219771916,4.895971222869139,5.651141676949237,4.0962532182129126,5.033611343823672,6.5195396576230005,17.116662359849347,-0.0,2.899277300946307,4.994670968607321,3.549362130256049,3.9583673275987628,12.09040857098688,5.787952341709307,9.77636807832693,8.240903830336654,6.735010531891978,7.245485787950987,3.742490347577643,6.173166251285604,2.8143302769696876,2.955868775423762,2.2211643794890072,4.931518557985853,8.132448840459537,23.77405463249768,4.604490877243508,3.993103439334072,16.683044588252628,5.784003564730097,4.672689719133551,3.3229113144815696,7.503612317808003,6.736701032164973,9.553252203265957,8.900105326429388,10.214419219652365,11.262535500348898,10.111713035170741,12.157218257581151,10.246961761851495,7.7430522082890345,7.597831685201311,4.2279905392463135,6.270044624902485,9.917698006731,11.895596094845349,7.756293846588223,6.975441064289577,9.168141973654397,21.15535932023199,18.460766731999875,10.600358618117056,7.448177026929766,9.374336387532122,9.03227117392967,7.020327667848782,9.583170286924432,7.2963393875180484,8.946093423488119,8.463607848600509,9.28025325190947,9.83189932008106,10.332577417591603,10.04554995114433,9.373963217051816,8.981850050262775,11.50916982952113,16.621688456285003,17.93130214371996,11.448815053309179,8.042706330139321,8.73308124551012,9.005909572481098
16,18.848489704873515,5.628102666074287,4.283488748179886,3.7250810232051,1.7807782837387254,3.938782841174189,6.31214875669543,32.16655253813614,5.879692916128643,4.912003391611445,6.357155770914454,3.713788284998116,3.2640299743074133,7.155832661392651,17.98073437533527,2.899277300946307,-0.0,3.404815108187254,2.3673090717352356,3.8973337504595125,13.800563986500432,5.750019243086342,9.478792044246832,9.267150592324848,7.564211683964759,8.382339532020973,2.288377489383448,2.993454169732074,2.5116395843581207,1.8319129824356732,3.2660565136059785,4.745975747852374,8.280219495408828,14.550127553954683,3.472030218785413,3.7259625683248334,20.65994032841317,2.8230691440369897,3.3240626468763717,3.28389926230938,9.270217916823896,6.937618548685967,10.536828365433587,10.182838976193743,11.16296893757189,12.719298554375847,10.631567199181541,11.94296162038031,10.80007646830143,8.239055372969107,8.413927045677958,3.771605404168216,4.007678507813996,11.43209032755573,8.44053292526892,6.625970729539714,6.326391268121704,9.260023957692736,22.53269721202605,20.26290612678952,8.940673496676613,6.2603845144723875,7.49627381458541,7.897924558817594,5.616708361614175,7.6121084747861145,6.077664546318085,7.335516912090149,7.449664956364131,8.813222335099056,9.362161950999498,9.936342479950904,10.31212779391594,8.633916659034044,8.454452131286814,11.687746105654549,17.70923860442181,18.65559846826626,10.975004794204926,7.935405639226408,9.19047766840132,10.019589697314158
17,15.551388406326698,6.330873641635331,4.581295806751015,5.450059134242991,3.747685773301947,5.513442521714766,6.021543813741921,40.66883913621684,4.408262269198156,3.2494456775925626,4.630121132054846,3.762846996954963,1.9683063257228472,4.367868507965784,19.214472014183343,4.994670968607321,3.404815108187254,-0.0,2.272978861653467,4.005097173439098,13.116571464287565,4.978431166945605,5.9497953795429925,8.434581489089139,6.4256515298343695,6.13487231105833,3.626420672757465,2.7420821012185512,2.9542773135557154,3.0268628756361844,4.172762612187111,3.7457803181391967,5.5061701121616515,9.57559995685642,2.7422392481501476,6.6028083009869025,27.037061919655446,2.289762130462566,5.1376106787697315,2.584784350049059,6.385533892309423,5.161208597850117,7.200817180869385,8.272120302226977,11.240347609860422,11.162838395250386,9.74332658432272,7.66319142779213,10.831702869880422,6.212399240278296,5.543279938592837,3.313440678478284,1.9813012602414146,7.575404488272319,8.97363678485954,6.456841633158169,5.737180293830045,7.378655590998313,23.058444883071385,16.119768718715445,7.554773468983754,6.252529581400892,8.025228208765142,7.3063050416466275,5.512534780170108,6.7855017560044635,5.630648078704846,6.437113583184056,6.698582633205392,8.055469941899823,10.353773854315001,8.10726065934165,9.899439251107314,9.40599945572282,8.283877090033485,12.958329248583668,15.126219767668939,16.85689137729881,11.841350651100463,7.067616957254916,8.27871409087581,9.861018666763453
18,17.38581548938127,5.8145864563588265,4.6736137476005775,5.637168104873172,4.3027255915771265,4.171727015428444,5.673667546623047,29.914491403647283,3.778776940825013,3.3405948887026313,5.456171589091231,2.9921506518025676,1.9303138965050297,5.200558595793443,14.438484875572536,3.549362130256049,2.3673090717352356,2.272978861653467,-0.0,1.751583359939664,11.537114991409029,4.568793993503216,7.64801861549602,6.405581516507145,5.813248676871117,6.505186825354969,2.28747022107199,3.8017767781326737,2.632025892640915,2.5112541087955527,2.439631178311262,3.5776659098776795,6.517334026058358,13.36365130839167,3.1316687192490713,5.273130094377116,19.383825108830266,2.5879115372096027,5.828871447132578,2.4522075398767083,7.488229686476166,5.73602141066679,8.940284133488715,8.026548653923115,8.509039492648814,10.540160889761399,8.457269957237909,10.366637064648385,9.249602856926161,6.613552847102918,6.986690324742028,2.606488089729786,2.3252640383350727,9.38137288214834,9.108009410646705,5.3627551390902335,5.891730013961563,8.342837897127728,19.2910387667435,18.435778816476105,7.936477250366593,5.913204614440511,7.77013181396213,7.247587134154384,5.268556550172309,6.624689348325523,5.429701261524588,6.629977345502173,5.867427345122813,7.0995392858616535,7.9436104869624256,8.325480390548268,8.914800954816593,8.08834905293782,7.284846891418598,10.323954721618755,15.843887646769224,18.053054732983036,9.453697223504063,7.2245689382167155,8.666738189647742,9.76691892152042
19,16.844873620698223,4.60599111739701,5.532920625183742,5.194897258604993,6.582090752409912,4.13414705523581,5.058440431836492,29.04731911928384,3.0706622939467123,1.9903368525093499,5.253614853529512,2.5453284388337023,2.5458652963188864,4.411761784426747,14.17788413898417,3.9583673275987628,3.8973337504595125,4.005097173439098,1.751583359939664,-0.0,11.777743935096005,3.8303806269596974,6.742258896843193,5.160538779654127,4.4923200593390735,5.6707236847632085,3.0172269543807873,5.2607068655041465,3.5898098009754404,3.3018223292074262,2.759941352171901,2.742247777738833,6.0144206569506915,12.806839736353158,3.728918964396591,6.301512791664853,19.371787607500412,3.534058997040446,6.392063231783894,2.7876629156242716,6.473620483686522,5.269707418989898,8.229771090225574,7.374572816287784,7.784261150606244,9.494300130934457,7.45084359340566,9.955897705702395,8.963818767533478,5.805940550625694,6.305828018423027,2.4582858330976216,2.762419479898675,8.453361761193932,10.222414834120254,4.746650380780182,5.62774907528581,7.965054242190639,19.13790920802724,15.83455431495538,7.4002247741251805,5.67626213368955,6.976339869748536,6.504980178008166,4.803012047146648,6.887584396916971,5.28942929795757,6.092251394962325,4.422851142707664,6.217369458891175,6.859109019625123,7.733717751133159,7.647289815532668,7.711193390382165,6.18527573165624,8.235408546286454,14.892501000892814,17.011303778323104,8.906832627434568,6.076497687667731,8.310503048130558,9.198541193289259
20,9.667393052068608,20.791986198730427,18.967705726601736,17.964435587232636,12.94757637128167,10.665944172407135,10.722362911919005,21.559117317274055,8.787372170386995,9.944581818902156,11.754943936842524,11.786681432561842,12.05324694806878,9.129379175432316,14.037096017696452,12.09040857098688,13.800563986500432,13.116571464287565,11.537114991409029,11.777743935096005,-0.0,7.876680177114029,10.230686080129017,8.885991916421727,9.935331231910183,7.943332904070699,9.463295993681422,12.502227971525661,10.58236467116661,10.823619005362731,10.556963530623456,9.278153914346948,12.37966186217255,18.462807595183946,11.883383597111578,11.729029303797022,17.447335812081548,13.045820268892891,14.564926344460934,9.606403685282661,9.46167673999752,5.94775151907594,11.186631715297308,6.864227707734619,8.828875457070408,9.295687908331026,9.59362918449434,10.754151155477604,8.787834136209476,9.666458588501856,9.12783808834084,7.957823774027554,12.11932194852499,8.857983693659854,14.177952236132437,12.87130201525618,9.386741361351755,8.223276459947607,15.13418101241131,10.608879334365234,14.73409633345035,13.396337802761161,15.403509494547642,12.718422678912829,10.37621400334294,13.198173073048876,11.993047129524962,12.65706803817572,10.17044527668846,11.387006318068783,12.35571913592165,7.898253277640356,9.830338389494791,9.184186030380495,11.931255989947777,9.37684044202382,9.52416647542805,12.441499937981444,10.020346850286382,8.574486507513367,10.268651280401265,8.85277511801567
21,12.542180283241233,3.7142733395528524,8.127285443261366,7.251658245695324,6.4655829859680845,5.1662260187383575,5.7386558468160365,18.354532168642212,3.022542485979441,3.7677329115983165,2.773072919789983,3.547471847775746,4.622731061322446,2.7480071855552595,14.990198908451648,5.787952341709307,5.750019243086342,4.978431166945605,4.568793993503216,3.8303806269596974,7.876680177114029,-0.0,2.9380383394752725,4.764554929188308,1.5059267659716988,2.3456719016719076,4.034407890255708,5.84012439175799,4.796892105173224,4.396992318071959,4.725475736994345,1.9543863073054633,3.1201215913221585,11.069713568844048,4.637233337996594,6.297335301668226,13.03412793128907,5.020205321675254,6.482943334431776,4.736853338638946,2.7030647615749377,2.0351707827850176,2.8256103992939163,4.127112017584613,6.379455046025915,6.96187749422666,5.428571443514057,6.147618361404018,7.144437046583516,2.0914683199569586,2.0413710354955743,2.4894340115460114,4.038296932082495,3.765477647200715,10.044277931191962,4.198527105562616,3.4130620753541283,4.019918711920615,16.80920329514912,13.233661105964405,5.525800864435969,5.124303574221502,5.759861114684096,4.455241659615913,4.036094245024744,5.728885724760007,3.965147775330025,4.044252541292893,3.9132446972524333,4.594156563882091,6.0208907030382655,6.730593349902928,5.897147726891022,6.625170764152757,5.082935737978711,7.42730159867243,10.087531726358296,14.136752001640287,7.784859142342595,4.636415945634433,8.238083370779306,7.647786029346531
22,11.46965878056371,6.492934907883411,11.468530375738295,10.652563419249814,10.119295105575402,8.076613580266049,6.50199544466077,22.098045463758215,3.6727178274483774,5.900018832560751,4.5230911328256065,6.107070927358987,6.659163908598366,2.9125829024950445,15.02150974758799,9.77636807832693,9.478792044246832,5.9497953795429925,7.64801861549602,6.742258896843193,10.230686080129017,2.9380383394752725,-0.0,3.420937636318956,2.0014070906951344,3.3130231540952604,6.724239348822417,6.976810224085186,8.398565344309029,7.818950822329582,7.886721397972869,3.617380503391126,2.0816381976595766,6.51927642292097,5.430005375864056,10.077825196890945,18.342591289949468,6.368584512958436,8.921760141163848,6.557171992299366,3.692210455812151,2.988287290893571,1.812238071991942,3.0979338712801168,4.810257005558479,5.359991220432368,4.511037339457516,5.333844997321844,7.731703132196785,2.392370824664003,3.0173223642618545,4.8673293873381915,5.18830117702113,2.9865225368381574,10.757226219090908,4.6197688158567844,4.602399732341033,4.357114068123562,15.899079048221697,10.097471483942657,5.640166510639988,5.972661100385573,6.6801669119663,4.772538211562938,5.099545110020066,6.0479423067296185,5.287501183908804,4.446131290666048,3.7976550953096675,4.145739532972138,6.356440715163168,5.855352933217644,5.9037121928707625,6.727301130210062,4.877544457518005,5.8628629081723,8.324195793787478,14.16004187673511,6.5591127984797515,4.886000158701412,7.656572999949582,7.809504462994378
23,10.341471894143607,6.608203640851885,9.34011284606366,8.751848756248993,12.03858879353615,7.47127536646178,8.045790530668237,15.78466975859867,3.271418311111717,5.571919808709885,6.49499673907641,6.681269815528988,6.166501032462352,2.3928887398391345,10.656545418870191,8.240903830336654,9.267150592324848,8.434581489089139,6.405581516507145,5.160538779654127,8.885991916421727,4.764554929188308,3.420937636318956,-0.0,3.6868118607388314,2.830298951211612,7.56234027345666,9.610562218189997,7.650602531271102,7.840772586722143,6.372784108199554,5.084435074599578,4.6607862460401135,11.815978566232962,6.404725626204544,10.502176785419184,15.383756087317797,7.9058386941470244,10.27779957780457,6.859418313137834,4.279197331788021,3.0182348094710574,3.737867813552646,1.5243129050432453,2.558804047653292,2.990907514220975,2.3267981111974048,3.632184201430124,4.061713435824466,3.820949174904514,4.515222013691145,4.947489015105172,5.108470013926448,2.738394326817489,14.653272023110826,5.862879066202548,6.390464873786691,4.83355467545503,12.886313752027908,10.246670174612024,7.840346194950869,7.557782861082013,9.22600771027957,7.751255624927397,7.126655624608657,8.324812151156605,6.7648434833963424,7.05525189017152,5.372148857496159,5.87702923198126,6.015199474407071,6.5934515493530785,5.980489599966769,7.384991467063406,5.262607303747202,8.913882738767871,8.263472122513402,12.945883495022828,8.524661386112296,4.5688978475470705,7.799583147997347,8.445062895367235
24,12.849179459773813,4.6749367562419035,8.504755344028023,7.602898241260949,7.7074528506537066,6.0524144542610765,5.943011399346649,11.793912931987764,2.830317527336828,4.616434114013405,2.972138726459451,4.15193060491316,5.533345659915025,2.0336032132099904,16.679042574889984,6.735010531891978,7.564211683964759,6.4256515298343695,5.813248676871117,4.4923200593390735,9.935331231910183,1.5059267659716988,2.0014070906951344,3.6868118607388314,-0.0,1.929476587135705,6.2024724757786105,7.5041659272328545,5.517164783181207,5.368198715611711,5.425749190492369,2.406650158842791,2.2296513655749277,11.87753846747552,5.219454504966797,7.627266765190596,9.496508955299873,6.837233454913859,7.517026707060342,6.4917870557162285,2.102327149620795,1.988517895395302,2.4274298078130014,3.310715312761125,6.04133990012211,5.853287666711597,4.515859699993829,5.615182992815684,7.049011308710152,1.5689893451575552,1.6056240747730723,3.9216924315288955,5.133351310340494,3.2498052360941387,11.509785457586084,4.419567512654926,3.999733644706191,4.38575656119597,17.974481632782297,11.790349844599676,5.764863045172748,5.326571623751569,6.141100916247273,4.686368672707006,4.75750671843969,6.348321463797124,4.675185525262199,4.470662234278,3.8021401063331144,4.467004995051978,6.187552121786234,6.613905211673064,6.027318987843627,6.969110065373489,5.433719411338698,6.399383221219989,10.093291829528583,14.978698620662055,7.894303916509692,4.590844332846951,7.844678218175487,8.421800246492497
25,11.37527487073281,5.537036326447189,9.939682955153103,8.809063066410406,9.139968692807306,5.818462680791391,5.140487323606063,20.065768054185114,2.4483539049544274,5.0265841696916596,2.8678979086544047,5.297088343831717,6.177102192529222,1.9125957086635308,14.858003359442522,7.245485787950987,8.382339532020973,6.13487231105833,6.505186825354969,5.6707236847632085,7.943332904070699,2.3456719016719076,3.3130231540952604,2.830298951211612,1.929476587135705,-0.0,6.066129009737272,7.016577988542271,7.171736962699158,6.906044118699648,5.692256333567308,2.783730476117554,2.5022175402992564,15.455808051765999,4.6591297740792195,7.698790696159294,16.08576845880962,6.397158673625836,7.6307517520582655,6.215015489814351,1.4780455778392774,1.3435404170513316,2.0488766958117117,2.2551757604534166,4.774423128320949,4.3080010032363365,4.523340560491447,5.276448038376125,6.646093895398853,1.878416415610739,1.209626203142283,3.6615834728104115,4.921481745645756,2.0419536081173266,11.351684910572613,4.701864238291085,4.389146543180562,4.0924744883900175,16.273385580800362,10.304733530854863,5.836881131949471,5.8390224578197225,6.965902338158656,5.34163609757364,5.248148683684363,5.962488196564897,4.667596942465531,4.963022898840946,4.120498027205343,4.351565863686568,5.636025425076622,5.398307437946473,5.761469089506803,6.898250546205951,5.046010371874591,7.392503156441471,8.273388079027612,14.189439489377254,7.19006740229694,4.264873033491165,7.554549234461583,6.894411239852216
