,0,1,2,3,4,5,6,7,8,9,10,11,12,13,14,15,16,17,18,19,20,21,22,23,24,25,26,27,28,29,30,31,32,33,34,35,36,37,38,39,40,41,42,43,44,45,46,47,48,49,50,51,52,53,54,55,56,57,58,59,60,61,62,63,64,65,66,67,68,69,70,71,72,73,74,75,76,77,78,79,80,81,82
0,-0.0,7.156871938665211,6.384722177615446,6.653636362499284,14.76130764431597,11.487252586055444,10.408411104518077,11.559148827654761,10.633032106996483,13.133380532071692,8.982325797621842,7.685723499776216,7.724531370486526,7.3208262198136955,10.60311777502858,11.653704218465753,7.617633100819165,10.392981278819347,14.865380844191039,15.66572803319393,13.925194286161457,12.12525016526802,10.016523926373855,10.904202401030496,12.319875695670765,8.249881235470763,15.452488619484958,15.444782216197272,22.770363535302405,24.275393637925006,19.452025562276567,11.300834263898299,13.010778859991422,13.902661697398962,20.68838317875664,24.264510856555844,16.594995087894095,28.808477947096303,33.751230934572796,47.79108296745591,28.44413026415971,17.513417912576937,13.506594565358258,26.62613108136506,38.96887976252252,18.25369172023443,22.879961801710607,28.1220175949066,27.363337206341825,18.40838052509635,18.696609085356748,25.62794525968459,27.521910320767603,16.846220724378714,16.90063599094155,24.098691343236638,25.270003355516767,17.933953321597482,15.624661548271243,19.873533979293125,23.353737589713443,16.483942611769763,11.981555987609944,16.805146184046116,14.03905326992272,15.18629550600244,23.27765989714701,17.21319803300104,18.832688557010272,15.976792797881476,12.934796885796755,10.51687759740099,11.89057338966494,16.473374494212912,13.513922786715632,8.690799633208126,15.741814336296725,10.823411153932408,8.108187920520423,21.613176652672042,7.523279869543865,10.83671187478208,8.705411546366793
1,7.156871938665211,-0.0,0.7427568785822091,1.0813266971316713,6.975564986406426,6.314230450920647,4.961140742397105,7.043064034896439,4.7490121533625596,8.091320298790832,4.071678732537661,1.729784539797056,1.2718563772571791,1.8885812714922818,4.858048095606259,3.571774442735795,0.9666836170463866,3.165589160586457,6.706353637509386,10.412607490990611,7.185590935419388,5.867636587879152,4.503278006485288,4.711522830931204,6.173627292277172,2.3478925644980015,13.296146801115276,10.859677088103588,12.449347971696914,17.57906333396213,12.959321286420968,9.448015305050928,8.340770938453078,7.045976892070063,21.037836331032643,16.717544593683268,14.091228764940501,18.592697142897265,25.05577877897757,27.325178409085837,18.27404772996364,13.101982261768178,16.087611378074367,15.34594066343044,22.813473627784983,13.373104968663084,14.325046340627859,16.41300519354264,14.185075734157772,13.227188269088629,10.176559065149622,14.858484028919895,16.257191023738745,12.185759267692836,11.522849052404975,14.758797357307238,19.896741187295653,9.58952293068921,12.411975996828032,12.221445359687888,13.627982164021805,13.691113628796863,12.061981284023078,10.125544837631585,13.470012478740271,11.056972299578867,15.703035619070835,15.902575371618786,13.306258942360706,12.218766040238279,13.867232275056162,11.33922100505786,8.111444253528827,9.339859291523018,11.545875150314167,5.801423265287124,10.374416726676097,6.871388548299697,5.573300900174795,13.970690692442513,7.274713075319493,5.464549943870199,4.25395403481879
2,6.384722177615446,0.7427568785822091,-0.0,0.6860583678281063,6.684936136478104,5.546518745915539,4.809481332732611,5.623380715446468,4.922648521547071,6.970994000649292,3.099096391800246,1.7491710235121303,1.0897700817358744,1.539745525119769,4.077824578927354,3.711466906074504,1.0539688631690851,2.969651683895399,6.399740878858424,9.829601535068571,6.553283904570401,5.180281548491579,4.419709259020147,4.580876068185372,5.519975734907673,2.2337901587692564,10.832418854864766,9.803098699863696,12.280260450001629,16.647728762450875,12.111677042350053,9.138863187296693,7.66035452695025,7.064119749822417,20.40413210323483,15.049361260672812,12.813330408167355,15.858790155085927,21.956130583159528,26.93623215894544,14.578526630031176,11.387012176445754,16.30364252275464,14.384234395052326,23.132201308763083,12.329563266508092,13.319893154409577,15.523350808990623,13.973633604742385,11.637049817751398,11.038392858752403,17.826729594560433,20.43749953411398,12.304511986458033,9.776938980243715,15.965414049491018,19.045904466442565,9.682805713963665,11.770469469619927,11.675771298606733,14.987698497245406,14.52390304050486,11.13036298033667,11.216262925564255,11.698391744493573,12.324892335997932,15.74894366351915,15.847245941332458,13.340764140157347,10.503992108938219,12.281269350811984,10.295010826329408,7.458639307466801,10.71357587501455,9.421031985352487,5.047506771574484,9.617637055863344,6.298305937782453,5.001787948098985,12.566193331023795,6.6923639894093885,4.567072175084999,4.284009229424674
3,6.653636362499284,1.0813266971316713,0.6860583678281063,-0.0,6.344239675548103,5.3004093957904574,4.829351793926181,5.999765788773654,4.737537075446746,5.743005598499844,2.827929131506358,1.702666075942325,1.3740735843650125,1.5830903445192093,3.3320772316663763,3.5707219718722563,0.9498234554607241,3.105886326999778,6.180054419591399,9.838981704262064,6.392262662996444,4.814018887186747,4.0601956970583535,4.313017038486861,4.503057185067412,2.1033777018779696,12.862468996705832,8.902846523475377,11.337629876044517,16.431659494759387,11.883475975282778,8.741670903658937,7.065848010417145,6.720752923641312,19.729110178982012,16.860325636551984,12.498078358013291,18.136052537337967,23.761472786283715,26.662635466559205,17.100759151371637,10.29407926691728,15.923895877727334,15.013842224584158,22.413631611203193,11.047871209731634,13.355482786141446,15.375782369445126,12.347136906480497,10.826572528218655,10.144501832263792,14.131509517437685,15.598553532914316,10.945772998346918,9.711722906703777,14.00278863346141,18.670193340249362,9.527156092313538,11.371173376501224,11.821080083619101,12.460765388795286,13.032762000397712,9.490174363869675,9.353711558715244,9.719899139257029,10.611951347321664,14.661410669373996,14.480635693284135,11.222095805237073,10.548689421876391,10.099303792559303,8.983687122233464,6.290503423027964,9.040135333849204,8.467656658196237,4.279239991840584,8.884155840110678,5.464252832795111,4.090495078600152,10.157463570393185,6.837676666258049,4.8825843195397995,3.306494844886086
4,14.76130764431597,6.975564986406426,6.684936136478104,6.344239675548103,-0.0,1.427299953794433,2.960998789837567,3.1747857751313733,3.975786889072151,2.16934925596689,4.178805900586233,5.042178650999599,5.707598801198264,5.3389324716014155,3.4371609802706535,4.313185730463427,6.291224060452807,4.644512611901636,2.699282381589791,4.982239581034993,1.8951533767362796,1.7484388537457833,2.350689736489517,2.0628191542533916,2.9511852887413745,5.271906865619411,6.443107721408024,2.4387146431450466,3.293818592348223,6.8306382551519285,4.4638799452068705,4.064778087379071,1.1732973814497363,1.5286748773180159,8.583119749012605,8.823588431675416,3.7139840093465,11.281832048896295,14.745199603404775,19.765552763386868,10.244568410693104,5.716484802087314,12.11911729514859,10.467336540102897,16.999263741991467,5.5831879994260145,8.08809978721509,10.411742781475663,7.985859295303915,5.750709902563019,6.49328404369277,12.463865105034568,14.68709705243999,6.911770769561603,4.587362559149727,10.838303710048116,11.22243954916367,5.154734103937164,6.830040029958746,5.763833898989937,9.128063705935775,9.069203191791614,4.485215132305679,5.930534419028141,4.8276865890794545,6.885435613226948,8.705670946946706,6.805536903378167,7.562274645880291,5.6170469853403775,6.14352441713724,5.974941388662928,4.1911414220893555,9.223717094178665,4.309464097307031,5.898156957764717,5.831136536256406,4.913958740651808,6.781000843279996,9.01932142358167,16.04150253859032,9.968906651269156,11.58425448022417
5,11.487252586055444,6.314230450920647,5.546518745915539,5.3004093957904574,1.427299953794433,-0.0,2.910128661953641,3.5368981105205286,3.599281221545504,1.6177034350329111,3.3238694773625426,4.247593589794807,4.671622687530924,4.233445087061288,2.8851966614094438,3.849472725348418,5.602293405694801,3.825901133544543,3.5503210116790296,5.132121115071566,2.2648905724208594,1.422030331482957,2.058919447641933,1.9109730310331876,2.369399809833141,4.274740407887337,7.253379525283633,2.7213419394936724,4.401887906153868,7.797746158994954,5.5132499147630325,3.482431917887998,1.3078455709651353,1.8546177815607847,8.45226131954935,12.248834707991241,4.376684483219554,11.66347602925204,15.016843119834665,19.92585894933096,9.485560151106776,5.667836720618077,11.217640920178404,11.234548563646545,19.947881167332277,6.775175887734014,8.270328027728718,11.773432865992643,7.8553762355156085,5.918516862617106,7.925042392442093,14.430253024166115,16.728816851509734,7.543535703531234,4.849338139387363,13.123955877171698,10.432796752911216,5.417486559190631,8.155062046014015,7.415669032742066,10.209625638101594,9.557219483364426,4.204994510084582,7.262336306924874,4.343082784165756,8.09936211200673,9.693818182623588,8.062341987859044,8.601652359805884,4.989169003583263,5.369265582545111,4.600290232165885,4.32407219316039,9.848024122678986,3.4098296022466834,5.284225695403806,5.957166910926574,4.644218924299687,6.009350966884489,8.488637811210003,14.386039812405244,8.835590269735535,10.351561387479576
6,10.408411104518077,4.961140742397105,4.809481332732611,4.829351793926181,2.960998789837567,2.910128661953641,-0.0,2.548023947583892,3.373319461012899,4.512916220417058,3.5453195188603246,3.775929790590649,4.01931847261375,4.240873623118923,2.4075394959464305,2.940706335550746,5.034195372234039,2.200971746128524,2.2179493467604376,5.757830748709622,3.1714557774925125,2.8554220275468865,1.713425860263544,1.7941653505030635,4.336540480976687,2.789795547882628,5.48312160791043,5.641131835911497,7.24198294717424,12.26740549985862,7.404900642912081,5.943170708243452,3.8387054567913226,3.5332413453380007,15.445618472711827,9.152245357531296,8.254903082724315,11.032009796272897,16.347390728163383,20.436992243580274,10.061793124107089,7.838555416707282,11.13059210812545,10.021058284174472,18.486934842756927,7.487971333278552,7.926950401439345,10.603762622231617,9.101662895841073,7.405916502049677,5.400641455086963,9.661457320826987,11.262335100124647,6.715472867856603,5.297782773148906,9.497156129521887,10.88988559166156,4.6169685258398205,6.71700373338796,6.830362250921559,7.684246027321888,7.904683415584043,6.907795487423727,4.686329455886919,7.900959357187609,5.800526429523475,9.619741428434429,10.004464137872407,7.403795528862441,7.035245305457205,8.387912771107942,7.29945794344714,3.9563652814247785,4.71364300487344,6.319602881284259,3.3827402105052595,4.812390534098795,2.9214643788607737,4.735078060349272,12.693202158639464,13.668514495664892,6.947382760164466,9.39020136576565
7,11.559148827654761,7.043064034896439,5.623380715446468,5.999765788773654,3.1747857751313733,3.5368981105205286,2.548023947583892,-0.0,3.1722652923345747,3.153284876267787,2.903062577203372,4.327472955647363,4.589043191920284,4.5678467923683534,2.8147488484615026,3.9377186454653788,6.184439620056571,2.697929785274296,2.56561032924081,7.9100957073176135,3.6313753023341766,2.5443098282648764,1.8180658283543472,2.00620039091369,3.8283736736948617,3.7165058311545214,6.919336787634019,4.195636602178651,6.5210013765892345,12.745876529872529,7.712869652396732,7.816075825541085,3.339175311550609,4.470881420912986,16.276676145669487,7.9328759755463105,7.0939385136419135,13.797484944811417,18.666351896272584,24.83113449150686,11.686674979060609,6.754349064851983,14.87051402337932,12.415328785893431,20.37424045985826,7.087390246487096,11.064194840179066,11.696394946650774,10.105163637369788,6.9426952119019765,8.143096777287694,16.778033499394162,19.921033658046344,8.714590026206954,5.115407931118762,13.43742538795572,14.784602697457203,6.665282066287317,8.101895541573075,7.792251579654902,12.037003536494767,12.352604730829102,5.86406529113392,7.9232296401844735,4.050525044201475,9.268357125532681,11.846008930327743,10.683248407988025,9.484286445540517,6.63693115870383,6.294477611343533,7.3172590362164875,3.660483474666484,8.311912658664866,5.655193736182571,2.9325164293626416,4.031746353478417,2.393810093280758,4.153391192563586,11.695019822433185,13.198376879328467,6.56406200258545,10.598738792410877
8,10.633032106996483,4.7490121533625596,4.922648521547071,4.737537075446746,3.975786889072151,3.599281221545504,3.373319461012899,3.1722652923345747,-0.0,4.094201495798776,2.5712834047636783,2.7798674850663017,3.528242373699238,3.4094483585728312,2.6363345475371527,3.3267754932061693,3.681240418305995,2.835103507039515,3.8139419479762062,6.566007472785639,3.900445151463194,2.8760460338362477,2.0359647919456116,2.2203083539987323,3.3813092162943317,3.1699432956083777,9.38346034343428,6.548849323593491,7.897715822274457,12.864003603423477,9.022244189991483,6.371795644595216,4.699021352203207,4.460417679691143,16.106644859632514,11.91529526272374,9.359477494550323,12.528545578274775,18.070785752515715,20.22907421886813,12.651062566140114,6.942335765645068,12.163885054482229,9.639757275492213,14.729843499360607,7.397468675018719,10.82316521327769,10.007465523489868,9.274901614055162,7.932394311443845,8.446434461618296,13.435082565675513,15.23137133430681,8.622187357407865,6.15363097681678,12.009288494219955,16.42493768718838,6.998484950591226,8.747050323736524,6.411708783844991,11.25651381668895,11.491530102618558,7.168842908160112,7.453269193626625,7.657892171148771,8.744259148572958,12.452669006817148,11.455550178997592,9.517068271805915,7.300051836364092,8.337407336615822,7.146250587731347,3.802738272048292,7.4438249813430515,6.220929142177312,2.6522653404262657,5.149436281221448,3.1481250697272216,3.492422551109755,9.435343678148513,10.4807051080007,6.061112025231935,6.935083618023072
9,13.133380532071692,8.091320298790832,6.970994000649292,5.743005598499844,2.16934925596689,1.6177034350329111,4.512916220417058,3.153284876267787,4.094201495798776,-0.0,3.0986620473568363,5.162919659410217,5.800476294035654,5.015214240957573,2.899161480586149,5.445083090190165,6.223318843360245,4.686492063904589,3.6804087683686406,5.514528832482029,2.064348497942758,0.8382058618578789,2.31555995396311,2.0982634591705365,1.4765658418234298,4.841981642948069,9.603266980658809,2.796870412648075,4.731954453604855,8.556184063651774,5.875250272055281,3.7738054369961382,1.7913594608185632,1.9394598500509803,9.983355673565718,11.3226719162306,4.814618553350799,13.955460221430725,17.373585274624393,20.49084861637965,12.834182045751824,4.669768914358498,11.70992223049292,11.288589226593368,17.755938171944273,5.770003930706901,9.76129542570376,11.24332792987682,7.544852990865018,6.035209480384177,7.599684273609913,11.246785638573941,12.905865291020042,7.22179389530506,5.3047809015866365,10.573295419674258,15.131540733478237,6.407690966124762,7.028967758136279,6.62937093680262,9.427698167841276,9.211026908493514,3.342130983798785,6.350762925337008,3.0409220938902344,6.925927621605381,9.58504551328656,7.28631698153242,7.514579601142203,5.189140778860301,3.7879286869933075,3.975286952948697,3.7425901549364795,8.63419774166428,3.448997506334256,4.52684880531354,6.2706616808174145,4.176800242131963,5.134140083989609,6.450498694857416,12.860614718801362,7.862896478832574,8.66904925138894
10,8.982325797621842,4.071678732537661,3.099096391800246,2.827929131506358,4.178805900586233,3.3238694773625426,3.5453195188603246,2.903062577203372,2.5712834047636783,3.0986620473568363,-0.0,1.626494210751996,2.11176905619074,2.0497567089177227,1.4663192195673351,2.6034768864321656,2.59034417886633,1.6617465246325707,4.686327969296079,8.609728846098134,4.519610519797185,2.6017016431384516,2.3195033491207093,2.333154221592961,2.1640059193069843,1.4733856777937513,11.391698233644016,6.540323740429365,8.770792872398872,15.094761740594754,10.04656147811091,7.5895787067076705,4.564093394304273,5.283673969541743,18.33702272183665,9.825110814824992,10.012552507653222,16.195767497365818,21.832841620139174,23.712329668853013,14.230876060104329,7.104334780934992,13.930940662733791,13.06519494004819,21.976474887038865,8.842679003762687,13.433031804793991,13.309885844945487,9.445851061548067,9.070391004228723,10.001959757388125,16.746944927974464,19.299178380552252,10.06191492687138,6.983069137239333,13.84204516770101,18.69656634348544,8.396828524425956,8.172070398134958,9.524719916968683,13.394490337738903,13.197626737892504,7.025439877735434,9.423360440194651,6.2569361927933755,10.521864614814733,14.521292075344796,13.133129196901885,10.708723934451738,7.564869487880473,6.232272269177598,6.385565005076355,4.978573592192558,8.991159888873138,5.4523790244876595,2.206113800493008,6.391281394608357,3.890490162301903,3.6075442894946,9.2507751675304,9.307928741828883,4.632580796347191,6.633806712877947
11,7.685723499776216,1.729784539797056,1.7491710235121303,1.702666075942325,5.042178650999599,4.247593589794807,3.775929790590649,4.327472955647363,2.7798674850663017,5.162919659410217,1.626494210751996,-0.0,0.7638526976451379,1.0939038077480634,2.437151225488162,2.203334801346208,1.0064025764627094,1.6853237284958391,5.004214877263185,8.327497636021608,5.123152934618898,3.699886208957431,2.8046497561936556,2.928133393439081,3.754340618647408,1.0819403582332523,11.94234205767129,8.132457232994787,9.729672719465842,14.607383695185506,10.539711562430089,7.511127078713817,5.755084447718825,5.525868704576852,17.923907008837052,12.662986622926907,11.145532955692435,16.17687685146795,21.71005268325641,23.956141254707966,15.97977169500649,9.274545948592907,14.18744491838381,12.705885952954942,19.215444456561393,9.675764455035395,12.902958685585483,13.068806294693374,11.40529366512434,10.239292773895999,9.35938444941057,14.177350120526956,15.879476601753488,10.147052963442599,8.65158331245114,12.910991453170487,18.857491202441576,8.507624090298783,9.989153769351988,9.286330081981582,12.314659066462582,12.76889610369235,8.932592528693048,8.760119855414239,9.414701271146381,9.967041784605316,13.95922911190304,13.298419686051345,10.877993537407207,9.459054791672576,9.89369671946135,8.550064820876171,5.4381715813678415,8.333453169815593,7.853172016808719,3.0902637598929474,7.45369427184034,4.4520036949172646,3.5521946720105677,10.814999183338244,7.768912304023065,4.62615503157526,4.6445603942704485
12,7.724531370486526,1.2718563772571791,1.0897700817358744,1.3740735843650125,5.707598801198264,4.671622687530924,4.01931847261375,4.589043191920284,3.528242373699238,5.800476294035654,2.11176905619074,0.7638526976451379,-0.0,0.9677978943399853,3.0042312694036664,2.8729094913910433,0.8857768764938294,1.9715516498784755,5.461578123367269,9.041956683300345,5.651963277699493,4.238122044315312,3.4200304333511045,3.6135022116770568,4.463275383548436,1.3295935439775342,10.4308424286359,8.656352941815284,10.959214250569714,15.430639982101052,11.087957120935862,8.399877439428288,6.546912468387063,6.254183219800377,19.1625803736725,12.83799914026877,11.690422877509189,15.295657444374996,22.30658266769376,24.418649282369202,13.81396051853401,9.810134365495632,15.951434498763492,13.504625620499393,22.043146374217265,11.454274077884769,13.15485441305235,14.871859261458095,12.275590190474315,10.685436752090567,10.665376926483587,17.173171590194517,19.653763817980064,11.220400927117065,8.677904186372173,14.690570562742316,18.39371346488072,8.987425939900517,10.541411882267194,10.395650045761634,13.886022725016677,14.026395077936913,10.088362795896384,10.253680485511406,10.122447541675665,11.346518231191093,14.851120255939152,14.77215411685111,12.280754964496275,9.118460941919404,10.927246582977869,9.462263784852404,6.513992995010676,9.707266599294122,8.48626426600223,3.7650431014791317,9.006781361398822,5.0682040252208,4.081130553630814,11.639927845785383,8.385856058578435,3.998740426270003,4.981161467278382
13,7.3208262198136955,1.8885812714922818,1.539745525119769,1.5830903445192093,5.3389324716014155,4.233445087061288,4.240873623118923,4.5678467923683534,3.4094483585728312,5.015214240957573,2.0497567089177227,1.0939038077480634,0.9677978943399853,-0.0,2.6035414101440413,2.8828693700027315,1.5432055313291941,2.09398329614735,5.718307641389334,8.889840799309628,5.543943685882711,4.049161232808582,3.5378172948895594,3.8580811311495493,3.8680169593479734,1.6877937747169207,9.320888507057024,7.901153329042313,10.197581304245706,15.035832228349284,11.021746545787902,8.223912141673408,6.028376705216615,6.216446993986982,18.636413753975,16.640808830364442,10.96343743854025,13.747621801513514,20.995420613814883,25.176348920431856,13.241230821153026,8.049362105250982,14.654171536832456,11.746313736927375,17.165279998127392,9.28006526126151,11.84737939607296,12.286766540085372,11.982864925519578,9.466301241694335,11.742954548361642,19.84488390939434,22.609933394439384,11.798455932033272,7.954363986016562,16.914439791957257,18.309981169959737,8.795849967402658,12.50746658159849,8.612356324472339,15.087856024315014,15.088914323878587,9.572239486010027,11.397570495929795,8.668892562184508,12.96166538653799,15.170552108087364,14.867422986300383,13.127415916409682,8.567189664557828,9.751131090003092,8.564608887529278,5.777972903118907,11.915283580325355,7.388591116125089,3.6553817250817455,8.29725886321431,4.651727765779638,4.071737478349952,9.556167756832382,7.850626268142979,4.198374820315337,4.305346486202061
14,10.60311777502858,4.858048095606259,4.077824578927354,3.3320772316663763,3.4371609802706535,2.8851966614094438,2.4075394959464305,2.8147488484615026,2.6363345475371527,2.899161480586149,1.4663192195673351,2.437151225488162,3.0042312694036664,2.6035414101440413,-0.0,2.297795226776164,3.4011999839853075,1.7371754097683803,3.2566669770182206,8.336986376340676,4.070488854715485,2.214470922255266,1.4361534234847975,1.6879101495369537,2.1827131697939293,1.8323144933989692,7.968023789415921,5.649468751673919,8.026569464736921,15.803825898930587,9.853701667258878,8.037536944401994,4.422748484376495,4.613311508576644,19.513884533781365,12.014816095927198,9.962246364052353,13.830642617142615,20.278658421696637,23.621883976850818,11.795839154361516,5.169134489082635,13.039380485945587,11.422944955920379,17.24123976281296,6.634320151535726,9.525080401992247,10.622685740580865,8.090991160847734,6.930674416779725,7.762981202109565,12.92212517163584,14.690229707629655,7.959812297353899,5.448696093206726,11.713663209114777,12.692695659035737,6.194746288459669,8.261224421765572,8.0067884904951,9.895139116395498,10.580857424933187,6.202435218943151,7.023692049153034,5.79658029624816,8.3011196355513,11.923076001124882,12.469142479290838,8.391109692481187,6.862675316150457,5.692286047821826,5.966864054805216,3.189453015784494,7.007310760039183,4.371251219130337,1.867757063103882,5.3154761855556405,2.5647569308034153,3.322138377025474,7.316515163449555,10.496206274066664,5.573479000542683,6.122329989643136
15,11.653704218465753,3.571774442735795,3.711466906074504,3.5707219718722563,4.313185730463427,3.849472725348418,2.940706335550746,3.9377186454653788,3.3267754932061693,5.445083090190165,2.6034768864321656,2.203334801346208,2.8729094913910433,2.8828693700027315,2.297795226776164,-0.0,2.6356980931088247,1.617276953879284,4.294404745372442,7.959561064632212,4.578796971353239,3.442470202394204,2.435400939814447,2.475378344861608,4.291346666959808,1.9686136989779301,12.56057418385387,8.21646095531675,8.482890579667783,14.738354928212864,10.428229626934522,7.6123010837041045,5.558213290978397,4.537457607478157,18.571592623398068,11.758315930635405,11.517150667451093,16.396565235202342,19.85759332869783,21.485538292403835,16.761216579854107,9.041582761615526,14.198504653984408,11.677425071070981,17.847103270780565,8.187559877637742,13.11748571613446,11.144435341069835,9.953074350519383,10.2171019118199,8.649381865350968,13.320411882286649,14.75739416205431,10.066833118167727,8.552548793316495,12.364807165807381,19.516312220481495,8.04842469988278,9.870234378104938,8.366206618139518,12.253025673742167,13.170255396691287,8.987442217311091,7.959494111457278,10.013867931230513,9.732209461967093,14.567434407216968,13.034828876549968,10.709844542981278,9.916340631687804,10.35781166877992,9.110612177503567,4.864186714331857,7.0568741133657,7.151029113880668,3.3334170489380988,6.445667595684182,4.193270541005521,4.5115800317191015,11.377782313080331,10.82567203715406,6.975656644925641,6.295010815653864
16,7.617633100819165,0.9666836170463866,1.0539688631690851,0.9498234554607241,6.291224060452807,5.602293405694801,5.034195372234039,6.184439620056571,3.681240418305995,6.223318843360245,2.59034417886633,1.0064025764627094,0.8857768764938294,1.5432055313291941,3.4011999839853075,2.6356980931088247,-0.0,2.7133804101389574,6.431653222120615,9.843243726005976,6.356579374665679,4.8109183590398175,3.9439562499278153,3.886515161649818,4.731845721618061,1.5900360249777552,15.330367874342576,9.848341116415822,10.618360467172291,16.19215368092821,12.248266167588879,8.61775751196274,6.955591104659916,6.366948210672249,19.58354105656692,15.30641926811211,13.22613438948892,19.64330200429652,24.818809709924036,24.58645409227139,19.84299831409265,10.928102742120721,16.130330879468197,14.77871670754671,21.156861491735768,11.173077382768597,15.529871774559012,14.900190807925528,12.244807792075518,12.09554657949545,10.53909144628193,14.886897248754998,16.13867717018046,11.712560207995992,10.922490827712991,14.041872023522231,21.413671643384458,10.405291084636794,11.972493973436967,11.263007967363928,13.656686172875471,14.640807517212165,10.33429328964642,9.61075077269479,10.904042646846424,11.49638622421387,15.889824993081843,14.47887609893249,12.101193665676655,12.020346631044106,11.32951094433039,10.179743939207615,6.593702116763738,9.17997571541411,9.640428598848757,4.0500892282012195,8.407599079214787,5.960058380913168,4.635938887189045,11.453573818732075,7.3985211480009205,5.713448049862341,4.147070366802655
17,10.392981278819347,3.165589160586457,2.969651683895399,3.105886326999778,4.644512611901636,3.825901133544543,2.200971746128524,2.697929785274296,2.835103507039515,4.686492063904589,1.6617465246325707,1.6853237284958391,1.9715516498784755,2.09398329614735,1.7371754097683803,1.617276953879284,2.7133804101389574,-0.0,3.569311219859966,8.220315525457101,4.554424535653899,3.1088582443120134,2.0236491032880246,2.319536255656485,3.92004968688945,1.0992879808165752,8.399366903077375,7.395024275295062,9.288080083570922,15.407241770288637,10.12275935192226,8.187046077071615,5.678048885920819,5.171493087389471,19.44375230643126,10.7422374604338,10.877365843772935,14.04587331822832,19.51366936569368,22.296790092737222,11.702745178748026,8.040150480310862,15.505566752633477,13.054404734203143,21.952156066727653,9.306080485780289,10.705795392152591,13.343732578790423,9.75412370495386,8.447856944231669,8.149988107085084,14.222434270542859,16.35440268634617,8.79601947726043,6.383839868039797,12.76472560503611,12.88442179478195,6.763042812390733,8.78547653131858,9.730648595799698,10.772764183436456,11.7738999049163,8.297123971848567,7.708959603476352,8.262357267084896,9.076863477659701,12.777414715098468,13.557261204492239,9.475809918769803,7.3370961207679954,8.567268782732121,8.081833621562934,4.719175586771651,7.280556383538031,5.728628278877779,2.405908331668872,5.515704089291872,3.0299510114728903,3.623253591151868,10.44315102901504,10.905961633239233,5.254475446047448,6.456229366617768
18,14.865380844191039,6.706353637509386,6.399740878858424,6.180054419591399,2.699282381589791,3.5503210116790296,2.2179493467604376,2.56561032924081,3.8139419479762062,3.6804087683686406,4.686327969296079,5.004214877263185,5.461578123367269,5.718307641389334,3.2566669770182206,4.294404745372442,6.431653222120615,3.569311219859966,-0.0,7.551888833082834,3.706512916676567,3.435809454149076,2.558259719478649,2.800575009393567,4.624301461731847,4.180415627420313,4.7878522070806016,3.2770484576936654,5.22176902006697,9.667764861242496,5.631819509202519,7.806468654385554,3.021222127654462,4.204559849926846,14.329335053808741,6.767770182789004,5.186962664636244,13.908700442102877,16.07387333623304,23.39264172145342,12.470227548188422,6.927261065872064,17.94674658272736,13.34974830287727,19.571085651928847,7.195199950286535,9.708207734091923,12.453658089903398,11.487141477870619,5.809883052918943,5.0481045628795345,9.241066530425469,11.45848586244009,7.536422545007016,5.822253475157616,8.646498617607033,10.118445287536767,7.0011394412201025,7.785753358660641,7.382394226575864,8.035546212913703,10.767861071508678,6.494333531741324,4.777119364090819,4.415455814534809,6.368976555291338,7.3027826327257515,7.959729539329408,6.9378872480466685,6.927392437866069,8.796950549857401,9.684408131034505,3.51410022923196,4.427959413689611,6.282035742090855,3.7851279192760923,3.6678040404312275,2.473410829757569,5.03591663798525,12.649961165884346,15.780597650267728,7.936767019589335,10.610710446635471
19,15.66572803319393,10.412607490990611,9.829601535068571,9.838981704262064,4.982239581034993,5.132121115071566,5.757830748709622,7.9100957073176135,6.566007472785639,5.514528832482029,8.609728846098134,8.327497636021608,9.041956683300345,8.889840799309628,8.336986376340676,7.959561064632212,9.843243726005976,8.220315525457101,7.551888833082834,-0.0,2.7596400466480997,4.399154167226332,5.409173327464591,5.030223985705185,7.8444910769071425,9.124259075182747,6.774614241400221,3.9245745321831524,3.6763327107252075,3.2964762532985445,1.725777338836132,3.271999643443849,5.13244866694854,4.098400895550148,5.020131147984574,7.304816034790014,2.6828981399445686,6.406623248289551,9.367690255298713,12.219524364829264,6.062338563915421,7.250132929155898,3.6505141306365068,4.630885378948475,11.905637098637973,3.28446771461447,4.304337465784164,6.6984228670981905,4.679691029718461,2.172541671158173,5.54705405258633,8.719207986132023,10.210096222310856,3.875614786416141,4.3130449836726825,8.30346214115965,9.05976551836816,3.3619927337181164,3.161679464761208,2.123380989091839,7.480246584598015,4.385604670780787,3.234736184338084,4.687051770033001,5.20856936887736,4.452963138509608,5.375978729891269,2.739506729302145,4.624590219829694,4.864521805042418,5.858186339589376,6.220992832674797,7.907319034665226,11.50989266998894,7.132837559142179,10.68614160620213,9.405019367557268,9.325095262433225,11.37286460396225,10.804248042709682,19.989926014628868,14.526764864623948,16.87606567757506
20,13.925194286161457,7.185590935419388,6.553283904570401,6.392262662996444,1.8951533767362796,2.2648905724208594,3.1714557774925125,3.6313753023341766,3.900445151463194,2.064348497942758,4.519610519797185,5.123152934618898,5.651963277699493,5.543943685882711,4.070488854715485,4.578796971353239,6.356579374665679,4.554424535653899,3.706512916676567,2.7596400466480997,-0.0,1.492024736228858,2.3800620540384068,2.041669484906293,3.888443777581327,5.237249223330712,6.162794575775624,1.4404222713241082,3.2091206731169497,6.376656944165738,3.601804939789016,2.2734300904750624,1.5994518619049711,1.4070172096432314,7.8195919430328,7.9766861893327405,2.8983253276296943,8.86745576556422,13.254682331218234,15.5788285461905,7.898383756079469,4.420362040695253,7.271148289278276,7.197822021787911,14.656873502925844,3.94377798876,6.336010677468937,8.181098606174428,4.534475653884415,3.928410881282551,5.675351832103775,10.486917265066403,12.366737642910401,4.920779886054616,2.778737774796174,9.27697415592179,10.963051376628117,3.587114834063743,4.583619275950843,4.182947277007583,7.622227732687415,6.461597669629599,2.195973122486231,4.8694748888177095,2.8215838463336214,5.408290046658762,7.382704151983715,5.4287052275401955,5.756756800697079,3.978533798209804,3.4398856983277337,3.783815348405385,3.9561297053336357,8.110772897882592,3.8951833634378272,5.741654432868306,5.571368642176369,4.7575850781501225,6.604228833161047,8.358097989421326,15.831705317481566,9.66871481354097,11.442108124979551
21,12.12525016526802,5.867636587879152,5.180281548491579,4.814018887186747,1.7484388537457833,1.422030331482957,2.8554220275468865,2.5443098282648764,2.8760460338362477,0.8382058618578789,2.6017016431384516,3.699886208957431,4.238122044315312,4.049161232808582,2.214470922255266,3.442470202394204,4.8109183590398175,3.1088582443120134,3.435809454149076,4.399154167226332,1.492024736228858,-0.0,1.3270565421653855,1.1315087511651325,2.1950216475581468,3.5500805985937838,7.471138680357745,2.5390275483004348,4.776854538100021,8.669487230144767,5.445480457463265,3.2840564924438085,1.535706792446317,1.6461515806817042,10.545635774050659,9.066646359023013,4.7710321810253875,11.241677103591098,14.890994373706796,18.24909054303932,9.691335932446572,4.843512133477515,9.582600484889223,9.490565485276921,17.853445065503905,5.632358789537519,8.035012547562392,10.164385748540996,5.96171745874203,5.391936440734392,6.58039417590699,11.488431083710717,13.486176955078701,6.291585284295463,3.951366342699799,10.357072906931656,13.219512354314416,4.888356881686405,5.83623228678307,6.355173842353266,8.783124102232403,8.056635732110166,3.157770772805397,6.133115879193814,3.328762406532124,6.409777981699183,9.052876676666402,7.585507666301438,7.058817168997257,4.2663384365471195,3.6224515498473644,3.520417609488914,2.883022128882326,7.222068546379702,3.0280697574342925,3.3465935523110817,4.972724893313796,2.9412474038329495,4.291126757313829,7.754665940083789,13.075779314510692,7.177018289434818,8.117141588289778
22,10.016523926373855,4.503278006485288,4.419709259020147,4.0601956970583535,2.350689736489517,2.058919447641933,1.713425860263544,1.8180658283543472,2.0359647919456116,2.31555995396311,2.3195033491207093,2.8046497561936556,3.4200304333511045,3.5378172948895594,1.4361534234847975,2.435400939814447,3.9439562499278153,2.0236491032880246,2.558259719478649,5.409173327464591,2.3800620540384068,1.3270565421653855,-0.0,0.47531906141943164,2.354752210074189,2.5196343212166763,7.642371796806085,4.120586035982709,6.388792353591064,11.05372260869934,6.819270032970008,5.039323421689288,2.7408377401163175,2.7907524207136105,13.831449523763181,10.396932826792392,6.927104023165923,12.57861969963839,17.483169785094976,21.429886528294404,11.18628151850252,5.936498991824914,11.210621642679172,10.583097968440077,18.976247275098725,6.793417713447596,8.50164712304904,11.223165525721848,8.061048328666239,6.228252772619364,5.925035241479436,9.39826604842289,10.900042165947971,6.295899683817177,4.512719627150859,9.445547675272255,13.012641204418507,5.018356411231158,6.34941188071157,7.072735276473525,7.703571576448205,7.9231398793297165,4.85252504092086,5.0986493476132,5.017557265951901,5.694918952040327,9.204240642102665,8.98723588159762,6.672084617963502,5.375947237149295,5.427930226314554,5.101783925998972,2.639611129578282,5.504233184035258,4.269842407466816,2.091810293860012,4.604836167970792,1.8352155933656766,3.2764762812125086,9.707374535540447,11.92077289248041,6.046343833853482,7.467985914850612
23,10.904202401030496,4.711522830931204,4.580876068185372,4.313017038486861,2.0628191542533916,1.9109730310331876,1.7941653505030635,2.00620039091369,2.2203083539987323,2.0982634591705365,2.333154221592961,2.928133393439081,3.6135022116770568,3.8580811311495493,1.6879101495369537,2.475378344861608,3.886515161649818,2.319536255656485,2.800575009393567,5.030223985705185,2.041669484906293,1.1315087511651325,0.47531906141943164,-0.0,2.3716178133703774,2.805980700850715,8.721884855431334,3.879553426579416,5.850790680154608,10.437510671834454,6.414322984307022,4.454012638479756,2.351049947688498,2.448162609828755,12.976024290168644,8.920164592336786,6.5434221471600695,13.021987814179964,17.74934920083141,19.384343556266156,12.098494924739605,5.8386458532890995,10.436678645911584,9.981713614825077,17.714123457475957,6.363348213499525,9.183239009057504,10.567561536287192,7.233426574513371,6.326803711028678,5.8371214496994,9.493419642047456,10.988244136572408,6.208293666671601,4.62413938835785,9.159463797556747,13.776737625840783,5.091666510413871,5.819962408047904,6.547791984928415,7.833486990775994,7.877512378797291,4.525761774723464,4.950089965299851,4.8755712493316805,5.6892995143389316,9.220973660453287,8.39928124861629,6.5755087772326855,5.721148824674762,5.226864569388691,4.898184266425956,2.7508599708346715,5.731819256570296,4.4099064477687016,2.456076813171189,4.221552354850193,2.3121037959114785,3.908403356523255,9.46860467271764,11.959300215790373,6.682524742021462,8.128685289996568
24,12.319875695670765,6.173627292277172,5.519975734907673,4.503057185067412,2.9511852887413745,2.369399809833141,4.336540480976687,3.8283736736948617,3.3813092162943317,1.4765658418234298,2.1640059193069843,3.754340618647408,4.463275383548436,3.8680169593479734,2.1827131697939293,4.291346666959808,4.731845721618061,3.92004968688945,4.624301461731847,7.8444910769071425,3.888443777581327,2.1950216475581468,2.354752210074189,2.3716178133703774,-0.0,3.8872527669815184,11.464741548198372,4.27480346512218,6.381569459197378,9.9874985781383,7.913471869408124,5.523598927448101,2.7437502111909002,3.5987979985672522,11.36491948374423,12.053429007017547,6.5035645488293845,17.09952641704456,21.713282689619913,24.0857259412274,16.590626311536408,5.8525910515879005,15.26411110796787,14.417932395029755,20.367198823820758,7.60727941952239,12.913796666060316,14.445702654905384,10.170076106404979,8.281786202548146,9.53554573040473,13.652931711010602,15.331862510521214,9.9594239256096,7.632571990474088,12.728426038786795,18.288791112543155,8.781299071660166,9.241467126787866,8.602942348042621,12.019322947300193,12.34195035838109,5.458493350266127,8.009682914151707,4.242360666606797,9.189253960711225,12.091264400855213,9.436106549994674,9.604443921584936,7.576741328462512,5.726028472528042,6.022356698056154,4.432218249281924,9.374904756283406,5.575330989906467,4.152270839667308,7.153964729728045,4.543083453813335,4.556891075585184,6.938387966243233,11.661472033346879,7.148933963369843,7.633410179735525
25,8.249881235470763,2.3478925644980015,2.2337901587692564,2.1033777018779696,5.271906865619411,4.274740407887337,2.789795547882628,3.7165058311545214,3.1699432956083777,4.841981642948069,1.4733856777937513,1.0819403582332523,1.3295935439775342,1.6877937747169207,1.8323144933989692,1.9686136989779301,1.5900360249777552,1.0992879808165752,4.180415627420313,9.124259075182747,5.237249223330712,3.5500805985937838,2.5196343212166763,2.805980700850715,3.8872527669815184,-0.0,11.116063209948944,7.795179450440895,10.235928411563734,16.444122162371876,10.956859469025948,8.764421071720964,6.1424360410999705,5.921109114001652,20.256934479057524,12.062890531395793,11.686718438667668,17.342230102811545,22.780063633037006,25.463619794025693,15.52016130184898,8.773063148796949,15.760566586762765,14.55410649904468,22.9765409087174,9.794491410584795,12.034330221550109,14.487934433097708,10.847031246579371,9.262728419721777,8.03282161470393,11.542000836723762,12.965267595147104,8.82817286066683,7.570648538161775,11.523653951017328,15.587409873062288,7.784599932080826,8.790018739762568,10.856332828270032,9.863707040135404,11.189462846198358,8.250298865310326,6.994030432335904,8.407825498863724,8.503140778016787,12.853999806582491,13.688527118539717,8.863536837967056,8.697063443737445,8.316592526928728,8.089990780165834,4.916335342504973,6.304216201127089,6.402633569019167,2.5136418169293524,6.373763672246572,3.6225553276830857,3.315642926623439,10.499040106748021,9.050642733954863,4.601843195956157,5.466303562751952
