,0,1,2,3,4,5,6,7,8,9,10,11,12,13,14,15,16,17,18,19,20,21,22,23,24,25,26,27,28,29,30,31,32,33,34,35,36,37,38,39,40,41,42,43,44,45,46,47,48,49,50,51,52,53,54,55,56,57,58,59,60,61,62,63,64,65,66,67,68,69,70,71,72,73,74,75,76,77,78
0,-0.0,3.935994035488137,2.8315248939319573,3.4730241762569127,6.837186840576239,4.920401931276789,12.42468813265823,15.30290799477407,12.629943312696131,13.139846420130928,10.269440035213155,13.36172857596959,11.230233848624897,9.063875667055493,7.70517621287693,6.52352802389104,9.308685634844162,12.306417042425661,5.004063546849412,10.61569069147615,12.713513217921179,16.772497984925216,15.050610441722503,9.268157340302471,6.257302570639505,8.15624338421274,7.244426563498949,7.384050682642128,14.97121616190088,20.02457855935913,19.471848334164793,25.585026710737548,24.1237212466708,17.51880813794591,14.343224991748446,13.067076903999665,20.55255514615518,18.957414746932507,15.823953806769948,21.873779152770023,19.314670392153733,24.241542335513035,20.93810918062514,7.21787988937256,21.386351405800134,24.833190646023233,25.05735920334888,13.104383549010878,15.807980475711968,14.942943155408848,11.21131648451592,12.212487506517734,11.199996793477853,13.329241856089723,14.83672206438034,12.842871151524221,16.30115486609056,11.989478427595104,19.27817821788035,17.873647523459827,13.649403683513539,23.695030574533337,26.533564460088503,22.06832964418078,14.05761937017466,16.585357500858247,8.218069553016305,20.426716240667925,16.99527268626343,20.142569727376262,17.765621622380667,13.051449814454926,15.074390399832465,9.69609244320328,13.25097952520718,17.272746500956732,9.79663798626236,9.168746684368047,19.283297296808662
1,3.935994035488137,-0.0,2.128188452498413,2.2849711907909334,2.985487865988605,1.8304731218976706,8.349661644208666,11.241942301492726,9.547104220619303,8.190003340289763,5.670248804334687,8.850344934166575,6.609355655524669,5.283126396833351,5.06771853386448,2.963361433405309,5.523049934612037,7.666401138443114,3.0485312633293176,6.085502231561658,8.379150150917027,13.198072566804342,10.392398372134563,6.571440412601104,5.102909945653842,4.8102817557860105,3.9126040291984463,4.890050131569554,13.462422493566033,15.154020400068813,14.840733090809017,21.131577948956217,20.14858270571457,13.682552646079595,11.518525299587395,9.955739694877343,17.52464659775453,14.251434336186223,12.202295558032603,17.711742324417607,14.612491691333746,20.75893785621491,15.073463395033233,5.562065475015493,15.270213825068325,20.75405163892385,18.77509234650693,11.844295517817718,11.547848669355384,11.328937459286147,8.802703764688749,8.782706073708058,8.581474211704425,10.166217238098142,11.556937421751375,10.157231914647687,11.38745204015318,10.141345135493259,15.188752418647148,16.373637295471518,9.605564200240385,18.41547271931299,21.627859108315306,17.725614896316618,10.48647106387324,11.995636694895179,5.330761264632007,15.057809324221068,13.78134045097494,16.514490828265448,12.752338082570065,9.551574367008563,11.69327201994898,8.011507528333,9.8760668171144,13.934243148570202,7.687221063104983,6.4096057820657135,16.602202694412785
2,2.8315248939319573,2.128188452498413,-0.0,2.595565872212263,4.049588059489815,3.471389876166864,10.556619070840604,11.003212986819785,12.386051275863801,11.099556011261713,7.875626640453855,10.346258283735224,8.833283593484229,6.529405778564371,7.0300539512397275,5.0073193897615775,7.861256003489328,11.098950203364561,4.0418132368315245,8.391028237769001,9.959852666486686,15.145381717339042,12.344788398195671,8.225908669875984,6.449185784074534,6.44026747228438,5.28118654569441,6.3839554615148115,15.531799518107166,17.467529743905533,17.939878682057774,23.87036070893509,20.485214921217587,16.34120903987608,13.048062328922446,11.892016976428984,19.701083574985805,16.263390086503705,13.848874676289988,19.704246937940635,17.29903697128662,25.09267164230109,17.65422598417943,5.166205718051362,16.285179349514088,21.990127619195697,20.63515690339892,11.80233916839772,11.912044371966678,13.11229905621896,10.198675059180157,10.706864330899947,10.07614630391211,12.971212255787828,12.413529329187936,11.509876450587452,14.191012862395507,12.228654799574157,15.599159089038078,17.135462955936816,10.843280107931582,20.26252609587811,24.890719587542986,18.985833960798185,10.962143419701516,15.036363315179475,5.774504735505721,15.290694693095665,14.886828715881204,15.022574033784005,14.848988793452191,11.561812875688771,13.057753949959729,7.6181820739853,10.53692070487207,15.2709565186411,7.489411065079414,6.394971598092828,17.26182438286605
3,3.4730241762569127,2.2849711907909334,2.595565872212263,-0.0,3.28386973767458,3.344477544457251,9.46420138327768,10.491080686094016,10.067250859068777,9.883446950191557,7.226751035518649,9.577941391212407,8.091236235713701,5.374667489591106,4.749489604506038,3.7870206759491962,6.429655583649262,9.484462825315752,1.7649144826535907,7.102615645914933,9.55927276908861,12.883321537988415,11.146237379622038,6.355952561881793,3.265080122285153,4.951646986834935,4.298588165564002,4.452383358824131,11.494430610038712,16.33868599470666,16.397930153576585,22.368354118692658,19.241733772375795,14.47965488313123,12.118844959209577,10.548126364035424,16.862938206761346,14.747561546794682,11.75354632615698,19.528036586532302,16.53680888471356,21.519702141033083,17.06250810619008,5.531606565587113,17.001072333434234,21.887445929597078,20.185642553588877,10.8566289927842,11.670475437473327,10.786543359538395,8.966006253389425,9.055971322064412,7.383607266020319,10.2955923653587,10.873212554796698,9.196086509069227,13.220541586046409,8.8045260457739,14.600399215751533,13.936034674957185,9.572820575900066,19.133306253959578,22.267093629042243,19.344426487450065,9.078724857002591,13.413257286955842,4.777037562628671,15.679930551595353,13.928146981641332,14.994860713329109,13.852518922846526,9.795698715219444,12.033639161375744,7.199271713755181,9.573956086847872,13.664720165356684,7.237686291245362,5.439801628431944,22.19907405311926
4,6.837186840576239,2.985487865988605,4.049588059489815,3.28386973767458,-0.0,2.559121251876968,6.078485996857797,7.792448462453761,7.277500311312033,5.8373003404107076,3.709141397159644,5.460535632319624,4.11077639856519,2.057168946436204,2.900751818167956,1.6838446215415694,3.448696992814244,5.373353274379831,2.6925825171235807,4.025634998226417,6.06397099598426,11.162217657251304,8.65377804079663,4.906377250372934,4.028082076930779,2.8606985532563307,2.176232991773774,2.623253218137818,9.801930941942906,13.235525039593398,13.97755992199189,19.337680217326255,16.995422350107052,12.46218124395542,10.892450125116634,8.202257301175552,16.203410611568,11.9703893692719,11.435414417204317,15.096929961693101,12.338474951049506,19.41024354771951,13.246017541479507,5.862925571209894,13.870317408461295,16.99909487958525,16.625727459805347,13.121441418968166,8.9586216541746,9.213982302781206,9.10744088706075,6.934543613885096,5.662140711341515,7.670911612221411,8.962014714914213,7.536227722628656,10.320946850583008,7.498353448319957,11.059076742392275,13.444292648546956,7.251624140326209,15.642176584748807,19.968534269158642,13.798588167464922,7.407514504769861,9.638449645363673,4.183765635690647,11.014614816716406,12.580532939928112,12.836922601743273,10.793793987001017,8.544506517433755,9.467481172608448,6.089061718083866,8.186678042299784,12.162964628463353,6.7143089425554905,4.194253954500578,12.793236745873902
5,4.920401931276789,1.8304731218976706,3.471389876166864,3.344477544457251,2.559121251876968,-0.0,8.085822059274253,9.721475243834721,9.002163787497656,7.293679884418079,5.364060000616571,7.310305548369452,5.770819895074906,4.432675194754768,4.534639595754618,2.4879874959209065,4.769599964447794,6.108408263184783,3.4871561734352166,5.592150678888009,7.7530961631418736,11.705233609363123,9.490669110694137,6.192363606629428,5.1111039605965845,4.378617870112425,3.519850544575428,4.5435797734660595,11.87534138410198,13.341811031701768,13.25611841409643,20.316482562937438,18.29904625998616,12.94175112536053,11.07479862959333,9.362628956037057,16.009018821759067,13.147495521964778,11.838062600131044,15.682177681891265,13.141583258661726,18.381902065082123,13.763484377796031,5.359209874983966,15.547415904637674,17.8210487911576,17.832773771301962,12.596417105972085,10.707346084143252,10.007363284759592,8.82747174708437,7.829833043908094,7.5835688473182365,9.089248341973118,10.536554381695607,9.28641892334069,10.891704417066158,8.551510418677923,13.980738773635782,13.847802781599563,8.325227052717649,19.121276588103914,23.247893162334268,14.961093611259123,9.620465644330524,10.640713965795236,5.1172345324608175,13.52170573423076,11.67376698087644,14.310851311943516,11.997244791108601,8.376485463362544,10.747707937736559,6.988766621121556,8.809240842316244,12.393383791412598,7.6444464909083605,5.354225604342513,20.062543948681167
6,12.42468813265823,8.349661644208666,10.556619070840604,9.46420138327768,6.078485996857797,8.085822059274253,-0.0,4.581342732637182,3.0972415099510555,3.310128842703789,6.215307969535834,4.1413477505621525,4.730731506310066,5.330148929249814,5.344704749861714,6.5916584172761254,4.660287219803357,7.944100016136001,7.529228809458024,8.54021990728624,2.722889089162179,6.230051461230862,5.500841008759626,6.002173332289818,7.477026643194094,5.615151121335097,5.98789086143526,4.564971855313358,4.526066633677307,6.544489220428531,8.220493123580518,11.32311811622262,10.655490382299542,8.865023785877687,8.393704192840225,6.742313615826816,15.740098511409018,7.116001270602212,9.333697835399818,10.597011742049071,7.492910978880836,11.734209918284206,10.499515789226725,10.29454192788333,8.605069193862708,11.325892079388412,10.844332710238234,16.83618856781488,8.516878526763755,7.3811432548640274,11.845639424292477,5.080246302483965,3.7280899078125778,4.041746233549916,4.071270141383385,4.600197131947649,8.06041080454371,2.717676290093249,6.243580635556256,6.948217550716646,7.1507631722571645,10.49896369234718,13.124620230838238,10.583158943003603,4.830479313515129,5.67236493522809,7.304445164832494,6.634352171144176,6.308617833657874,8.592446436072878,6.622986266407689,6.666917130935637,7.893002825915587,8.484317735684025,5.53067231330212,6.400032950642221,12.370954931298554,8.122753099806642,25.202511196230716
7,15.30290799477407,11.241942301492726,11.003212986819785,10.491080686094016,7.792448462453761,9.721475243834721,4.581342732637182,-0.0,5.998953821221224,4.426425302401457,5.74713367512291,2.67074851335095,4.835637970800544,7.238075868201599,6.69429779971461,8.637340386577101,6.9876769264343075,6.945523199844642,10.2939843921993,6.705097900778228,5.769812201461294,4.1283469479722905,2.699528814674004,5.860217583091742,10.65879056964377,6.615265748375252,6.895194538302319,7.251617677857537,7.107388875608912,4.625225580312048,5.83021967473798,9.508354775453123,7.6836316662055575,6.421173488539411,10.40830789503564,5.429033320119487,10.833935788271681,4.9348175289773595,7.821867535930101,7.819682269933426,6.026016450981541,10.408796849202274,7.601595808690146,11.606080441892466,7.189495710822409,7.8728589244251825,7.956052655793319,14.794971959733108,5.368244232719311,5.2013945060362685,10.402011718468781,3.264890322878858,4.088130425335505,3.974014666076766,3.793092092425009,3.7676225550957305,6.402895860323906,4.39028422976818,5.780108486370925,5.783009475218086,4.284004512311163,9.087941933660494,14.195431315707822,6.288993085099932,4.036354492481376,3.809962160551867,8.013834128257738,3.745954870185009,4.1143832799788305,4.757233857009508,5.4888064061184645,8.350784329447666,5.150295543744014,8.155197501229939,4.261335770020519,6.406345895261807,8.151870155533267,6.239384803260343,36.875072516095265
8,12.629943312696131,9.547104220619303,12.386051275863801,10.067250859068777,7.277500311312033,9.002163787497656,3.0972415099510555,5.998953821221224,-0.0,4.741060659181207,5.818356467929746,4.8844083881609945,4.290818208388049,5.202553931468392,4.0299688373564,6.25164118015355,4.8595677551864895,6.772800156772685,7.948371974642856,6.480276703234547,2.427022428097835,6.864038647612429,8.858025268280981,4.347534975324895,6.649404934418105,4.8584030684108175,6.452503244745275,4.985357884238751,4.945864915964281,7.429826831965461,10.298382069210307,12.30343453553882,12.261452520919372,9.880873875061823,5.859947213871563,5.547024099753519,13.432140480689151,9.506261098771327,10.4796979015512,12.213810821701278,9.047446356891621,12.21667404869052,12.536596548026264,12.32585603696367,12.831022699285443,15.320516310155533,12.85008865229937,14.144836278613905,10.898329069847174,7.626584275798728,11.106337578435703,5.17537673812102,4.461426058925314,3.150462920234691,5.321530431793262,5.302775514916584,9.875178454997931,3.368673121503918,7.657326682249918,7.880686555104029,10.072038446088152,13.230681536711447,13.243214071241562,13.21386542498127,6.2590294147001515,7.859724318564653,7.68256756162771,9.019020147907106,8.959231428245214,11.437402841145488,6.991512155459364,7.734441838745259,9.040455111879947,9.289486988439867,7.684744307539389,7.116650700438911,10.24232639891608,8.326687288984887,28.90278671176621
9,13.139846420130928,8.190003340289763,11.099556011261713,9.883446950191557,5.8373003404107076,7.293679884418079,3.310128842703789,4.426425302401457,4.741060659181207,-0.0,3.8869001110493393,2.5146722951565597,3.552546045744224,4.865220167455203,4.3702028956674965,4.8803615891534236,4.853094747607843,4.981533129743326,7.309329363934637,4.687902197407714,4.238704489803519,6.044823296097223,3.8450137482223883,3.874099820836804,6.6688513309196225,3.8206720386973223,5.526450836859962,4.479911882422161,6.354326687028313,6.481821544737115,7.399884607976499,11.868174830640612,11.53460839358687,6.873720736459557,10.826752186613646,5.139827193132754,11.831638475860203,6.76808041638885,7.024739917182226,10.193453522485033,6.0081599844422735,11.599628321325417,8.589621076708129,10.06938649589126,8.917151628432794,10.30821897625197,10.54796001435052,14.137043945857465,6.6248928808164305,4.991871533708072,8.555072046820822,2.9636389301116766,2.563674041639474,2.45187017770142,4.435399702692625,3.028432755920588,5.551308309043611,3.249636761348729,6.6174441681236615,8.446160608401529,4.8610568355157975,9.302721447652496,13.31125125697246,8.619847130272985,3.9917784527706783,3.793884073469166,4.994392452318072,7.295697397460942,6.934936978685258,9.382064720090575,5.599221609475526,3.915469285737357,5.19914745809378,5.869300495232665,4.017161473302152,7.318403988110638,7.974190412228427,6.110980020218921,22.9777553194364
10,10.269440035213155,5.670248804334687,7.875626640453855,7.226751035518649,3.709141397159644,5.364060000616571,6.215307969535834,5.74713367512291,5.818356467929746,3.8869001110493393,-0.0,3.697427071412325,1.7378729691726211,3.038443709324906,2.8466016192888164,2.549210224399975,3.9833425532483235,3.046238088343245,4.756148417898906,1.9711143848976678,4.657981072707128,9.330602049494194,6.079849890569417,3.114893313862423,4.780541396631188,2.252815604782686,1.8486563466239703,3.0452079253769226,10.595024666668891,9.35313898115372,10.909670771406496,13.444277965957736,13.380595073439427,9.536933307608413,10.100192514389786,6.62900730752517,13.55972905823135,10.072421397108581,8.97681922806532,12.574970575156122,9.40885506610081,15.263723083674721,10.256636562243697,9.956472331168095,11.961088403835161,13.55795118518501,13.392532996472161,10.644624440897555,8.285029275817937,7.503152133917672,8.115762241289293,4.93861590055502,5.063953717860311,5.2925150509116925,7.039187866216632,6.0531151779763075,7.743857871186318,5.597047308985024,9.278451633750569,10.185997495722921,5.484624113946943,13.87327278028294,17.85796309815954,11.225909365766654,6.469085849752827,6.164110590311364,4.987192605592629,9.431736223270663,8.716432849027433,10.41496744846669,9.145626901327049,5.987625401822846,7.922441310933495,7.313122325119783,5.8798825987791705,11.160286830147628,6.6901681739802745,4.170679232993836,22.006473139441674
11,13.36172857596959,8.850344934166575,10.346258283735224,9.577941391212407,5.460535632319624,7.310305548369452,4.1413477505621525,2.67074851335095,4.8844083881609945,2.5146722951565597,3.697427071412325,-0.0,3.0164484031700116,4.490508588222247,4.358984868076182,5.494306719882733,4.427945563852386,4.085554667153925,7.8878394454618,3.887966386964396,4.159463971410937,6.333772062885215,4.1101363647385964,4.245643773098097,7.491999519505404,4.431166312240842,5.516412675817928,4.604549016338578,7.709750538289147,6.185165967385562,7.7558615810874185,12.431134154644006,10.46857875705639,6.80046583312736,9.040293423006423,5.309391612857885,10.636680467654129,6.761676518363852,7.534438029040827,9.303756954040127,6.0330092057233085,11.51993847740659,7.820257094079063,9.08323613226459,9.555520319188448,8.307876526012993,10.086827570004013,14.37241917832387,5.872947057619779,4.214246258142922,7.861014004610027,3.113104744839671,2.8301860466027775,3.6002474171436902,4.912559667914201,4.086490994456761,6.319268015067686,3.8669499499059024,6.83265665749701,7.782660695786064,4.497716896514652,10.617026053646708,15.092385147890779,7.480738433256579,3.118746652361495,4.467560252959987,5.138520984173516,5.041876178485083,6.942407960169809,7.197692081258402,6.570943930589618,7.451858907831271,5.491494940604713,5.890621865417167,4.516307797157431,8.454653262115896,6.547347024811052,5.102491932286757,19.457885059063063
12,11.230233848624897,6.609355655524669,8.833283593484229,8.091236235713701,4.11077639856519,5.770819895074906,4.730731506310066,4.835637970800544,4.290818208388049,3.552546045744224,1.7378729691726211,3.0164484031700116,-0.0,2.8197336759449794,2.414269774861695,3.494891411624867,3.0352924873762266,2.463721566929686,5.858434433156335,2.5918014380302137,3.693027931119606,8.442160054439288,6.383020622086618,3.522230262623228,5.777601739478702,3.102313594907031,3.4676351730730435,3.457897607227434,8.950344513700687,8.577618962598898,10.680489526529426,12.700914993882817,12.205645648567922,9.867381057608505,7.369616727501193,6.351761553882497,14.084651865675665,9.832810238804367,9.456695949080347,12.214126755479468,9.38880377977418,14.530900240178992,10.279185692835572,10.098082101764907,11.834945915304017,13.821481284677454,12.790216845161359,12.930821498100455,8.018110797823981,8.048193192771862,9.0012897710552,4.9791480409042315,4.4657909038923,4.8398632718080465,6.6442771242109915,5.706354400855612,8.570086595787217,4.8057736716723625,8.981493353321943,9.137613660571489,5.881018888544214,13.389499370920593,16.54600242833164,11.302038467418948,5.341529906288811,6.359344074599264,5.625467810448115,8.028858002976342,8.649056756597979,9.719808251005624,8.137080713454859,7.209835679726369,8.014896169182528,7.620599773452283,6.296559179526888,10.333154457458981,7.095785341970648,4.671400475676958,22.34747758978738
13,9.063875667055493,5.283126396833351,6.529405778564371,5.374667489591106,2.057168946436204,4.432675194754768,5.330148929249814,7.238075868201599,5.202553931468392,4.865220167455203,3.038443709324906,4.490508588222247,2.8197336759449794,-0.0,2.127684682998335,3.0733538104476708,2.286576236453057,3.6523210604592684,4.2008523573312235,3.0761550847980326,4.604065040413036,10.463179098253207,8.037283674756008,3.779096806864828,4.955533158246761,3.3890003520248677,2.9062930490379046,2.3096621591192714,8.276975729349793,12.009950672365088,12.888645878540453,16.900329903033583,16.003240144058577,11.710482347748165,10.325552699529231,7.91457629713863,15.604549325677247,10.819302606587517,12.155531384084513,13.498325695445345,11.401808189362855,16.776166232350203,12.62252495724635,7.653450620658182,14.752763655284172,15.988796527206238,16.637451722406546,14.109185716709085,9.595904167691222,8.637160520709037,9.46525274191522,6.108865501905218,4.549197407309292,5.555596823366446,7.814091286871851,7.1213836627736296,9.802347165913213,5.52362133601032,9.118103500156119,11.836097570427947,7.472550512318309,14.851248950874089,17.87233771836493,13.10908006785491,6.478697894660041,7.7826868602999575,5.0293541149707615,9.598315366438651,11.16500266851723,12.016200976391287,10.998822080810912,8.121039851005587,8.538257193223998,6.5450793752722225,7.456442985504316,11.29074259522885,7.396341843686011,4.443798408930642,12.12718781535765
14,7.70517621287693,5.06771853386448,7.0300539512397275,4.749489604506038,2.900751818167956,4.534639595754618,5.344704749861714,6.69429779971461,4.0299688373564,4.3702028956674965,2.8466016192888164,4.358984868076182,2.414269774861695,2.127684682998335,-0.0,2.3892084267110265,2.6548966241869696,4.08196558577823,3.2867544945298435,3.385763011012608,3.843255482893685,9.013145698109899,7.858825711720118,2.963270143685091,2.9956830198001207,1.7365469228551216,2.4323337259709836,1.9139677013641234,7.838685598146622,9.965219710452976,11.740500421281187,14.77598852208178,14.102324337446136,10.41056543673139,7.056330496425778,6.259834783732436,13.69546694038965,10.880381015771173,10.247490952947123,13.459196143349974,10.469074096731338,15.29372764007042,11.718810907817216,7.961757362624725,13.240501364369152,15.812326810138146,14.318767105098404,11.171565533182939,9.809178192625259,7.314018801751138,8.75516675276666,5.360911099870366,4.038906760611728,4.6955972947637274,7.281793272298667,5.9377633711615525,9.387046243998231,4.711748291606444,9.838104015129911,10.226370044388984,7.9316692278549645,14.509257994758178,17.438881364146496,13.19368852279844,6.031543485802607,7.800530194243097,4.862659651769261,10.424200658817895,10.321071218164898,12.014575904547668,9.187270854114928,7.014378694242272,8.732792090314653,6.773119641908045,7.125956634038369,10.203685252891153,7.178771277078789,5.1212698113045985,23.120356983164733
15,6.52352802389104,2.963361433405309,5.0073193897615775,3.7870206759491962,1.6838446215415694,2.4879874959209065,6.5916584172761254,8.637340386577101,6.25164118015355,4.8803615891534236,2.549210224399975,5.494306719882733,3.494891411624867,3.0733538104476708,2.3892084267110265,-0.0,3.729372770118604,3.535703950630574,2.361728752128731,2.673388408846551,5.66354769199782,10.488455085709482,7.508724183415906,3.732396860845608,3.046401396212227,2.0891946906428647,1.4823307159959038,2.3842867780466475,10.123349843853044,11.07900904788351,11.27667251038784,16.055755113046047,16.34604372568269,10.970312523276435,9.95446321773665,7.571971435500707,13.937867629613699,11.100816887523173,10.726095115345958,13.42996838564791,10.746409434021903,15.239307275940668,11.725810162950289,5.378058744092035,13.625464404000466,15.821985371816227,15.863789716138188,10.575609442690162,9.663908012980066,7.909599715782548,7.600331268435141,5.960535748157934,5.3392266150231285,6.227577210662123,8.573245909031993,7.478338898641952,9.05865847057405,6.241621834020669,11.387855295763227,12.260772691515148,7.139493319256077,16.011229493109063,19.815940266288152,12.866200468617363,7.524099673098771,7.773615758331251,3.8001703079059785,11.717473484045335,10.268396608487462,13.488843736660458,10.73036848423985,6.163341035507407,8.827487035179637,5.89314606217868,7.246195740233788,11.72915975801057,6.594486629857203,4.388970810119682,19.42339697727791
16,9.308685634844162,5.523049934612037,7.861256003489328,6.429655583649262,3.448696992814244,4.769599964447794,4.660287219803357,6.9876769264343075,4.8595677551864895,4.853094747607843,3.9833425532483235,4.427945563852386,3.0352924873762266,2.286576236453057,2.6548966241869696,3.729372770118604,-0.0,4.989557605453206,4.597934061292125,5.876203068462283,3.943242827797076,9.209602976880511,7.806048533031158,4.70979748856741,5.084683982833687,3.90320050756515,3.87497228771421,2.865450913930765,7.821990240012964,10.001795103972638,11.555221445204104,15.77683246376395,14.847420690697255,11.350695107817492,8.662069533157112,8.103545062721802,16.40189960968859,10.394317016957352,11.446908745566963,12.902520954805025,10.640393952151395,15.340982354987004,12.282876474657611,8.413899034668798,13.765569715284697,15.00570959347725,14.644369120816007,15.967730421777048,9.99384171025701,8.125719367988077,10.599541527243813,6.335935180263392,5.045703664932395,6.350852463415552,7.523978403449173,7.5743420762391,9.857874728997304,4.988757940025325,9.31408422654892,10.47072479807111,8.005496169329842,16.5604248340148,19.625708292185042,12.979901041685226,6.777866895912686,7.891575516425334,6.278301792828906,9.223071353021155,9.83320855234502,11.46884154826207,10.367193088757364,7.6453843181646866,9.786613076263258,8.314451191416298,7.458364681330955,9.123727296147447,10.368527435986428,6.880873241790662,19.1420823185935
17,12.306417042425661,7.666401138443114,11.098950203364561,9.484462825315752,5.373353274379831,6.108408263184783,7.944100016136001,6.945523199844642,6.772800156772685,4.981533129743326,3.046238088343245,4.085554667153925,2.463721566929686,3.6523210604592684,4.08196558577823,3.535703950630574,4.989557605453206,-0.0,7.210321862945517,2.3822343696480037,6.509502337051576,10.76804165015703,6.584403419054067,5.315852440957192,7.030370956946483,4.224317664081099,5.792224704108109,4.917280986358951,11.268917379455749,9.887242909297807,11.269505110538471,14.243990957298314,13.854356071872855,10.731925317720371,11.307996033477146,8.411546421820091,14.760591691946551,11.111783879794709,11.161041375828127,13.048681235520604,10.83538338658832,15.31584743334698,9.865619485067352,9.665516787340685,11.931394599673604,14.315487960050342,14.754258959427675,14.619197039770919,9.909765514554659,8.30049788205129,10.132670446452986,6.10623728214587,5.418652528273018,6.256737828890817,8.454723896501077,8.342741613580339,8.045796161602057,5.930486470182452,10.429982940221077,10.124068529576231,6.1016526660026535,16.362040263807927,18.41720708770135,12.175156313667445,6.151276116141016,6.884308786379866,6.231362835855801,9.26961695465603,8.958985597036314,10.66350258644727,11.114450050005443,6.614011599458926,8.706609945828037,7.503812400939712,7.467493342979782,13.634093630352837,8.548116903996,5.8082166215770235,26.6908621926424
18,5.004063546849412,3.0485312633293176,4.0418132368315245,1.7649144826535907,2.6925825171235807,3.4871561734352166,7.529228809458024,10.2939843921993,7.948371974642856,7.309329363934637,4.756148417898906,7.8878394454618,5.858434433156335,4.2008523573312235,3.2867544945298435,2.361728752128731,4.597934061292125,7.210321862945517,-0.0,4.924004640179046,7.1944094947598405,11.924198808455712,9.457070231750693,4.7369510086461375,2.124392170152901,3.414011349922957,2.929887119371112,2.9208432373100193,9.4712416706893,14.191288311688936,13.931721117863184,19.206885203504637,18.58265847572361,12.951957575581348,11.81047076007364,9.473397886615933,14.954238918037037,12.93636318844876,10.940947119994487,16.915228606453887,13.54680124783684,18.56557658498215,15.37220355190976,5.769432366837162,15.943831995038167,19.066151888828472,18.70893539234725,10.41666935611664,11.494649910550521,9.426907130559202,8.829703960208665,7.636948733225885,6.217789725464878,8.597762234662367,9.700342736552168,8.354016637063797,11.491499361972597,7.35075886414537,12.655264810425946,13.623920289209414,8.95452452267432,17.887675009407268,22.244207770708776,16.47071024665457,8.233255386365107,10.894089362865744,4.437473665903836,14.013953247352259,12.25469159822329,15.003054191042969,11.981759658955651,7.805830132327152,10.57072192845165,6.692923550045755,8.31045305507248,12.326092338906257,7.7327462880439555,5.456163855880596,17.76344254431975
19,10.61569069147615,6.085502231561658,8.391028237769001,7.102615645914933,4.025634998226417,5.592150678888009,8.54021990728624,6.705097900778228,6.480276703234547,4.687902197407714,1.9711143848976678,3.887966386964396,2.5918014380302137,3.0761550847980326,3.385763011012608,2.673388408846551,5.876203068462283,2.3822343696480037,4.924004640179046,-0.0,6.085615738289281,11.676758420554238,6.103516620336303,3.4651104970713544,5.0877087536440415,2.372620144942691,3.0546146356964394,3.1944921194743303,12.709066175067004,10.080163006237708,11.654585861227721,13.213104859814656,13.54948318620655,9.581056326460892,11.18916863073758,7.3806090947141385,13.635005014636217,11.326185462955625,9.614368982366958,13.639386967132172,9.950770783758395,15.723154710647433,10.465385576713366,8.682813830339958,11.635471649143085,13.667037576863851,14.516570045511125,11.413831604694069,9.225920638794044,6.632191703148265,8.36358567273506,5.196474670595441,4.78356150849759,5.72216371257398,7.879265234399432,7.532244858920928,8.50506155883494,5.906454145171657,9.890923473436581,10.878162135412955,5.9765967659462245,14.086355912997771,17.79367184837975,12.222583175298217,5.209699610472162,6.509914071566799,4.5037794265063615,9.789989022799286,9.001072943368122,11.125128604897196,10.7423256959517,5.480971913713161,7.532211340810817,6.779690391409661,5.7498505912067115,14.422342586894832,6.549591421111158,3.8341176414362215,22.976911575583962
20,12.713513217921179,8.379150150917027,9.959852666486686,9.55927276908861,6.06397099598426,7.7530961631418736,2.722889089162179,5.769812201461294,2.427022428097835,4.238704489803519,4.657981072707128,4.159463971410937,3.693027931119606,4.604065040413036,3.843255482893685,5.66354769199782,3.943242827797076,6.509502337051576,7.1944094947598405,6.085615738289281,-0.0,7.539422896112134,8.578311244277137,4.046638245414851,6.724975226616236,4.60169024821911,5.362828069625972,4.374971366573835,6.6862383352625265,7.893612101187815,10.13129538945531,13.402501382498068,13.174138558733906,10.013043976985779,4.69742211728651,5.580483334908746,14.154029351909417,9.66745798557719,9.286538600970658,11.835089902580423,8.669687569396576,13.327386073196202,12.232921572641851,10.81037253382208,12.626535987883166,14.20495419017524,12.995555207497647,14.438306187714295,8.63386169990166,7.780692757215948,9.900591490396605,5.227271266487851,4.565155462835534,3.505627670463815,5.047183099179274,4.977630070277208,9.215662754756483,3.853598205471424,6.862257316800747,8.736362050031964,8.868875207755217,13.24415213322935,15.819600587480878,12.094625159718216,5.515644678320059,7.513160300049663,6.427224795760524,7.914578175716274,9.03195863600346,10.781865651070916,6.661202985058943,7.643497868678055,8.602230220878598,7.7464594596451635,6.817084888434996,7.575419447382783,9.462897509757495,6.894776604214035,17.3138524323849
21,16.772497984925216,13.198072566804342,15.145381717339042,12.883321537988415,11.162217657251304,11.705233609363123,6.230051461230862,4.1283469479722905,6.864038647612429,6.044823296097223,9.330602049494194,6.333772062885215,8.442160054439288,10.463179098253207,9.013145698109899,10.488455085709482,9.209602976880511,10.76804165015703,11.924198808455712,11.676758420554238,7.539422896112134,-0.0,4.118460298500076,8.397435900523934,12.285718624541367,9.019377288837587,9.033579486178114,9.4244824965188,4.980180347711929,2.7044984623618196,3.44244959122346,6.458384728770218,4.965889092132397,5.168232808492367,11.889312197402273,6.020435943618343,12.726355369559721,3.575155836479797,7.307157440625471,5.441484986242253,4.601753207296028,5.650037645190601,7.236440370636528,13.509392430542317,6.60247878235034,5.806581617196391,5.368825658352679,17.394456034369682,7.470465211368328,7.8497294560957975,13.902942459877483,5.318676145159052,5.864564892634718,5.155691077432049,3.82162331974914,4.09575524866297,7.2237419903752285,5.308837289595858,3.8292744202913562,3.0966174628284344,6.128938886889289,6.559235139006046,8.072093457703915,4.803932937505464,6.16444820642318,3.7796892532346273,10.834821810031285,4.673047995557703,3.2098771164343716,4.8766138859906345,4.2438566281101,8.43641112783841,6.467012034144867,10.2704962351771,5.888670187177174,5.205739204323962,12.641941330987303,10.256182370550391,43.12914505366084
22,15.050610441722503,10.392398372134563,12.344788398195671,11.146237379622038,8.65377804079663,9.490669110694137,5.500841008759626,2.699528814674004,8.858025268280981,3.8450137482223883,6.079849890569417,4.1101363647385964,6.383020622086618,8.037283674756008,7.858825711720118,7.508724183415906,7.806048533031158,6.584403419054067,9.457070231750693,6.103516620336303,8.578311244277137,4.118460298500076,-0.0,5.474138044106302,9.31575810297627,6.445718633238707,6.6028158197612825,7.349594044978241,6.336049001084118,4.746296748818922,4.868673099239496,9.210878383291055,7.868783685119794,4.639715666331325,16.4196340248847,7.138765558098705,9.049171055505845,4.952016274050708,7.430081826789892,7.138982754798369,5.0827890832358875,8.38339601464056,5.948781946625657,11.166503376014507,5.096460004216945,6.045364882251315,7.822415401557532,12.000568557728988,5.927876867894036,4.2789913900155705,9.527474485557107,2.993140819056062,4.56211449298635,4.394450409167687,3.9047552926516813,3.6309371217718986,3.8320463186672566,4.32531814394805,5.261472595687828,5.629070625494231,4.196065581299957,7.405022990946592,10.470682918434981,5.365430596150007,4.509998813724678,2.75514001749533,7.073235015626836,4.205588347572433,2.888019020115065,5.039501803296239,6.284036083592005,4.815051263857308,4.103279399154552,7.468130213566783,3.184063366749956,7.374647429943696,8.604381784339369,7.223438801770902,28.200688438883862
23,9.268157340302471,6.571440412601104,8.225908669875984,6.355952561881793,4.906377250372934,6.192363606629428,6.002173332289818,5.860217583091742,4.347534975324895,3.874099820836804,3.114893313862423,4.245643773098097,3.522230262623228,3.779096806864828,2.963270143685091,3.732396860845608,4.70979748856741,5.315852440957192,4.7369510086461375,3.4651104970713544,4.046638245414851,8.397435900523934,5.474138044106302,-0.0,4.198493648145822,2.9052321387048226,3.043967344835291,3.2533478323860305,7.598488010396386,9.413295307333351,9.771341116721969,12.678771159612005,13.477876724363828,7.680686616387266,7.201819237333681,4.94485248263708,10.834597440582058,9.445425804933116,7.1432669456706845,12.207353553904484,8.455103917572666,13.140180656820533,11.152146579536874,9.395231819389789,11.793284229889709,13.638939604991302,13.778543538078011,8.49745449911946,8.377057563256152,4.947830623841549,7.172269131528762,3.1823693050762643,2.945925282177545,4.016060131432949,6.278748518855209,4.53981713089008,6.67462583833206,3.969010350015095,8.580331460319307,9.336306825016631,5.997029562833351,12.631875050411674,15.920037473004472,11.913120978191763,5.133091557019566,6.152058460832221,4.351148511624595,9.176194303117345,7.296602306200673,10.589225058529534,7.93800866795649,4.483173006583908,6.067326232314117,5.953197622295529,4.436449832032619,9.771023314255299,6.1257095251826,4.69452256652189,17.69859960624754
24,6.257302570639505,5.102909945653842,6.449185784074534,3.265080122285153,4.028082076930779,5.1111039605965845,7.477026643194094,10.65879056964377,6.649404934418105,6.6688513309196225,4.780541396631188,7.491999519505404,5.777601739478702,4.955533158246761,2.9956830198001207,3.046401396212227,5.084683982833687,7.030370956946483,2.124392170152901,5.0877087536440415,6.724975226616236,12.285718624541367,9.31575810297627,4.198493648145822,-0.0,3.4856998074659464,3.2442087015215035,2.523683852830284,9.18981825401211,13.95867774435042,13.753837896676457,18.1309734907934,19.09714136971941,11.574182311821613,9.711108277129906,7.625308011021267,14.30638714441773,12.651868386537421,9.908409784661847,15.917962032657416,11.984899480903083,17.43912969726544,15.37079440408154,7.833463792565812,16.983005433815585,17.745689760430594,18.216506129569005,9.806515800918026,11.846909469939495,8.456283017520686,8.61498534880374,6.896779634814179,5.894975625010182,7.379152497513187,9.443530122108113,7.249018709651957,11.489158782222576,7.044484468815915,12.351377307247434,14.380414864114908,9.195924141810806,15.718677260049885,22.39383110738243,15.371032108835603,9.107110376476548,10.008123052390177,4.682801807532814,14.155679229033996,12.688765532161517,16.528834434158792,11.045870654025775,7.972128218278493,9.949334085334007,6.957736955584951,8.268102118918634,12.81226262823977,8.122499208649346,7.021304599400938,17.220681368825716
25,8.15624338421274,4.8102817557860105,6.44026747228438,4.951646986834935,2.8606985532563307,4.378617870112425,5.615151121335097,6.615265748375252,4.8584030684108175,3.8206720386973223,2.252815604782686,4.431166312240842,3.102313594907031,3.3890003520248677,1.7365469228551216,2.0891946906428647,3.90320050756515,4.224317664081099,3.414011349922957,2.372620144942691,4.60169024821911,9.019377288837587,6.445718633238707,2.9052321387048226,3.4856998074659464,-0.0,1.7961344597414222,1.7619249966379402,8.938061098987163,9.723874080660302,10.318055829684365,14.464458126063418,13.859291637138503,9.812833817893408,8.710022746152852,6.221399026365631,12.705687152260818,10.319345355586579,9.28829603600571,13.348095790695723,9.457578447508629,15.311136028601135,11.35651671203102,7.418110114947698,11.013020170371398,14.786073194541519,14.011478844463419,9.43188026649388,9.01297849889663,6.151780315407797,7.845478222701562,4.860183702878325,3.5903937046431778,5.229327850534798,7.395425537822404,5.836359417274518,8.168857684375004,4.9076220827297,10.852836287931916,10.533749506552263,6.588519786633874,14.571760762132461,17.62799881681071,11.954067234615179,5.322683862939183,7.466121473041061,3.5543734011662154,11.795863347472226,9.66000727687443,12.22153710361652,9.370369521297542,5.181888137177699,7.8241699420263195,5.201031785281176,5.814946557881558,10.571583998513672,6.0589848324216,3.7415700726557586,26.213885821900785
26,7.244426563498949,3.9126040291984463,5.28118654569441,4.298588165564002,2.176232991773774,3.519850544575428,5.98789086143526,6.895194538302319,6.452503244745275,5.526450836859962,1.8486563466239703,5.516412675817928,3.4676351730730435,2.9062930490379046,2.4323337259709836,1.4823307159959038,3.87497228771421,5.792224704108109,2.929887119371112,3.0546146356964394,5.362828069625972,9.033579486178114,6.6028158197612825,3.043967344835291,3.2442087015215035,1.7961344597414222,-0.0,1.9785373364979282,9.1760297460001,11.170472854794328,11.514251042077163,15.561408490860043,14.714095952597011,10.167712915830863,10.082262830931885,7.281178843913981,13.425536761212273,10.658965111033922,10.429212738722084,13.904306276505856,10.858947620223313,16.68280010731654,12.193717118198222,6.5463395330669165,11.421760575677235,15.576633327721304,15.03532136926358,9.745315206580543,8.660047098778415,7.02707570817957,7.587908276991651,5.498234291609851,4.693389127007873,7.014782655344879,7.510925771408329,6.750290561967922,9.35098313310687,5.6939744697089605,10.610207506900846,10.766994017819032,6.270413938919119,15.976732210411672,18.93785056057713,12.49912491060139,6.15771186363788,8.409065976477649,3.978437837629028,11.292152673108518,9.046482109284902,11.180797141871802,11.020303554001815,6.237811950938248,8.388843653497066,6.184016738854155,6.23136745843782,10.384470986380148,7.064588882034451,3.9115385462749046,21.58307542845681
