,0,1,2,3,4,5,6,7,8,9,10,11,12,13,14,15,16,17,18,19,20,21,22,23,24,25,26,27,28,29,30,31,32,33,34,35,36,37,38,39,40,41,42,43,44,45,46,47,48,49,50,51,52,53,54,55,56,57,58,59,60,61,62,63,64,65,66,67,68,69,70,71,72,73,74,75,76,77
0,-0.0,7.589376011985344,9.412690268420702,15.084691568782763,22.984150763613567,34.6661233525852,32.54152773742505,29.740816868115843,23.52705169932897,31.420903933224537,33.00738988847915,31.595870904911845,34.683830044143356,33.2185610317958,14.62404517279159,16.02330831469015,12.30592898446864,19.036117600329185,19.124870247959134,29.120179283685804,46.227386935407544,40.034805073564655,42.50246412538016,30.756317140780407,32.18273425815743,30.460248928618704,14.705270176317667,13.467380289045407,19.741997890301143,16.55350278778541,21.926995253955642,17.250636405723636,22.21493630558774,22.043243254933813,4.4262342610321,8.417031740215942,13.55947734275963,7.543809765172853,7.294008007058248,21.72971680393895,30.165957204555653,31.986837905055992,35.223366167258305,43.78292829748435,29.711076773981713,30.90482444638999,41.97414978247408,36.18400107613458,22.302972643808037,25.350164495656653,20.872569582334066,19.353072926879914,19.16370959531103,29.664874032829584,49.42865695729353,41.010505221460946,51.62765666506262,31.879240025896557,31.34138875692222,25.166616345772702,23.631611776014847,19.7486116636145,27.46555560178035,7.777725784318623,19.426353103414844,24.72083606252102,28.867812574280965,44.20772681403999,26.959286472128934,32.79878385338955,21.59588441866204,18.736511642541142,20.923571214742886,24.609225810165174,21.564659490511012,13.596741312746643,12.770629542018469,16.79321837212767
1,7.589376011985344,-0.0,3.225014037453279,10.40384865911963,19.04539034398306,24.94503623178648,32.80409211161682,30.042871935773338,27.20302663509512,31.564438104167124,31.78349178788858,33.02966989971613,32.90203256682067,30.751956278025297,14.523474908210245,11.402932058193453,11.098152183741844,17.602106412595408,16.6309920327566,27.59602324788298,36.864736065694515,30.892900934966587,32.910164808264376,35.64046973639503,27.947542273261128,33.83756424610486,15.187128608492023,12.129780751468575,18.58555680490099,16.822373491757766,17.067026944533964,22.206206845379036,20.087682281191423,24.879180657139127,7.0216699823203985,4.837350013360759,9.25471328159384,13.99872659167225,5.4243195644821744,21.762299228056285,24.277978597109524,40.31897001735462,36.3813495371091,34.72020730469983,30.799655133571502,32.95921271437157,44.73996089982644,33.9675550763817,24.121444854764366,26.97630569145528,19.19360764930106,24.05139164255429,19.4092304761538,24.128092348650814,48.64356489462331,38.430459814597434,52.8195078386356,25.407336132196143,27.832560600726982,21.29476061221261,22.446086576332565,19.651947368825255,22.70014894166427,12.405859466290726,17.798869703320136,20.93405729892589,33.818770377849305,40.895725171085964,23.977213264449208,30.266822685995614,21.65974641402558,20.925064189859917,20.685382582736988,24.304392539900864,17.510083621262385,10.358386765610119,12.95423467597642,11.335479186491073
2,9.412690268420702,3.225014037453279,-0.0,7.791309892591717,16.367261875205322,22.968836342871157,27.444957530734513,30.76737465546255,23.936024305264826,27.765906525375627,27.635309366335463,33.78881023873073,30.18957400249035,27.201560957758986,13.19210099167015,11.922898028725818,8.003550590294523,15.702747063679498,15.010746564741483,23.15088989031753,29.477813432033628,24.66185506027657,30.66656489833284,31.691355427688848,25.207944100464516,27.75762942467823,15.052264065206995,9.626295884787694,14.778294304141424,14.864762596472282,15.058774916685815,16.358869821803918,20.07836884299582,21.057261183461566,5.968400184602792,4.805963086657635,11.805930497777577,13.895941372992507,7.353826355221699,19.38160906981332,18.946621916246677,31.89625113469632,30.423443690711593,27.645755252615903,28.513488225667025,29.685115147456653,35.91905133276528,29.237809429655425,27.204934550952363,20.89176484810618,15.100851523301753,20.230887928130088,14.529098671297739,18.28454306364042,36.16762915399549,40.15479257973538,49.062463005283135,19.481673722236533,21.401723537798894,17.71312017874952,15.401294029537738,15.951830098186097,17.208017923387146,12.635227920623075,15.656803782923756,15.320190997066097,28.462404320159703,27.30019956967694,24.12723929868388,33.075862410899596,18.955212527325425,17.86737709833531,16.385355603292236,15.488976695843462,13.844340619671666,8.262662881107962,8.940100980547443,8.977256415122278
3,15.084691568782763,10.40384865911963,7.791309892591717,-0.0,11.879409851090378,12.90612773118177,20.10177291730021,18.06131199086906,13.40955073199612,20.822867796376098,23.72157161756501,26.317143287467065,19.671343680381934,20.03447340081571,11.87432220134989,8.175708398650158,3.0602291595406284,5.819737016146078,7.690672426536331,14.043543024071573,19.576232791780548,18.354683687351223,24.587093413940366,24.03635505471115,19.776516018745344,17.02644742015839,11.01721239890202,6.521037898867793,6.715068873352796,13.298943586323219,6.0267825260818455,11.530164848877366,12.271531639225515,16.175722233076417,10.49204538728112,9.048021977023753,13.235524523980331,17.849705847250608,10.581954859562497,11.843513139664045,15.451256839439262,20.131456667573033,19.528349515830932,20.626039233707807,21.90486513362198,20.80054658715468,30.485550198000766,21.098606434836547,18.794855092695283,13.74382493004651,11.63926148007471,14.651774337118152,8.662141057998065,12.803513612490306,28.57279421731484,30.638751563295447,37.69903666416262,16.589604125641987,16.270694370064415,11.678582349025486,12.408480642946415,10.948307027246091,13.332706682989471,14.166245244579294,8.85335802456027,11.177549970922202,18.227102621361887,24.795899389994798,17.241439361739534,28.4163602884673,17.221621078578192,7.405283500410502,8.739084190090207,10.431534474330366,8.614357432355748,7.232703270580184,5.194962247315593,4.525672014126036
4,22.984150763613567,19.04539034398306,16.367261875205322,11.879409851090378,-0.0,8.76758445481643,8.725786672991957,9.628808982809101,7.882122308527993,7.829545116560974,10.388545882361466,12.724347938174875,15.84806421712009,9.728852576187919,8.346653691863164,6.852639553625543,10.449914947874177,13.030265016377669,11.034653228064744,10.733676417734607,11.645658400014996,13.644097122121348,15.93715893815841,12.524624617979867,7.573276323788449,11.023464937464455,4.744980095051373,14.72608177363217,12.093249397692347,8.397119618296545,11.209287696868122,3.8214516965116867,4.392433400425669,5.178592732472764,19.50524244673772,18.190443350571154,22.813152871922064,22.81264060535141,22.374660593177364,6.422883821515692,6.7841240918241175,17.25182533485245,16.23616894073605,16.515066719298176,9.143203766521287,11.773759295605432,14.337058326353633,11.898595382756708,12.656996991891992,8.97646391811542,9.697216179986945,4.998246912959629,12.648694245890649,8.215860558270522,21.98072470102751,16.90385142807586,31.436802896289,6.028846456174034,7.074804408053732,5.463847504359474,5.371008124653801,4.143116521184941,6.257156569914635,27.757723080846,15.15320903921983,3.7224894721303303,11.557891834463645,15.561718369668839,5.607695999327016,12.374238227648672,6.816559035742257,5.88433557503945,6.362582063952847,6.386421650729613,9.375826049447992,11.88107289805334,10.769005341072313,9.022171332597498
5,34.6661233525852,24.94503623178648,22.968836342871157,12.90612773118177,8.76758445481643,-0.0,4.706231267249178,10.699632692009477,5.99694628056111,6.106343810517831,7.824567987660158,10.060530988752795,5.949800213990533,5.8002871253619475,16.268507627864228,12.03703023372664,16.436311694670078,11.89855352275545,12.451135267917882,4.845641491341323,12.755352027180322,6.992917228167426,8.869492036625353,8.507996606150039,12.959926020715743,4.457312989977852,16.464245035896266,24.059627543632132,11.843233877913969,15.935383045200577,10.104276865070371,12.181736878911765,15.740399401891775,9.034239570349143,28.065097763348774,28.428824285094112,30.643911647058047,36.82243689495727,27.337573527317094,8.568157612041082,3.6357215233139852,7.070725366667681,7.549660895446429,8.05656790402446,6.7176449588426514,6.339876494299374,10.780941795358615,5.562619277670447,15.790837695751417,16.399944414594568,14.040625965313893,14.304381378550994,15.058193836116105,5.66281264942935,14.915563884270592,12.158740281244805,20.860185032339096,9.117107996807766,8.706365066706171,6.219960144200949,12.393982026975367,10.587730139422746,16.411545722666727,25.961649525337982,15.554276537369581,6.724528856614363,6.350145465584015,7.175317936789355,5.294727017400105,14.367819387807797,10.790583485692547,10.192771659707974,9.130942175703378,10.045305696063615,13.980088765058348,20.988150430523177,18.020196375751578,13.701358458191372
6,32.54152773742505,32.80409211161682,27.444957530734513,20.10177291730021,8.725786672991957,4.706231267249178,-0.0,18.113752129851992,6.191723330413598,1.9202085582789667,8.170206439485362,5.5388293210968005,7.618781449483063,4.18892073090469,22.395547763242483,15.31539762910992,18.793363141226845,17.669797803669567,12.458612852929713,5.815438253517673,10.897884356231497,5.642127947744123,8.171899481070417,6.892823233708703,9.731188382534013,5.765503620158631,12.472510402819532,17.580089857911346,13.433226730305213,20.280157782331656,12.47954104074691,10.4545630463627,12.667531433503747,10.938199255664562,29.14466474606997,28.732885117648127,31.883684057109043,33.851455024991935,34.966576330680205,11.41929788290304,5.201991543674072,6.813414150128215,7.063725292153163,9.084095256411384,5.000814033338368,4.275555210865877,7.1939864866715,5.033432467876481,19.12599654211494,12.181933915357286,20.41338504028123,10.924263302423856,16.836244355620394,8.969641316126593,13.435901348932346,10.766242647920217,20.59956572443275,15.5333951973417,10.688829169679314,11.996733788532786,13.730656736794398,14.628521277420274,14.637404696193615,43.40283000576933,16.24222597203953,8.980632527084449,4.474982083034236,7.412524641020777,5.074497163409529,14.6994532025134,13.582614663966805,13.01414612907766,13.230275849793832,10.84442595248348,22.58760662660739,19.00143309965731,20.982474110203647,18.65951828825484
7,29.740816868115843,30.042871935773338,30.76737465546255,18.06131199086906,9.628808982809101,10.699632692009477,18.113752129851992,-0.0,9.778543527341002,16.438208398049806,15.782135299068138,17.938127972953765,16.679715744461404,14.905075017714525,14.857941906524712,14.896344252099833,19.516041247063168,25.594739841262975,17.83468920805939,10.916961318249706,16.424212539431743,20.40004018382358,18.79942099941072,16.57753933241845,19.169479930780696,11.143196009996796,16.33916697171678,24.540077770679087,18.305956637636903,17.916110693600622,14.684511502837125,11.141999982030086,12.15475237542436,13.45791280766154,27.75843120487925,30.5442115732259,29.335089684374985,24.715000285831586,30.584555960167044,13.537016324417742,10.904613095740203,19.159057293354202,17.224373206045332,22.535413082001792,12.071617046502158,12.699311602441218,19.894054780002136,12.652957126674169,17.506575926107637,18.94860510939176,17.387112754339206,16.326571936341594,20.713304004482538,15.579954223287025,33.234074073954105,24.45714386207046,41.574276038989105,20.30554743814832,8.53473624265899,14.017330581428848,16.31544802594642,9.324543940404372,20.11506464019437,36.668180374035344,20.747424105569447,13.81625996820686,18.611681691259367,21.87771523233693,11.344632851314191,12.007840211409626,12.479119279863562,12.095558782767576,12.499974990655852,10.793709246864951,15.797096759945699,18.40165035118534,19.454544037442833,15.976217376180903
8,23.52705169932897,27.20302663509512,23.936024305264826,13.40955073199612,7.882122308527993,5.99694628056111,6.191723330413598,9.778543527341002,-0.0,5.347412463167568,6.706181190113546,8.792754994791784,7.3580894713898015,7.784548222653837,11.054171833796426,14.005656413716265,15.07593597357366,13.902346004504759,11.506139177301433,5.0181656108039165,15.481362617903704,9.34314015494262,12.478609608108007,7.265492647030736,7.4471184466901725,5.09589915350566,13.987615125114946,19.738903522918978,11.677541646197044,15.362876796191083,10.025299082188853,5.759670266186866,12.467311084995885,8.643535680699205,17.633359589593283,24.571693347151776,31.315545895458644,21.479121841732628,28.323835741736545,5.535598303666358,6.609985763891379,7.20824946226835,9.409641470122873,12.024924660927184,7.347263384729212,6.448387448200095,13.968196409457821,6.717367093733515,9.797436658692703,10.114074176515475,11.03637456911683,7.78457400588135,13.131071631306172,6.852774557924848,18.913266944674135,13.171037144809823,21.85102203898796,8.268025049675344,5.743249486897102,8.47479293148981,9.036006665043432,6.565976586058178,15.153545701180535,31.536198432991316,15.853114337118134,4.970997337339684,4.909321880163263,11.512505119041633,3.834877284972434,10.831001784958424,8.33677207082992,4.255089861904489,6.518451404214013,5.269831377545643,13.106113804606425,21.29716616994231,11.285443055442004,11.969697321723903
9,31.420903933224537,31.564438104167124,27.765906525375627,20.822867796376098,7.829545116560974,6.106343810517831,1.9202085582789667,16.438208398049806,5.347412463167568,-0.0,6.737364853949424,5.420794029173141,7.986069932692429,3.8792528254446608,21.227499383871667,14.127639869431556,19.155245001164026,18.481821833206624,12.956816969195478,5.9788182719357135,9.865007105212534,7.424040349674431,9.705279354294818,5.051092469101294,7.94287619464564,4.531601576486646,12.568813340325722,18.57809664821749,15.372650887201406,19.699287148164768,12.815240177089393,10.878958194705538,11.721614413747188,9.291344841383424,30.929408860196215,29.142944286189756,33.78966510321301,35.45189553539341,34.67356994081067,11.793160276275964,4.820692926108462,6.638525307256008,7.797287970280621,11.255963924410482,4.16052807585151,5.300905851945103,6.3995451391799945,4.94090312382106,19.628048375523633,12.514879599485544,21.313454465072,11.637931624123938,19.12487417174537,10.331178067098126,13.452492451325623,8.360503186495905,22.52353719523446,14.463859872246221,9.92018569571113,12.86806772708618,14.7210281614373,14.120095358608577,14.356972259475286,42.690670390939445,17.631864210536797,8.922722001145928,3.9964729185570316,7.027255541910587,4.5870740211644785,13.718995457716616,13.243456136416658,12.924891054992592,13.563124767009809,10.846404305108756,21.169022751740155,20.26585617878045,20.95262956154103,19.602214590823504
10,33.00738988847915,31.78349178788858,27.635309366335463,23.72157161756501,10.388545882361466,7.824567987660158,8.170206439485362,15.782135299068138,6.706181190113546,6.737364853949424,-0.0,7.316456119621774,7.979129963240414,8.31378990757591,16.435769418154088,19.858813472741836,22.367037608592685,21.36471304760741,15.52542215991021,9.054282033161407,12.27325791318089,9.710479088148688,12.823539402338161,5.709317902130625,7.066103354723,6.081385839976401,18.38778355142117,23.825043400981908,14.795528901243015,15.77411864903805,16.27646384908007,9.404089340863942,15.995866234139083,8.595236671538917,28.5360090798567,28.65639342475739,37.689819116711476,35.547258759954914,27.745481545983562,11.533803154852682,9.090233494287785,13.342702245594518,14.364777466551056,11.942248350473346,5.272470768120276,8.143039810809476,13.726852419637826,7.483956653606991,14.527214055152994,13.128500369158521,18.3279258151006,11.45332208166997,18.147522086397835,12.224661605085167,18.805632183837933,7.668001923203689,17.58268519446704,11.55383736528709,9.601823781737323,12.903870813294423,13.907079245673303,9.929128018666969,14.840599888390653,41.400859741878705,20.603389066534056,8.001267561257208,4.766250115490867,7.610472086662111,6.54685486457262,10.790350651355217,12.639791150701623,12.852394888294448,11.963049070155195,11.765023366918632,16.31629118622744,24.163526890668475,19.993137683074586,16.01067867848721
11,31.595870904911845,33.02966989971613,33.78881023873073,26.317143287467065,12.724347938174875,10.060530988752795,5.5388293210968005,17.938127972953765,8.792754994791784,5.420794029173141,7.316456119621774,-0.0,4.129997109886577,4.402018086666375,18.827318619840554,19.925795870275305,26.337108252130335,25.640617366897704,17.71293771438844,8.306744025214607,12.126910547165238,5.636873170759856,6.474347417661795,4.603005137945845,11.983902756767051,7.168138971297486,21.510077128615094,28.814478273674116,21.080879268893803,27.75682723129035,18.5904119990749,16.537365022425284,19.91935949839285,9.106375413993263,32.71204998285348,40.074943436707464,43.74964551628793,28.815096116176274,42.34617700455402,17.35125917580167,7.075457754887739,7.847321858795731,5.899205296695234,6.42938450774404,4.7126786492167865,8.128894684338604,7.157268419392848,9.300488517887535,26.15034687081943,20.651144273694634,26.960211356155547,22.374533573613558,30.461905583761805,18.867067340127942,13.991072466023438,6.133240986745639,15.078696249882551,18.221293776782755,13.697211684790169,22.01813121002985,24.065045668587803,13.980066482923569,24.897259656093297,44.316090289242084,23.354138264714887,14.163077848528033,7.022258246456447,8.798095788456637,7.082944003629577,13.300047989309457,17.57656983610537,16.86047161273444,17.70047287700943,15.391796727048302,25.015002943643523,25.916523710022513,23.549852379301516,22.151033061342453
12,34.683830044143356,32.90203256682067,30.18957400249035,19.671343680381934,15.84806421712009,5.949800213990533,7.618781449483063,16.679715744461404,7.3580894713898015,7.986069932692429,7.979129963240414,4.129997109886577,-0.0,5.7415142159270385,15.427348821990867,20.739261601978914,21.91544843709265,18.52825733597284,18.892628486373987,4.139200335472543,13.184129510933337,3.03701711507348,5.079716270968382,6.448679994957769,16.67643849408589,7.390396685389498,25.256976173660696,32.587418083021525,16.0901702113492,22.301726566867348,12.971683259049382,13.945551683666963,24.7797790506213,12.27528168532306,27.437253927359894,36.948648912882724,42.51692653009316,34.91451499198861,36.822001382705785,11.012522614139048,6.730787881617599,3.9833094628519623,3.715860937975793,4.180450587866515,6.486730149643257,3.9483552872986927,8.196917104259695,5.212219353919087,16.99403361549945,20.511604540304205,17.540052347424098,18.41280468946046,22.011972681672837,10.735848135393116,13.028455924237807,6.821041654640141,14.195707791476275,16.247433062129915,12.539798716678744,14.12937193956012,19.59075395214194,9.26557902668199,24.209010161508406,39.10352393069535,22.57972534666557,11.142045513222088,5.648340676759492,4.899034187489999,8.745238353948107,17.518643534350304,11.885388001718676,12.650209634124442,9.973068812125565,12.334905879093478,21.586566884126945,29.444913923793926,22.356201261972036,18.47962270665398
13,33.2185610317958,30.751956278025297,27.201560957758986,20.03447340081571,9.728852576187919,5.8002871253619475,4.18892073090469,14.905075017714525,7.784548222653837,3.8792528254446608,8.31378990757591,4.402018086666375,5.7415142159270385,-0.0,21.342922000699925,16.846284774932624,21.957266804676937,16.6545704270824,13.819766958633412,7.1624775295235805,16.905879991700836,5.76394247367952,8.132800331097451,4.843639156063017,6.170535958410043,5.081874746213981,11.101657044485254,18.779231790276214,17.731364755688485,23.354037830757516,16.908494603344952,14.629966253536756,11.146472865389127,10.572457478171858,32.20546671190785,29.847647178025333,37.03997300172129,36.377804792040685,35.61478131897294,16.289896065257636,6.552446775170296,6.539269568886922,6.498484339694809,8.093032017466735,4.378070713941045,5.983371176674677,7.514669338299439,7.505644922089412,22.74520876725288,13.981286990533862,25.346194982032443,16.762089137548386,23.415025091992298,14.36147312618009,11.158057785273245,12.602528160991442,18.46137184636394,15.514148879030875,10.465727529536203,17.063720756481228,16.60249368521113,17.647815417152767,20.940062609155486,45.931936527302824,20.630876367925186,10.825829141334676,8.077463680106124,7.720111413652066,8.357010681832673,11.230283993169053,16.15267128827464,15.566049781765095,17.961639851975836,13.280426774736718,21.77401177608172,23.465776015990716,21.53649895811458,22.493170621507346
14,14.62404517279159,14.523474908210245,13.19210099167015,11.87432220134989,8.346653691863164,16.268507627864228,22.395547763242483,14.857941906524712,11.054171833796426,21.227499383871667,16.435769418154088,18.827318619840554,15.427348821990867,21.342922000699925,-0.0,7.208917279638516,11.719215206206117,16.14496347612446,13.194290918919318,12.789261691631046,26.75906768450958,21.331744316161437,24.404933040708887,22.174252403788692,16.735725633968457,18.683505364047907,8.626241701583787,13.355082897409908,13.746917765748355,6.758554352867543,12.590123607418478,7.18786394510425,12.179392123405202,11.070933531051526,9.96115800590612,15.346797080156128,22.22462723133352,14.481315836155806,16.28127019229011,10.727330811098847,14.164871619740843,20.62982711255018,23.758679743030008,23.19855700966759,19.730222906686546,18.706994224122308,31.90519604749482,20.37553032068262,13.057452994102674,12.21349481673582,8.33401616816978,8.619190500270259,10.456629568560755,13.446071116414322,37.49720044885248,26.78759845524301,31.658808926593935,14.074264391307684,12.447071363677567,9.716348469009706,8.715073341172413,6.807650851113086,10.131187826421376,19.476234752136545,11.234424685829278,9.736596425580833,17.233154473025575,22.100824840151855,13.470084009053531,17.258539480144474,6.509845507598417,8.996975403960043,6.466363793835157,6.716351435543744,6.86390418848664,9.763965030930846,5.294161242749914,5.888083410941439
15,16.02330831469015,11.402932058193453,11.922898028725818,8.175708398650158,6.852639553625543,12.03703023372664,15.31539762910992,14.896344252099833,14.005656413716265,14.127639869431556,19.858813472741836,19.925795870275305,20.739261601978914,16.846284774932624,7.208917279638516,-0.0,7.7249309891355304,11.458076919176909,8.027256108976651,16.10917339379895,18.934507032061997,19.224322139905503,18.91911785573756,19.895406604073607,15.794573462665978,18.048754499768872,7.910017893059253,10.457495525152874,10.319648353476731,7.985122202705639,7.912141037348767,7.973205191964686,7.981098281823169,11.10985156728309,12.385264170371208,13.050716921414224,15.758617306607997,18.56862518012625,14.372148224123325,10.616532478949967,11.209903740749466,23.043732932927604,19.094186794070545,20.779800473036406,16.927480924265687,17.672704332769023,24.168830493499733,19.13638387085115,16.304622334307624,14.608987929296077,8.902369683032143,8.447687304269984,6.705150804147761,11.990348098408464,29.128488944318008,26.39278867960932,36.6463673947381,11.177973425832528,11.95955904178744,8.312391496126484,7.920800972314506,7.4412318952095635,11.269853282141433,17.69817091616486,9.868169482359074,8.065141701062254,18.532824274855876,23.001112145646125,10.999769975773166,15.456018645221743,8.321425298248268,7.677541490882551,8.240790870951635,11.238362805165728,6.404416905548307,5.8922843635698445,6.0244452294786255,3.8383036662485503
16,12.30592898446864,11.098152183741844,8.003550590294523,3.0602291595406284,10.449914947874177,16.436311694670078,18.793363141226845,19.516041247063168,15.07593597357366,19.155245001164026,22.367037608592685,26.337108252130335,21.91544843709265,21.957266804676937,11.719215206206117,7.7249309891355304,-0.0,5.701671291231758,8.26002774739618,15.000970170525175,22.34753020123986,21.208075999687598,27.52325303336742,24.803779139903984,19.347134417943376,20.46939934591605,7.916608020547424,5.719343480646909,6.973491501242285,7.640098690397917,7.3445208657974295,9.293929058175424,12.756747323438358,15.343323504950494,8.052390930671939,8.018559858182671,12.58401800853171,13.062350815632088,12.164258229441295,11.141494399094423,17.518838046814434,17.282758517840033,17.24686154303785,22.52061852090971,19.3359747328879,17.163329433172155,22.065495258112527,21.578586188167325,18.33168361644977,14.245247188261747,9.891176567016897,12.70623220630237,6.906066079156135,13.84382882861295,29.191347616923856,30.47269718651538,42.32228573291898,17.306668614077086,18.472808105315938,12.026337205063351,12.468510571115866,10.50556867038767,12.246533431324124,18.251654914348137,9.79656144442721,11.287592394529687,18.024293491999366,26.493322000889723,18.410095923505974,31.975983399049888,17.542156042659514,8.485186114943879,9.824800559734296,12.920485092377582,9.540070176891529,5.609077066498484,5.238293867553975,4.7675738995562185
17,19.036117600329185,17.602106412595408,15.702747063679498,5.819737016146078,13.030265016377669,11.89855352275545,17.669797803669567,25.594739841262975,13.902346004504759,18.481821833206624,21.36471304760741,25.640617366897704,18.52825733597284,16.6545704270824,16.14496347612446,11.458076919176909,5.701671291231758,-0.0,6.346135207410161,11.866344524732975,21.26921445848142,15.40305575931076,23.575690519005875,24.148795389633687,20.239584966786165,16.649769913948795,11.336595424644768,10.708339092784337,5.4696877699082975,18.89331996558857,5.548120484638482,12.0352412422849,16.083388354640594,17.728531226361447,14.152539909098644,14.487559860424058,18.336962585341798,21.86374355079298,20.087167961011332,10.95187658604384,13.837798127015258,16.96858345036994,16.986945789115452,19.94186104226824,22.10506928468754,19.833698705771468,27.859663676833645,19.855483978850668,20.224873314749907,14.865072451800458,13.254715937727973,15.911424962252413,9.63786437883174,12.147603896951104,25.226786660192474,30.880123357366433,38.71556841400764,18.72624183667385,21.8444870093153,13.285541058529546,14.55072445510966,14.495566605327088,18.76913171103371,24.59835796131732,10.261512598942197,12.149273365779477,17.66782123308439,25.069238646113174,17.501449228069596,32.33389447873809,18.046581077006476,8.793802787517906,11.507488430315059,12.011784458376308,17.78667007171112,14.646226118395326,10.059529228029517,10.040200053105819
18,19.124870247959134,16.6309920327566,15.010746564741483,7.690672426536331,11.034653228064744,12.451135267917882,12.458612852929713,17.83468920805939,11.506139177301433,12.956816969195478,15.52542215991021,17.71293771438844,18.892628486373987,13.819766958633412,13.194290918919318,8.027256108976651,8.26002774739618,6.346135207410161,-0.0,12.936153144120416,17.49194612221231,19.852723442150527,22.29960317315328,16.629671400329,20.81133699719997,13.705286942582768,8.210871854145417,6.206811171685024,4.871676174889306,15.155611397619248,5.812593332551289,7.650103271446499,11.115913738160202,10.38208692791254,18.289290235130693,14.96844384884562,20.49868163604466,22.884146875232393,19.952135210571182,8.892366336779354,10.299481484681118,18.421945497889144,16.359999647639256,20.605506526695894,15.3461988191991,14.289735808623885,17.904137803506043,14.385510429405695,21.547096351801855,13.60964215613637,17.642749676467158,9.659793869876058,11.084836218713425,9.735802377046243,21.500472046895293,23.061295740004415,39.165490980000975,14.794269265065962,13.600202426742882,12.532261889070478,11.333277078316469,9.294364033787666,17.182071614577232,30.844719629601833,7.511075100347731,8.323762498368698,13.60842162459793,20.260261106663826,12.553922050713734,23.891355175894212,14.621084622560629,7.177362631747096,8.678478171409573,10.638796050472365,11.57001395267998,10.601215871905826,9.659102752624554,8.621436372830066
19,29.120179283685804,27.59602324788298,23.15088989031753,14.043543024071573,10.733676417734607,4.845641491341323,5.815438253517673,10.916961318249706,5.0181656108039165,5.9788182719357135,9.054282033161407,8.306744025214607,4.139200335472543,7.1624775295235805,12.789261691631046,16.10917339379895,15.000970170525175,11.866344524732975,12.936153144120416,-0.0,9.466804102050169,6.7347620713465925,10.20112342684838,8.883440182061433,11.601963371857023,5.4311576613731125,17.651311150886713,24.584639121018835,12.712192324629404,17.117583251055105,10.656804844031322,7.780859432677943,17.266554793759774,7.798546392125784,21.72319622463487,27.840199841963656,34.35554803089046,28.32732491943912,29.936995051589104,7.8425804913700725,3.520411209276691,6.0321312406415535,7.147556942870555,7.355375778410472,7.747954832583434,5.558927660405173,12.674171462571756,7.74994301879816,16.46860772507218,12.905790547107438,15.332148933476029,11.915700479041371,17.126738761131683,7.556099183145168,17.407724275088693,12.100015438500385,21.665181379368324,12.772341356521729,8.74730383718026,11.211767860191488,13.527785011208579,6.604536243944475,16.885119899430823,35.866093765023734,18.486966900762717,6.448466846385283,4.830506167591848,9.233248176468251,8.157440946505337,18.83047333237407,9.974669200493393,8.237379976265158,6.912888867839875,7.5748560820611495,15.878626022271492,23.3826113596532,16.964802154602975,14.466612160789888
20,46.227386935407544,36.864736065694515,29.477813432033628,19.576232791780548,11.645658400014996,12.755352027180322,10.897884356231497,16.424212539431743,15.481362617903704,9.865007105212534,12.27325791318089,12.126910547165238,13.184129510933337,16.905879991700836,26.75906768450958,18.934507032061997,22.34753020123986,21.26921445848142,17.49194612221231,9.466804102050169,-0.0,12.90685309400761,14.301406826468577,15.303795142209344,16.189508869391048,15.587631122671022,22.542096282964845,29.472411817909627,18.648447459912546,20.00397370148875,14.261301065880838,16.8147284677528,20.41831820049632,16.01405762559783,40.489857989085024,36.68348864583552,37.755616079593864,50.05416021859422,34.34525128380929,15.53151970699658,11.014673064264478,18.689823670326344,20.41741614690157,16.18473722285562,14.314367813054918,15.739410008063075,15.976758936281598,6.073297247257871,24.486710498581623,19.02465038556978,21.817462280042264,16.74432171140924,20.397114233653237,12.426866167541064,30.797040924629396,11.212837942683066,24.82356145847981,17.26831864647185,12.633484286965185,13.829241940138807,20.88029625915257,16.857168006642933,12.242490673474299,41.46495252351524,20.504020612330343,11.847351570259441,14.306734455181363,11.51496191019128,8.308627351422123,19.607416457000557,16.558196969978397,17.706034220130796,14.201617410382113,14.093583003955167,21.28051086048507,24.103289570605792,26.38770328279184,22.5156652344818
21,40.034805073564655,30.892900934966587,24.66185506027657,18.354683687351223,13.644097122121348,6.992917228167426,5.642127947744123,20.40004018382358,9.34314015494262,7.424040349674431,9.710479088148688,5.636873170759856,3.03701711507348,5.76394247367952,21.331744316161437,19.224322139905503,21.208075999687598,15.40305575931076,19.852723442150527,6.7347620713465925,12.90685309400761,-0.0,4.688973180590136,7.012937121161064,16.137757566134145,8.775027725305797,21.418256630447686,29.922918443044498,16.86283998392136,22.267572745752776,14.041553141439328,15.799461082463937,22.286594445558528,14.800856117421104,28.894875521773105,35.03409264851665,38.7094562992949,36.51975364224951,37.0039687801458,13.438153527140324,7.924256112635553,4.5518013956180265,3.9191239209024733,2.9147624298333468,5.9542353890508295,4.350080945543171,8.157587705875473,6.015374484112455,19.035727053592463,21.817478304397117,20.148721928674142,19.692864474484736,22.970425360656517,11.071934066840655,10.767693860231406,10.77356904041757,18.192000787263822,16.552608044090846,13.172363618101372,11.626313427271235,17.15889214419143,13.22903917743864,22.99783752886842,39.057714892111434,21.220073923843895,10.713647187870665,6.630093213302398,6.62766619597036,8.33552546635957,18.447908036326478,17.169447463725433,16.73188865998076,13.751278164215153,14.537345571959984,22.88733251552044,28.091634009045695,25.52477237431835,17.866641936375178
22,42.50246412538016,32.910164808264376,30.66656489833284,24.587093413940366,15.93715893815841,8.869492036625353,8.171899481070417,18.79942099941072,12.478609608108007,9.705279354294818,12.823539402338161,6.474347417661795,5.079716270968382,8.132800331097451,24.404933040708887,18.91911785573756,27.52325303336742,23.575690519005875,22.29960317315328,10.20112342684838,14.301406826468577,4.688973180590136,-0.0,7.8263630650557126,17.693285800275547,11.473197932235394,25.638493282663635,33.476534728844875,21.737415153505975,24.26774829381711,17.403072803518278,19.744909840070047,24.520469028232153,16.907556471625448,32.456548762390995,39.953149148258625,38.56205813673353,43.52441880370328,38.187557058040774,16.99417763814048,9.899601470818249,7.286603435412876,4.2414983299111775,3.721747167745408,7.535412682627559,5.190628736290769,7.176539213062385,6.572345971554508,22.070898995985534,25.320096786586415,25.142998899764663,23.173887739604172,25.477898233212287,11.729338000742764,8.543285152344476,10.892075866823863,16.969035045647516,18.90439725744154,14.47496859915242,14.513850178224008,19.660615403716303,16.840011763641932,24.489075088738126,41.63546242363646,24.49916057079517,12.869760285032516,10.722800389642584,8.388279022889167,10.239808021508447,19.157303213546484,17.983806634182766,19.90312617274904,16.120732837115593,17.328224472747042,25.133674545151923,28.907189516699557,29.966265199522184,20.04255596923035
23,30.756317140780407,35.64046973639503,31.691355427688848,24.03635505471115,12.524624617979867,8.507996606150039,6.892823233708703,16.57753933241845,7.265492647030736,5.051092469101294,5.709317902130625,4.603005137945845,6.448679994957769,4.843639156063017,22.174252403788692,19.895406604073607,24.803779139903984,24.148795389633687,16.629671400329,8.883440182061433,15.303795142209344,7.012937121161064,7.8263630650557126,-0.0,6.482386939590901,7.03136317636136,17.502141143808522,23.22306408449314,19.796566276116575,24.2142672806985,17.006218161707192,14.263503086734362,14.651469283716327,13.075564043728557,28.240190864965058,35.589326335466815,40.58372352739148,29.63315807188693,38.94477958559863,14.008384860811363,8.528790078932289,7.205460645550696,7.5410344070215665,8.300895203780025,4.60135086024918,7.06730027894475,7.978168814691031,5.625686671938292,20.196843935046832,15.359941523124231,24.067021614999813,16.98554680365304,24.321398110347886,13.84109373485691,13.34064764121043,9.634434363403415,17.927121342841026,16.29208490542727,11.804379200746393,18.752069746535327,17.892386401186236,15.68649125852944,21.386612624728745,48.49885767430621,24.678238498398144,12.310262710270543,9.218303387464582,9.409172181504518,8.281210318219983,11.816091697018901,17.39730761136844,14.771182383243293,16.411931263400927,12.620706647393739,23.557827877817736,27.91990615505469,21.975024473091704,21.509535081782452
24,32.18273425815743,27.947542273261128,25.207944100464516,19.776516018745344,7.573276323788449,12.959926020715743,9.731188382534013,19.169479930780696,7.4471184466901725,7.94287619464564,7.066103354723,11.983902756767051,16.67643849408589,6.170535958410043,16.735725633968457,15.794573462665978,19.347134417943376,20.239584966786165,20.81133699719997,11.601963371857023,16.189508869391048,16.137757566134145,17.693285800275547,6.482386939590901,-0.0,8.649782956927167,11.172963572444996,25.449350989028535,24.21757376510902,17.43317259134388,21.636333296279663,13.922771015540363,9.208296100326026,14.08437433256987,29.237389974157825,29.31734845048756,36.556532334486455,29.333411949345056,37.652268518531635,12.877965877687995,12.109858783414571,12.482544989405481,15.21634607326206,19.08710564246854,8.6066808917902,12.708756928371008,12.645694971325893,11.152499099064038,15.595529554906664,10.60853171667897,17.520929375518076,14.03026258277434,24.61779357501854,13.12909569808317,17.087254767089814,14.028501215685793,24.203835380917408,9.292213950144822,8.329952547666025,12.858645188006463,13.707762655449253,14.017976793432512,12.853085100000031,41.69418219668257,27.77410313981825,10.322987884304382,11.177010493292414,12.144443464802723,8.044446840635503,6.1416158239803815,15.179150460005955,12.657924578526975,14.589217782045468,9.926066339394106,17.923337942027437,24.402671257144632,18.374987219068327,19.219216598947323
25,30.460248928618704,33.83756424610486,27.75762942467823,17.02644742015839,11.023464937464455,4.457312989977852,5.765503620158631,11.143196009996796,5.09589915350566,4.531601576486646,6.081385839976401,7.168138971297486,7.390396685389498,5.081874746213981,18.683505364047907,18.048754499768872,20.46939934591605,16.649769913948795,13.705286942582768,5.4311576613731125,15.587631122671022,8.775027725305797,11.473197932235394,7.03136317636136,8.649782956927167,-0.0,17.830269147025334,22.98289635196505,15.057978440503708,19.800015053305135,11.971733639498943,8.063525296957845,14.245587898003379,8.285150047851477,26.591068892376665,27.77152909073706,38.224244884914654,32.6059723321908,32.889937430942496,8.36749351019666,5.349354557666776,7.33844376675478,8.988996199464488,12.05445298598029,6.050352273473505,7.035200405036412,12.518179195644322,6.2566694583717855,15.751367701986846,7.875361854105229,14.658235623099054,9.095363897194403,16.844240228515126,8.55928976653686,15.29841976373848,9.07762864287916,19.996368076026425,10.48122145802318,8.539855911595062,11.37653726081,11.69299743445876,10.538089909722645,16.98840099306416,36.785348128570895,17.40303837730232,6.71120014059066,3.9295729871834455,7.322557266893,6.252528831237153,14.522089308883691,10.764957676322043,7.762020696152685,9.74452897518016,9.434579639544744,15.997884583316873,27.57782744523837,14.939930727698918,17.910171384826388
26,14.705270176317667,15.187128608492023,15.052264065206995,11.01721239890202,4.744980095051373,16.464245035896266,12.472510402819532,16.33916697171678,13.987615125114946,12.568813340325722,18.38778355142117,21.510077128615094,25.256976173660696,11.101657044485254,8.626241701583787,7.910017893059253,7.916608020547424,11.336595424644768,8.210871854145417,17.651311150886713,22.542096282964845,21.418256630447686,25.638493282663635,17.502141143808522,11.172963572444996,17.830269147025334,-0.0,10.85180884056657,10.385403633642355,6.574448154553241,13.996618941132555,7.6230399137781095,7.931371146879388,12.445048275140039,11.341779837811455,16.750391055587446,19.25991504650429,14.331763319733906,18.684194560831276,11.019189200596289,13.254169800817275,21.795963284599722,19.19155254667669,25.083844436170587,13.937041938541975,17.07363027727323,19.10350860843001,19.750452545062107,9.712894815261997,12.158787681198474,6.205289440507711,9.082473527414725,8.976124900457451,12.726315054796322,25.218096639761956,26.55725943973119,41.213746040743125,12.472274257232904,14.927116010942251,8.77161794999326,8.113689930751082,7.854798296691959,8.340729351351248,25.277859819112866,16.639539981063127,8.651265578146592,17.986964607718246,25.667219054782105,13.78917936806156,21.84267441736256,14.63806388956743,8.815784889375868,10.813988210324952,12.895865553124953,8.036067499411518,9.946571432612947,8.487200606016671,8.342160292451645
