,0,1,2,3,4,5,6,7,8,9,10,11,12,13,14,15,16,17,18,19,20,21,22,23,24,25,26,27,28,29,30,31,32,33,34,35,36,37,38,39,40,41,42,43,44,45,46,47,48,49,50,51,52,53,54,55,56,57,58,59,60,61,62,63,64,65,66,67,68,69,70,71,72,73,74,75,76,77
0,-0.0,8.92088593924545,10.087625021577301,11.133558660549394,18.409967726267134,24.959641442107774,23.019529723812315,24.71294289555665,16.13332713116537,23.40095340085659,26.494866247442165,26.91529296157389,35.694930268208964,16.79583185460401,3.799027020606281,27.785652523927304,31.69202083940832,25.446040852439175,17.35147356833324,24.495028373205688,21.848590606671813,20.212849576056,20.994913539416434,20.679354766310666,20.847003711799918,20.91698236186523,23.72519408491332,26.26055486549404,18.36880950202757,19.528231918579184,24.642755843653894,21.50326789727086,26.478159943860156,26.260420954047845,17.938407404211834,19.31405310607811,22.634251863105312,20.172176241528845,15.761981931537319,25.176288900039086,24.137967603198007,23.769855665059783,22.29882604587637,20.498430363892066,8.981844771139604,12.255909864767279,10.932068659412849,8.945405702959553,6.5660340301843485,22.413199693787693,20.050514102377626,21.452967516378347,19.77790109498241,16.917000205014265,23.169262359262323,19.85314811637335,22.526467910455086,19.002832634502216,19.183132687267815,19.21787258156257,25.339480030048456,14.526716670705843,1.252595666991052,1.8780338997188541,22.509195305727804,18.505243101249008,18.453009167680417,24.17177489729093,16.620474905225212,11.757069799605025,12.461357315619868,10.867185457390152,14.366542215571679,12.96429049724401,9.604053738892857,9.072465368834782,8.969075167485354,11.110015829625615
1,8.92088593924545,-0.0,1.423006422698245,2.047570834741921,6.567756091208285,14.51888919851011,8.01142048172777,20.080492400137718,5.689330430975598,8.301036837095854,11.254610345879858,11.134514529789863,23.433931418032873,7.297363042830707,4.9838955333316886,12.72786122662358,14.897850089368571,13.987422319738952,7.9997784061866355,10.807197182752565,12.785514759816737,8.950964347920719,7.087621963147188,9.157285767242978,7.421304536276659,7.089832937131666,9.191142091915525,15.208605694543003,7.64562505065291,6.083113687477932,9.030613675417273,8.762191976358714,12.083717257080872,13.776057440656157,8.460072634170114,8.728834216176582,14.350918107512532,7.091872346212056,6.075480807203959,11.393494740391834,9.941627360277932,12.270599678595055,10.626330797465444,10.082199108978214,2.0082675301388413,2.192939624867606,1.95399746126141,2.2871456256359153,2.636851892794621,11.08946629246685,7.780071745874517,7.033674239847107,9.40385103563493,4.961211844989053,12.292750508210613,9.285829348213651,11.25641424658599,8.734159171569493,9.56390101364242,9.424146724777973,11.505292993702007,5.5105843292204115,11.402177079625996,10.613327285454696,9.924462459980443,7.347339855584376,8.366003963163028,11.21163096814702,4.921692982387405,2.2342968317806173,3.27506778843298,2.190865542204821,5.302521519299631,2.97169419812116,2.899764953617229,2.4581017745473286,1.3084511362023878,2.6611602003172337
2,10.087625021577301,1.423006422698245,-0.0,2.0940993065852775,6.302294051153344,10.449366735799673,9.193193478278728,18.431750566939243,5.144928572767227,10.001060858698576,13.11113116281641,12.788598017420304,19.25516339234113,7.8680341019604985,4.789090090679275,11.948496912067208,14.71428541591592,13.845022418685494,8.485584673640409,9.594473968137125,11.151673256088785,12.85731659170126,10.379326744192012,8.236784128893234,7.9724401039780055,9.596404314123793,10.244987505259022,11.119191521633422,7.382910376899769,8.843954464977882,8.808462881805504,7.475001003118136,8.014813097473148,14.834496907134234,10.284664116601485,11.612611851905717,13.788614762490242,6.398252618016625,5.970111033095839,10.254285687647434,13.134939899320518,12.42865948408153,12.722342578153548,10.513766684226024,2.533155476052175,1.3641689713135345,2.83187282394151,2.2106097610920274,2.2290350542343873,11.837973439658903,7.447723032827937,9.042595557913495,9.810174653354498,5.994817511416104,9.29270242501551,9.934774715040708,11.778509793734914,9.680043144470424,9.637019022702317,10.822614624777207,8.808745449610557,4.488276437209172,9.463242934431072,9.018786871346435,6.944309875449332,8.121754781896643,8.156896688430072,6.682211345004799,5.497970732316501,2.4345346529545093,3.151302137260052,3.1038823538857683,3.5059524498854704,1.4569044884397715,2.7294749902133644,3.86117790155468,2.1337793201116666,1.3166672860987059
3,11.133558660549394,2.047570834741921,2.0940993065852775,-0.0,6.500438626858076,9.205089243958218,9.672727457817809,19.47563573636305,4.931479554633115,9.652048577717602,14.085908509264007,12.137447190436127,19.228029384512393,8.363870394942126,5.30374730106972,10.699135790445439,15.030285748269954,12.621040371351057,7.662495394722666,8.726727147001165,10.787106968088622,12.467835359658924,11.131549907507432,9.17847918035154,7.449795616170999,10.311442216703952,11.160955750224058,10.799263989511708,8.439235840109799,8.999482142830228,11.107048223835854,8.13767739298667,11.347434309248841,16.55507807001571,10.36696285279373,11.58176993903026,14.781757797038335,7.659783053449099,6.450605770461472,9.529992293281845,14.662380654844755,12.968411655300688,13.292531329157722,11.006197752412024,3.212111495969133,2.2619834672473176,2.9534116913637454,3.2591894922565126,4.298469701914214,12.323170266183787,9.1601696250611,9.561676825696322,9.205143208122971,6.1313282489109495,10.87566790068861,10.86106608680731,11.86261812741541,10.170909698864131,9.759476844445025,10.915401520832281,10.209286629355686,4.790811589166434,9.384892933877563,10.169265367072398,6.596237955141857,8.600002940381865,6.77671045533094,7.075092710694283,5.1370921280202095,2.14060077280853,2.5326369471233185,2.4316116948178057,2.682380093637509,1.7131360818766683,2.2503981595698646,3.3144332809975667,2.2827295306843065,1.5130315217387234
4,18.409967726267134,6.567756091208285,6.302294051153344,6.500438626858076,-0.0,8.941901990292346,3.2430011900956117,23.907508415300082,2.3983886728485415,4.624642048980203,5.58800992472212,7.274678245723607,14.259231322857046,3.237878229313909,12.116968541848598,9.014650569054334,9.413032573628294,10.133226351467735,2.468451749816754,6.79609135343406,6.911671729641768,6.9477073714824105,4.902008291848611,3.1878471144873504,3.602125940461739,4.454499219330646,4.047191509164643,9.206098205259005,2.3737779029659483,3.571832441894274,4.069986988444189,3.1913654456121816,5.807294374677013,10.496661253979571,4.02899070382575,5.769731721550924,15.475025312557207,3.4374361590153115,1.7087022447678135,6.078835352651424,7.063419105185766,8.847566948404095,6.1976606185357825,4.612881889330189,6.431352179034921,5.279444281592147,7.54208608005752,7.092710240731957,8.13190344809122,5.359452977326464,2.3633610144063897,3.5303497611657275,5.230930233645656,3.43031453101447,6.824742527778811,5.129122928757225,5.2884503424778035,4.263785565894938,2.703623518239455,3.7293109264618827,4.176193757599418,3.393892645288496,18.37096613840719,17.001485449764587,3.8530083878467454,2.9623865085802015,4.0322346483957,5.499646167915268,1.948735323096545,4.966213228348785,5.008429454300597,5.513528917544261,5.530156316420495,4.8609689885393506,6.855748479187266,6.055587953040284,6.152172893897458,5.912414857831206
5,24.959641442107774,14.51888919851011,10.449366735799673,9.205089243958218,8.941901990292346,-0.0,7.519849444813434,26.428622511526164,7.707418328869822,4.272645832855367,4.919482684100459,3.054461160378272,6.6727959395057574,5.010205333609732,14.703081882538406,3.4165921603201164,5.6076988726366395,2.8089043598403554,5.104299704797527,2.4499663687102573,2.8571529957508326,7.077182894008222,3.6798442855276097,7.205736332267884,3.9610799754669306,6.437210547863044,6.852057082407845,1.7716230734715637,5.900681131933351,4.3010795638685,3.497918988161691,5.383732013589159,2.631808846541659,10.343057790741673,8.182788460780666,2.6372384920653826,17.666197358395568,3.4290818261994542,8.713016643654898,3.7996378780132645,5.8620878040301445,2.4469002140814546,3.963987660602249,5.633750345007412,11.375592717928932,9.544607000401188,13.358114898779462,13.490705593651741,16.661280862293076,6.24968479006581,4.616384049902365,7.188148027340992,2.9427292859748873,9.754325048681189,1.950344149555518,2.6543397161246287,5.2012524499983845,4.852656866800202,5.487822943092028,4.5970898402201765,4.988234930562873,9.170314009486425,23.747697525423884,26.09115231986541,4.016475427112114,4.465441054568583,4.346676068836519,2.453815565129884,11.033757483016744,10.083955789437438,7.94903875689345,10.415521727373175,5.998536133697038,7.772355188830615,11.393730524147678,11.977288608229388,13.27340258046444,8.662523968881569
6,23.019529723812315,8.01142048172777,9.193193478278728,9.672727457817809,3.2430011900956117,7.519849444813434,-0.0,27.510045612389924,5.471974325115172,2.5802485535475093,2.5336208282643797,4.6373938702308815,11.446721567559733,4.679198228898346,17.318756471065623,5.988252603950799,4.988518206050655,6.333852331961497,3.17874333304631,4.525636823375767,5.042381570354783,2.9960171780504274,2.9981951256685573,3.7517301176857205,2.4029787630128827,2.9786764107838826,1.566819628222227,7.332394599383842,3.852807220105487,2.5441027536278567,3.354914061273359,2.1525609015787333,5.39565024067476,9.47354588795748,2.36514885480471,3.7205083706682283,18.04818877775582,2.552216694399705,4.2972546840555825,3.8005653668868735,4.096614711930143,5.457754644464335,2.8795328467921353,4.343116531888237,10.21811440376812,7.724450444203529,9.866619833957092,8.3646885942739,10.312471614734687,2.4759464411338308,2.4585422894524607,2.1347780935496163,2.7442469661520783,4.800731030747989,5.589372169248284,3.646193315794132,2.281595883276126,4.118801274950638,4.082541255489752,3.2717995225735983,3.256720480649981,5.96369101802814,23.734598491324103,22.55752772127119,3.492776348595869,3.1418881279402853,3.5344491301101493,4.759150099990463,4.046541305313128,6.884706508887221,7.510728024901251,7.618341453755583,7.742947100307723,8.11103134014331,10.366902339913688,9.398037056899488,8.344298056968597,9.114159263063563
7,24.71294289555665,20.080492400137718,18.431750566939243,19.47563573636305,23.907508415300082,26.428622511526164,27.510045612389924,-0.0,23.687443224943827,27.87665129634749,31.657177390178223,29.806527702791747,56.110841122770644,26.522329514255645,20.621892344699823,28.006555705780183,39.83911888668837,26.523163300472103,31.3776055305064,25.80777252387239,25.093361750812782,23.334439540499723,26.297000314881252,14.411376436143696,25.338720033769253,22.23509748000002,27.857577538334883,25.90989734211647,24.248916212866682,24.715468259900145,25.067486176038464,24.473633005696165,27.011937458574508,32.36070257858873,26.74334115681851,23.893303626249097,2.968601605521491,23.77167849679843,23.174522740000597,36.40929159347123,25.682880733288222,26.76796350982946,39.804797146966365,40.16356278071092,19.45380009057383,18.961367714246215,26.8918396384135,18.762395392374156,18.351688751938784,26.44689843330749,26.7746122392149,24.68490904478603,25.763897221078587,34.05228952788537,23.515091475785095,25.231557633265147,37.87548219244959,24.91693906758285,32.87020620558979,25.378358130539336,37.622022601641795,21.621510968359637,20.327114385904313,17.47424039874156,24.859367434591658,27.01953192893194,23.820669500198402,25.547162760392222,23.672932870671087,18.96156256161243,19.65473027122885,19.981675584539317,19.218828008171275,18.615395157930887,20.187965839295828,19.76767043572062,19.54241930510732,17.82726147971102
8,16.13332713116537,5.689330430975598,5.144928572767227,4.931479554633115,2.3983886728485415,7.707418328869822,5.471974325115172,23.687443224943827,-0.0,5.973071500768827,8.147680129654754,7.378978062463213,13.39800248768566,4.1219930060784,9.342751602700837,8.862875240226755,10.304105131349324,10.462896302149252,3.5184928653231795,6.684826556341104,9.491052348007353,8.848157987696924,7.151813031490312,3.8656750760552194,4.465154468914651,6.22210690325377,6.320166915092052,8.402331253039451,3.05491922826777,5.238127705266141,6.4163097805429565,4.865084562012532,8.246247941027937,10.938021000766186,6.238193367595775,7.348900082298859,16.100900791895725,4.847057506822851,2.499547499303534,6.207745083341196,10.307644583962315,10.64403643947962,8.549953478796928,5.8880853971388625,5.48646820464782,4.094681046309161,6.4110946406122755,6.238603428384798,7.681054315855917,8.972621786933779,4.044681790762948,5.237016885129905,6.222074563428103,2.8067530890787133,8.64979251150854,7.118930639331484,7.083272290170178,6.056256036174543,3.6267149808010464,5.781164895378066,5.503144224725623,3.1069620346690554,14.848513368687263,16.2462987630729,3.9868438528123673,4.552854616615168,4.7280313957348845,4.894190452011901,2.0552431433037874,3.454981288967151,3.6431592852810346,4.613403144183018,4.159374448853437,3.2300091592447213,4.641308601021549,4.768557647897953,4.976659036228674,4.3398596033894545
9,23.40095340085659,8.301036837095854,10.001060858698576,9.652048577717602,4.624642048980203,4.272645832855367,2.5802485535475093,27.87665129634749,5.973071500768827,-0.0,3.357300814667101,2.5461756902359047,9.396020641576946,5.338425557414054,16.44863992503933,2.9216606636315525,3.8605779379095373,4.020340023299954,3.6931167311626663,1.8984302317447905,4.763546066995658,2.668630766010858,1.6573185202572962,4.60084435758661,1.7687337262805622,2.1184832693083693,1.975239836244738,4.2822369268505724,4.298802296102098,1.640786860685787,2.495079334964946,2.870696288189811,4.893628919913689,9.358810199176453,3.6173366698626395,2.2505732825223657,18.28893849831397,1.7602976795870255,5.7753354087936035,1.6427959667931686,2.5316862614278492,3.9852891126032834,2.7514856968555574,5.212209716913055,11.012668413363318,8.223495252530537,9.966615627894736,8.409505155542282,14.57030832873085,2.051666883516856,2.3143212638832673,3.022147530430564,2.0400102804434757,5.185265239883331,4.204709401871886,2.578659802913395,2.212368889009568,3.49040841150818,4.685149475931165,3.4387952265196557,3.361498944584122,8.31085411622354,24.8725572591721,26.8991193737114,2.6516566547876272,2.996823844135077,3.18373608809647,2.7814756706653827,5.640498342127967,5.635897468195323,7.746133864681971,8.852044428892308,7.886788832925125,8.071048845540785,11.192665148995491,9.544919732933373,8.879495678739573,9.472619810688501
10,26.494866247442165,11.254610345879858,13.11113116281641,14.085908509264007,5.58800992472212,4.919482684100459,2.5336208282643797,31.657177390178223,8.147680129654754,3.357300814667101,-0.0,2.5042355500926043,7.351005554020916,6.443729001720652,21.665441400285722,3.555680094801044,3.1892879645841425,3.2879443482572053,5.42822425369206,4.060839711595335,4.889859347579209,3.66614957914715,2.952346516667787,5.303634021922236,4.538575622153837,4.295978599450053,2.405581231928161,4.319252651452295,5.491876082801168,3.867959651943375,3.2294964047453028,3.7667603758108283,3.19557499789152,9.723460535470451,3.6050953395958385,3.0698566059114,21.305399695029347,4.1127618986075,6.663928065899158,4.88708359798183,3.2894828815499686,3.4414883309172755,3.8794294745453324,6.059682753466443,14.086214416785662,11.617425527003505,14.493616447221157,12.078977480294258,13.088797381019225,3.7714160035502817,3.56738759790091,3.257098401246133,4.017370780986843,8.161209397353229,4.144529256585051,3.6223096097961633,3.731285385421881,4.532088292712391,5.680985151849302,4.2443363179124205,4.37484172765967,8.701212176194401,28.289399664610812,26.77310048993433,4.570677632631131,4.908791753927473,6.464152248853013,4.4694316987764475,5.5060102906251585,10.602755128635426,11.650026429023114,11.200905906896692,11.936789335984813,12.220330218785051,13.380852904344033,12.33351323262379,11.49872390746941,12.949812553459648
11,26.91529296157389,11.134514529789863,12.788598017420304,12.137447190436127,7.274678245723607,3.054461160378272,4.6373938702308815,29.806527702791747,7.378978062463213,2.5461756902359047,2.5042355500926043,-0.0,5.328684582641117,6.020008495098824,19.13064900510443,1.4789482871936828,3.0025525491148364,2.526674216272851,5.323118362291181,2.6582307874601385,5.008728013511865,4.446688694307227,2.66342450597584,5.8997598847059916,3.2809164816581893,4.7233665513841485,4.284459306986063,2.4345943006554087,5.997226722909951,3.2024395931071403,2.5358914043832637,4.987818159533354,2.946981148866124,9.519333196141016,5.910851711538027,2.748665024453224,20.208592302128032,3.8633095433859546,8.298341014927052,3.8949345568058518,3.6710526684049216,2.275700741294568,3.391109561879091,5.6448050612873875,14.037298248195171,11.468909613759052,13.852278773336934,11.392693592653888,16.39336627363421,4.013620388482306,3.974437317509468,4.734452168763674,3.6840887942126654,8.034906498497113,2.7836688320699357,2.6746227887851397,4.5549625868407855,4.297942156703517,6.153680191167887,4.493647902721976,4.59890101229131,10.753736011870068,26.700823424562003,29.580931308658332,4.656527210466019,4.644600729519328,5.799169568636948,3.232881418330928,7.542562109329026,7.661574909200583,10.334567607515716,11.881285407892143,10.911384587672645,10.345157858771191,13.475843576844527,12.07724997460476,11.674124122289923,12.06528096103656
12,35.694930268208964,23.433931418032873,19.25516339234113,19.228029384512393,14.259231322857046,6.6727959395057574,11.446721567559733,56.110841122770644,13.39800248768566,9.396020641576946,7.351005554020916,5.328684582641117,-0.0,11.497723782785252,26.635156596779463,6.102546219059443,3.3821813330230452,6.502158172966087,8.350613616848081,8.561825130728646,8.776720842104856,12.53634759838113,9.433967532253213,12.697181161534354,10.577945386738008,13.257805009153865,10.846010326257128,6.4309317707815445,11.33812520118045,11.006636519707492,9.316925989557383,9.390668600108421,7.312144687208722,13.02021627023888,12.20810147866131,8.608398329406842,39.81392977656602,10.507952186940686,13.734449357103255,7.47504771056453,9.74586351673025,6.955897972916826,7.159956647264452,10.349322856811684,21.528049895237498,19.06494572948656,19.67331352601757,23.225256410060446,20.967174870807185,9.907029392459368,10.129009171746338,12.023310440006817,8.703864292478563,14.947169432236405,8.146715514421663,8.481402586599048,6.979578382349644,10.63626956370426,9.386766407218005,9.050787183097551,7.019793017430021,13.330006530413971,31.36779412414442,33.59988895041258,9.116084163643178,9.609751594589135,11.24980957642587,8.725491175978233,16.523945675161062,19.04762711060614,16.5503608698205,18.060172197632262,14.836319073903274,17.18643582731562,19.935457658214833,21.472140845287228,21.752533205904637,18.07486491684012
13,16.79583185460401,7.297363042830707,7.8680341019604985,8.363870394942126,3.237878229313909,5.010205333609732,4.679198228898346,26.522329514255645,4.1219930060784,5.338425557414054,6.443729001720652,6.020008495098824,11.497723782785252,-0.0,11.069494466949482,6.7026704805847,8.302846092154343,5.91875460639249,2.479603696012466,4.513050729936251,5.721799964593544,4.84392739004892,4.706304508450587,2.5990335826663724,3.4418184300249814,4.8948302809536495,5.700282347986722,5.561334152371702,2.272602248664675,3.1353766778359846,5.109143190541979,4.8403244767081475,5.357049306062161,18.705881950642187,4.055967047425879,3.9433157535340997,17.840365996137376,3.509018434569236,2.9002020991292756,4.657043952774916,8.859788516079343,5.612506214657556,4.367961542812062,2.1553528461817297,7.26966941483576,5.843978200450502,7.256337219938351,8.541650875118593,11.759627794070699,8.60879428209629,2.7851522154320603,3.6752706361220615,3.452134758991376,3.424858634578355,4.319374473872425,3.598777209645661,3.5794722922376203,2.044665600786843,2.7672486744884175,3.1591004008529455,2.9637830831317804,5.288788266054474,22.738984499902557,21.77469471493647,3.580346368730856,2.3108299497427507,3.7720599788750944,3.447170510434537,4.2085084201461935,6.730507021090685,6.921590767035261,6.673180051876068,5.074931625931833,6.958979097586022,6.864739154503902,5.386795584416595,6.295879804422796,6.810742571018055
14,3.799027020606281,4.9838955333316886,4.789090090679275,5.30374730106972,12.116968541848598,14.703081882538406,17.318756471065623,20.621892344699823,9.342751602700837,16.44863992503933,21.665441400285722,19.13064900510443,26.635156596779463,11.069494466949482,-0.0,20.045645833182533,25.18688702879397,19.593528113594335,11.938617994919342,17.377778549306147,15.55586688784255,17.077533126931712,16.708701071956877,14.79691420468244,14.339697746047648,16.34999568593515,18.73471314252473,16.564611526180865,12.385878918483591,14.762166291932878,16.75666926311322,15.593960781992134,18.710096151953373,18.99474762967949,15.586491421099714,14.69872743937648,19.460112931925718,14.46143172386138,10.587947869531112,18.430642307714827,20.33995809660921,19.09122424364969,18.08927233655749,15.133281899505533,5.350817843455026,6.73956701150605,6.379621928270009,5.397688426382018,3.2033786166001015,17.4673412018786,13.688077460229124,17.088143639614795,14.523758224737232,12.94268526867328,16.041956164319558,14.092758887088397,18.975096311212855,12.88353564885036,13.993406858487221,15.096284446985754,18.193135847094894,9.566010688643221,5.2991667861542275,5.982974144535419,14.541609275930321,11.949908771125891,12.886558311057017,15.006644327462025,12.288387659020216,6.134950872315546,7.353196355051416,7.506355273833973,7.40302223963786,6.277253384018521,6.617239088219223,7.246268628233357,5.965164649424966,5.339106590983801
15,27.785652523927304,12.72786122662358,11.948496912067208,10.699135790445439,9.014650569054334,3.4165921603201164,5.988252603950799,28.006555705780183,8.862875240226755,2.9216606636315525,3.555680094801044,1.4789482871936828,6.102546219059443,6.7026704805847,20.045645833182533,-0.0,2.231905446156499,2.196844179920521,5.755313258016191,1.9682583341414832,4.6643048893612145,5.361429814162608,2.7899866667875064,7.1973256667038825,2.9992462037121843,5.312438926111533,5.1599959243718,2.263997922217006,6.567984987280229,3.454853136340483,2.7801144114658514,4.165291590568783,3.1853336537789736,9.708723881227174,7.270552437189268,2.584352617629028,18.761633191511798,3.250186858990479,9.568901357099719,2.2983449734482857,4.276210563938932,2.024474550191472,3.1060573152355335,6.000869225353494,13.657923902184077,10.720798021532968,14.427960531126747,11.839125838976832,15.748600167038987,4.753963987062097,4.687283134812114,5.8646052619585465,3.060597233600093,8.693762019947274,3.2990264407827548,2.6363355533985806,3.7560511223213484,5.173812257017669,7.0254453241984836,5.072184110452685,4.459422342472209,10.445239127406222,26.11418859832019,29.257649865005494,4.513053167946757,5.132947211230972,4.707178604238527,3.2616092925037274,9.43696872362421,8.913078496893283,8.317610641660108,10.086465805817596,9.04865894969864,9.649951522571014,11.633862373795768,12.511590611088327,12.915559759291451,10.826763646216865
16,31.69202083940832,14.897850089368571,14.71428541591592,15.030285748269954,9.413032573628294,5.6076988726366395,4.988518206050655,39.83911888668837,10.304105131349324,3.8605779379095373,3.1892879645841425,3.0025525491148364,3.3821813330230452,8.302846092154343,25.18688702879397,2.231905446156499,-0.0,2.9833693442179343,6.9703112820084545,3.671231618551436,6.581664278243579,5.911397597371303,3.971581992103459,7.918657350392139,4.618742788646988,6.364808056912613,4.64490888944292,3.6671034983831126,7.85297500266251,4.6370563809521945,4.256982743124616,4.9093616155076365,3.2750514550687075,17.028834588735126,7.220444502901145,4.646404927912678,26.82523678350804,4.914159191227477,10.478056153860805,3.242496628579505,4.84189217430663,2.850522559987156,3.694244856435096,6.89836831511667,17.005627464804444,13.705350849040826,15.239670764715793,14.826658181882424,15.568138615513652,5.112471694720601,5.9346705243661315,5.642868969734823,4.784246543734985,8.273029123380383,5.216894958506668,4.808750164663786,4.4462998190631655,6.859347019333949,8.324319897292813,6.490165678337867,5.032512423048927,11.246846455131587,28.21409590114621,29.221798098911393,6.296818978149646,6.835502385617181,7.296209906793777,5.031462243875438,9.05006410987429,12.057824234398916,12.08983101387429,12.449618897269044,12.832395174836805,13.316559584028703,14.605161769655611,15.558677222714094,15.110396012106703,14.384238545094536
17,25.446040852439175,13.987422319738952,13.845022418685494,12.621040371351057,10.133226351467735,2.8089043598403554,6.333852331961497,26.523163300472103,10.462896302149252,4.020340023299954,3.2879443482572053,2.526674216272851,6.502158172966087,5.91875460639249,19.593528113594335,2.196844179920521,2.9833693442179343,-0.0,4.744353015846513,2.9414861147002123,3.6537964251887094,5.492640687020748,3.084867674506258,8.33087731473918,3.9352885478053747,5.68532909611535,5.633549738342931,1.957210954363769,6.929947947053696,4.102088910321712,3.4471134285227922,5.089992381093378,2.4886758681855468,15.902673106090209,6.7617472424817935,2.5112472111639055,17.52387604610289,4.069610568151963,8.824483115908578,3.2331201801460745,4.264055939114623,1.67982818596627,2.816532359996526,5.136707734586257,14.751774652240234,12.447178549047358,15.45259167495382,13.225821581994635,13.535686925685583,4.998438689233596,5.829644915119151,5.896879934085492,2.65995413158903,9.162546869759034,3.205806344542406,2.9084880391288497,3.868502722753242,4.931614062769638,6.453657079729814,4.61217842815767,5.262765149220012,8.894151165280508,27.628401093601514,29.11517752632807,5.74185181807506,5.24402226043621,4.137903080459904,4.204975192400305,9.984647837367113,10.789308951802182,6.703425383477008,8.839292418642836,8.002800042083388,11.821350679602146,10.450092321865249,11.412254258834873,11.644190675207007,12.369413154372154
18,17.35147356833324,7.9997784061866355,8.485584673640409,7.662495394722666,2.468451749816754,5.104299704797527,3.17874333304631,31.3776055305064,3.5184928653231795,3.6931167311626663,5.42822425369206,5.323118362291181,8.350613616848081,2.479603696012466,11.938617994919342,5.755313258016191,6.9703112820084545,4.744353015846513,-0.0,3.9154093357014914,4.9350225109577766,3.210475390470157,4.000766313242466,2.806831970046337,2.226316531624137,3.715239997918328,3.8599246151006255,5.392890097026611,3.0007861281814763,2.4382283335600543,5.040870748464949,2.765683571770883,6.690704185419206,16.93598078526875,2.508487868444534,3.434966121769216,20.685982052592735,2.975651195003803,2.724222780068842,3.332011923777173,7.058638928330463,5.259118481381125,3.664935175458479,2.98554754864147,8.127374640096285,6.979174929418081,6.973604363279839,8.043456823239927,9.828576790140623,5.218929238786068,2.4382436966549528,3.5077037055739235,2.3198583468300207,3.2950627496208824,5.2727611237464735,3.2905852088828014,2.0412718208590173,2.968723482871388,2.5490589421206664,2.5172062690953227,3.085730677654936,4.5128552717350106,19.516642840200923,20.941706843480887,2.3810913668274,2.1756954647319424,1.9524043362916017,3.5120973728814997,3.4095592140495903,5.491732520067276,5.4817637501415355,6.499374987152752,5.387596381039722,6.503904401833244,7.245860632923035,6.453675166567552,6.86442118496991,7.564841216938151
19,24.495028373205688,10.807197182752565,9.594473968137125,8.726727147001165,6.79609135343406,2.4499663687102573,4.525636823375767,25.80777252387239,6.684826556341104,1.8984302317447905,4.060839711595335,2.6582307874601385,8.561825130728646,4.513050729936251,17.377778549306147,1.9682583341414832,3.671231618551436,2.9414861147002123,3.9154093357014914,-0.0,3.389662722895489,4.124083174546677,1.6873062296875505,5.411702890250934,1.7654495774175516,3.9895726409995067,4.027110267205438,2.451508709480972,4.695346712303629,1.8474830769827988,1.58580461120616,2.9128216138318064,2.901537608856812,9.442104483960263,5.451557486822547,1.8779392197411235,16.894280525905,1.8176351935594157,7.150174090841341,1.2878220357472476,4.067125458412833,2.372800680065373,2.5246550151606706,4.298293297057879,11.054382570489345,8.416779700273848,11.43922429138233,9.673149033918957,13.757012522283057,4.360721554580822,2.9763139201452367,4.164976532571099,1.9395921523501631,6.388471010811794,2.0865907859840442,1.4602581928234928,2.393442034011947,3.1855515411474418,5.126604216306597,3.3810114527542305,2.7634129469967816,7.872840925312099,22.961613323244084,25.372525833202268,2.9170811368891068,3.4054480349978142,3.034999401233605,1.3302932662090474,7.306105323411961,6.978112129510139,6.536356281401544,8.041489070649078,6.935710014280766,7.5520624393699975,9.496642405326927,10.266631046093119,10.811451761114967,8.604867795684918
20,21.848590606671813,12.785514759816737,11.151673256088785,10.787106968088622,6.911671729641768,2.8571529957508326,5.042381570354783,25.093361750812782,9.491052348007353,4.763546066995658,4.889859347579209,5.008728013511865,8.776720842104856,5.721799964593544,15.55586688784255,4.6643048893612145,6.581664278243579,3.6537964251887094,4.9350225109577766,3.389662722895489,-0.0,4.962305921306202,3.493275939965144,6.3301946909113855,5.144541578380877,4.473864354601171,4.686532117329321,3.3964843012881833,5.420223127695374,3.9531895384267144,4.168113604313467,5.107451111083371,3.9758068469681724,13.588749347719096,6.03405217642457,2.8346043737501887,16.486394206596003,3.7447057574522913,6.545489806077495,4.1495599223162065,5.837542017966932,3.0789834076679092,2.5895483171764995,5.780547196210653,9.302093830014307,9.163379203382346,10.447566791523547,11.678236233006814,14.513716808956037,5.242919088451679,4.649821046335274,5.8319944749116335,3.4889042870729656,8.235494072969322,2.2978074643298383,2.6983753230032694,3.3130685584056283,4.262826288325028,5.49325311305372,3.984630123742325,4.05143187915038,8.246249611768231,24.541851038349243,22.151450770901143,5.011174211275934,4.3941185693564,4.945427209958236,3.738459099641673,9.30120680812264,11.43946297212297,9.659883172897406,9.009275842457823,7.499934218059,10.967365680769863,11.529974469719013,11.363626108010587,12.060737204147252,10.541989191596512
21,20.212849576056,8.950964347920719,12.85731659170126,12.467835359658924,6.9477073714824105,7.077182894008222,2.9960171780504274,23.334439540499723,8.848157987696924,2.668630766010858,3.66614957914715,4.446688694307227,12.53634759838113,4.84392739004892,17.077533126931712,5.361429814162608,5.911397597371303,5.492640687020748,3.210475390470157,4.124083174546677,4.962305921306202,-0.0,1.7205539468754354,6.642487168196454,2.9557183591024594,2.282058473450349,2.7267756320370187,6.5771703906727454,5.459797194395403,2.3607906158886314,3.084674752412488,3.9370023410206976,4.849557547758493,12.988246908476118,2.5530326128310095,2.21635436896466,14.78599865276415,2.9757954111895826,5.262270271297281,3.9956793933303607,2.71820137269793,4.395756423484267,2.793614517123421,4.4612090736917445,12.874880090061385,10.622923303926123,11.781336877860639,10.140723789372101,11.302489570636954,3.4967182103978964,4.424675448999903,2.464872497194418,2.4995830138429875,5.417608646790469,4.949463064836661,2.5420126507278202,2.7136670013239064,3.182659098088042,5.206592228883708,3.1770045230145407,4.950815462781786,7.135519550735093,28.382774410645002,27.60608682465789,5.042566165650239,3.7416092660704923,3.065512266566006,5.022559545163397,5.996485170037865,8.443947220503498,6.469099030243895,6.757381750585079,7.393217970134752,11.259119427720334,8.948802227981092,7.092438529569434,6.186981968682832,11.652711175948085
22,20.994913539416434,7.087621963147188,10.379326744192012,11.131549907507432,4.902008291848611,3.6798442855276097,2.9981951256685573,26.297000314881252,7.151813031490312,1.6573185202572962,2.952346516667787,2.66342450597584,9.433967532253213,4.706304508450587,16.708701071956877,2.7899866667875064,3.971581992103459,3.084867674506258,4.000766313242466,1.6873062296875505,3.493275939965144,1.7205539468754354,-0.0,4.953439739883969,2.4297256984593303,1.661604828564697,2.1514541570843773,3.3218938261203768,4.407127929406941,1.3108595755639263,1.0681564040569076,3.659655270105874,2.165855032251311,13.046736350683963,3.390046211912505,1.3262309515245714,17.05173243680149,1.5536693576435296,5.6811284026365065,2.1776674787471455,2.2786737224193176,2.344395547716335,2.140954888693983,4.226774397107933,10.535759629666057,8.302807776381318,9.459444730719051,7.8171645265791545,13.773388876362947,3.4087201885386715,2.3705921985126137,2.8359769336388916,1.9671479061429038,4.54032462469394,2.3562566167773893,1.367331216294185,2.637421403794072,2.5241399409774368,4.8310959511067075,3.237029285560459,3.555218633155326,8.525195128106166,26.39872083687634,25.827114863116435,3.5953004808066034,3.18539918666392,3.8140495274101984,2.327009170538399,5.348120345696673,7.0775510964704935,8.777944350138286,8.395535639801368,8.41183564530931,9.643801780426257,10.377384170443271,8.295912273342356,7.5709956005093195,10.014942747565048
23,20.679354766310666,9.157285767242978,8.236784128893234,9.17847918035154,3.1878471144873504,7.205736332267884,3.7517301176857205,14.411376436143696,3.8656750760552194,4.60084435758661,5.303634021922236,5.8997598847059916,12.697181161534354,2.5990335826663724,14.79691420468244,7.1973256667038825,7.918657350392139,8.33087731473918,2.806831970046337,5.411702890250934,6.3301946909113855,6.642487168196454,4.953439739883969,-0.0,3.698115173165527,4.91083091129952,4.527878809886179,7.287498695586321,2.933231381106599,3.5045762254560846,4.082293279132683,3.744689151424893,5.147622244347533,14.202058550120803,4.471409879647026,4.965677108147854,10.027352456072112,4.0849838613544005,4.134465013199959,4.911326101654453,7.636678197887711,7.811088611962557,5.215066016504868,3.335615528505917,9.016476755509146,7.664478820626856,9.250914984668176,9.654957613115986,10.921450541801082,7.274964200827639,2.907713577068577,3.8947961116980094,4.207316527274713,4.937085514151352,5.823027351357707,4.476365223426888,4.334566869580651,3.5687868562570735,3.742932002947371,3.4720786411651487,2.567868291760219,5.569618947153396,18.521729614522744,17.63654683360086,4.107887725447728,2.301636189756651,4.577864117844153,4.213858158978137,4.740198666798606,7.2415853824563055,8.06113086918379,8.02438367019536,7.017848415398721,7.340923753568052,8.461891130809459,8.220406657898156,8.328412492053552,7.597542433473414
24,20.847003711799918,7.421304536276659,7.9724401039780055,7.449795616170999,3.602125940461739,3.9610799754669306,2.4029787630128827,25.338720033769253,4.465154468914651,1.7687337262805622,4.538575622153837,3.2809164816581893,10.577945386738008,3.4418184300249814,14.339697746047648,2.9992462037121843,4.618742788646988,3.9352885478053747,2.226316531624137,1.7654495774175516,5.144541578380877,2.9557183591024594,2.4297256984593303,3.698115173165527,-0.0,2.2926986559294837,2.4896308372252065,4.405350574557419,2.9588977911223218,0.910765896363217,3.453032004894021,1.476193007189325,5.740345599259065,12.569995868681703,2.707811845616947,2.3061084821154556,16.358580120141198,1.1489841522889626,3.9922201729243407,1.381522492233569,4.209841915445974,4.522304526443624,3.412555470204898,3.6000662716299314,8.647640061317928,6.360250976585777,8.36980865306225,7.108773418206486,11.758003388483532,3.637552951500274,1.836797367281438,1.779213377008776,1.0794246790512763,3.564138092119487,4.928579294018713,3.213901181369554,2.1566393119167926,3.332929844619465,3.965975223778564,3.3040612439332926,3.3470118289059947,5.863612238614048,21.16296065016129,23.28719477803695,2.447431851354575,2.434393023973649,1.965448972926689,2.6127076812652694,4.266361557904933,4.567909674898546,5.401642819444439,6.480878616926126,5.585290168355251,6.1511973186782365,8.114061834742603,7.356702851424381,7.481657876751734,7.340992155562973
25,20.91698236186523,7.089832937131666,9.596404314123793,10.311442216703952,4.454499219330646,6.437210547863044,2.9786764107838826,22.23509748000002,6.22210690325377,2.1184832693083693,4.295978599450053,4.7233665513841485,13.257805009153865,4.8948302809536495,16.34999568593515,5.312438926111533,6.364808056912613,5.68532909611535,3.715239997918328,3.9895726409995067,4.473864354601171,2.282058473450349,1.661604828564697,4.91083091129952,2.2926986559294837,-0.0,1.909767192921752,6.342792924388702,4.665473599042767,1.885866949290137,2.2385843388602322,3.1701079792148192,4.518879839629416,10.753715565698675,3.074265150034787,2.1614510246198595,13.955925932506064,2.003580841572561,4.951796786888468,3.9348273197645818,2.2541582709640564,4.626540209951276,3.4786964671813,5.014356415836757,9.797705907458129,7.454645808691519,8.243875169203763,6.906084185493715,13.233621492724735,2.6306373437731643,2.435476086109659,3.057630531986049,2.392816779774896,4.1457998826283955,4.605396720340288,2.559996161918402,3.7243969148731293,3.3809931401155398,5.2835179616154555,3.8789572408060797,4.7693524375472895,7.833518566297158,25.503057476123207,24.94981360531901,3.946199481596819,3.875238728699518,3.3011474633881046,4.508992812813463,5.144160529996257,5.923198134571646,7.541165864964664,7.792391737850226,7.614648869238735,8.50976942959084,10.072269995841605,8.060358410420886,7.211744734369822,9.341811071683116
26,23.72519408491332,9.191142091915525,10.244987505259022,11.160955750224058,4.047191509164643,6.852057082407845,1.566819628222227,27.857577538334883,6.320166915092052,1.975239836244738,2.405581231928161,4.284459306986063,10.846010326257128,5.700282347986722,18.73471314252473,5.1599959243718,4.64490888944292,5.633549738342931,3.8599246151006255,4.027110267205438,4.686532117329321,2.7267756320370187,2.1514541570843773,4.527878809886179,2.4896308372252065,1.909767192921752,-0.0,6.3930466280167035,4.952998777260534,2.388724169384228,2.567406721865261,2.1102490482759437,4.6311402856043875,10.462535009599074,2.4166407129564247,2.8386380014515513,18.23551413622985,2.3515988156676837,5.054076864769828,3.255446460252567,2.6214798856446575,4.698625562677262,2.35975721168923,5.326972575081983,11.281265619102397,8.694280760626446,10.475014327491772,9.128580799476845,11.806785040328142,1.7750247057896238,2.4860276084516775,2.9033411714160713,2.3683245659724124,5.367051876784007,5.07034421893623,3.090504208232843,2.617325444833273,4.242817091650353,5.0740420985963,4.415072002507199,3.9080979885347724,7.206583903695913,25.188945159556255,24.05693718168786,3.667974825224795,4.133605767800228,3.892019375540951,4.556439680671681,4.931220999030238,7.704442208148967,8.689652341837066,8.893882860100858,8.86422512675033,9.241694189642574,11.548815821572317,10.197908886704832,9.19843569789891,10.375915545649365
