,0,1,2,3,4,5,6,7,8,9,10,11,12,13,14,15,16,17,18,19,20,21,22,23,24,25,26,27,28,29,30,31,32,33,34,35,36,37,38,39,40,41,42,43,44,45,46,47,48,49,50,51,52,53,54,55,56,57,58,59,60,61,62,63,64,65,66,67,68,69,70,71,72,73
0,-0.0,6.947046704247954,1.8610793782869386,2.0699662982835396,7.523866405330474,3.7506202373788513,7.730724769636946,7.22531768226501,7.343831672248306,8.368802982257428,6.311113442894346,7.042706045888116,6.674148820913705,7.854809704899457,3.503917133978674,10.48488806023051,4.508036451150747,4.7937486513471415,6.098407300347011,7.676805683321311,6.066749722727235,6.016314670287014,2.657758910808206,5.974936081194915,7.958578828523064,15.091778824998075,11.969541554047625,10.412508730882672,5.072027140242246,6.0910046985039745,15.89710677622797,6.428426315345914,8.886165290337855,8.26915259142937,7.286779326070579,12.776728951462658,11.521360744971172,9.200091696609812,4.97838369648289,8.182717325116766,17.02276445121116,9.340686294069,6.605279381123547,4.3751703024686535,6.403071271088083,5.774152381498999,5.21892954713963,7.741374608331526,12.795945867790907,23.393576861723705,13.615959662556104,5.591074294460899,10.046171661447275,16.59002951836964,8.489293983133347,19.500569457925643,23.89910871211396,13.061531363110769,8.38478941089309,7.9864014604017255,6.422978591816947,10.342517789072696,10.66285472093434,14.398946903325289,8.10066400550599,9.357661350791233,9.01537114223689,6.474629793352925,2.961116758095913,2.3512120974395327,8.03976887325198,3.366261079074301,2.8833146830145076,6.147541227883824
1,6.947046704247954,-0.0,3.7894488404535274,5.800511309375272,11.917962514003435,5.616932753689732,11.47499330009746,12.100481203138175,12.482011943480385,14.602968515299914,9.797389981198773,8.815658613951673,10.73743043682185,10.4973742392622,8.659874288092253,7.85837286246656,1.5793718932374095,4.767993873807475,13.09127033617178,11.213841694941973,6.123059699836261,9.385580767522907,4.34934093168718,7.461448945682107,5.306395271472953,16.57026585458757,10.607200261242241,8.65010383151102,6.030808361128737,3.5779115205840104,8.403263129129483,4.90145201935142,5.590960147777555,5.0583871198298365,4.90781919819107,9.917051373977639,8.027836068460212,6.726594038158757,4.844307941508881,5.954227089636738,12.19296178646867,10.307900048812975,4.302888712168277,4.683759537383936,7.0860381256979075,4.264204600854194,5.785808641967708,8.886880984274644,10.027980026651502,23.60669267176036,15.328590420383247,7.264074811088566,9.601050067083605,13.909937032907008,6.568185982863848,12.43717669507315,18.417285982081456,15.21607801676203,6.829675311960664,6.9404340425893105,4.379589058171428,11.9485843318561,11.9597504227755,12.707865954372071,6.005058608491781,6.7671710738957955,5.652443930355659,6.2092961198349945,4.901943247404891,5.331095158122273,3.9822407447336388,4.573592194495979,5.3034333675305465,5.292429816680002
2,1.8610793782869386,3.7894488404535274,-0.0,1.5825463428497635,8.043806630989526,4.029199749090423,7.228970220049444,7.833747722397169,8.211092939668292,9.250397974515272,6.200444034286079,4.496735595542219,7.010163030597856,7.402652270548921,2.302697824352704,8.908359765445118,3.503124521819882,2.82727084578057,9.764057664748021,7.453328177597247,3.3461471951708597,5.780727586618174,1.937579881182438,5.192576327458198,5.7795290860453825,14.779734476749205,9.463624540834257,7.662290677723153,6.50127208037158,4.405724832212732,9.697732539451561,5.674050409992723,7.738916861718529,6.023427508430474,6.4020843589759995,8.6399142571572,9.511562387145746,5.491518457003637,4.288481183349534,7.185590825092216,14.748981834571254,12.247415098851981,5.4610109395696265,4.358942256390728,7.149068096658678,6.3910814126069235,5.170793614321508,7.42406052290487,11.537023138988912,25.07473058328944,12.901336634755713,4.533441077689256,8.243386056405464,11.81624691143784,8.117027475753012,14.332385935579552,20.174362482839857,14.86672721822009,7.757889882583317,8.218589894809611,7.0614367594243,10.694713658033676,11.779877173422465,12.552930865291051,7.691310186404201,8.843148760366951,8.548549080986275,4.711546397126871,1.7594885191075815,1.6660970511945365,7.145616209931823,2.962757988451685,2.663659089209247,3.454922861045261
3,2.0699662982835396,5.800511309375272,1.5825463428497635,-0.0,6.798941974208274,2.3801351932832855,5.790689242976007,6.615695931674044,6.728537670782421,7.119234952664725,4.5139650044951,5.577310802340654,5.302818120344175,5.813787768996422,2.9741132151110508,12.555802575625002,5.5118139093488985,3.8647657604936163,8.383002022594122,6.003217129104557,4.639072788661401,4.856797001442135,3.3045116469266014,6.460758061380468,7.568583952885461,18.479465063745664,13.526404458298822,10.500383222529532,5.9213921513734,4.143794826702352,13.752255058599845,5.0882246651114675,7.810302010593307,7.261472266682839,7.031926647784381,12.19876191954808,10.965392902144213,6.719099797747364,4.804479981485655,7.5854098133502355,19.23896852007181,10.56577601112296,7.367809921000394,5.097325844930427,5.797267513515843,6.441202925536824,6.309961081773247,9.94756909937103,14.749868842813166,28.411147016096375,13.072160438589423,5.5115447327276135,12.264330157233774,19.00246043879797,9.880308636679018,20.18464018279621,24.90799585037946,15.172049927942869,10.210152437571315,9.810825039208405,5.492121346933411,12.335506983650358,12.734088360867288,15.319184376380178,8.129095864139394,9.553449943169305,10.492595968618351,3.867973806448144,2.3669676763427714,2.2078042749845164,8.531453323783678,2.609134905374151,2.2314253490611065,4.493992192845288
4,7.523866405330474,11.917962514003435,8.043806630989526,6.798941974208274,-0.0,5.533789567746461,1.0186679957311238,0.556825695072232,0.7586979743519171,1.1475956207902533,1.6196609360567369,2.2428209219411195,0.9166158343574782,1.640533151127857,5.757692767972391,15.48345610444828,9.587092233794216,5.447090176541169,1.4005256426561736,1.044895716201971,3.2843417009201747,1.541260031737942,7.268861196677301,11.416792411714237,14.789612577824226,17.41289815436774,20.766695051477367,14.132080656854672,10.137391157072013,9.717879280856542,20.31901899900726,10.38064522617979,15.148160755315411,10.958100970920405,12.18713012150035,16.42710225975866,18.197980053760308,5.533455282623131,7.244044772625185,14.066647891038425,20.692010361345776,8.786151330670089,12.316645007465851,7.282170579170073,7.813104096526144,11.677301531225025,10.230574174268828,12.492715261004504,18.137182152014017,24.793502549662076,15.37215065759343,9.843707580289049,15.44876064387276,23.17278800059342,15.763712310032018,23.179353574998952,27.242271329375196,19.21481002141573,15.742311924667675,13.91381915271606,11.966705914147028,15.881650167473692,16.420331675820236,22.06910568484269,15.130570985006932,15.687299991359158,16.21163442765342,5.465342562500589,8.945357587104233,6.9366215860333185,15.158944755547104,5.720918045820419,5.698660448378344,5.6190473351356065
5,3.7506202373788513,5.616932753689732,4.029199749090423,2.3801351932832855,5.533789567746461,-0.0,4.681534194159043,5.6177618583371425,5.1568913452061995,6.25376915520848,3.1082658038876576,5.04098246719462,4.377875175103142,4.769131091862881,4.105399072560827,11.501439593715594,5.128235868444474,2.1737431853295615,5.633609686335554,4.515209796569891,2.756451851770274,3.692992259620623,4.049836556926213,6.422070497329003,8.991905811176023,14.82294666158063,14.029367656829702,8.695369370448132,4.464329807561639,3.7947183739397237,12.10696611157042,4.807077975620654,8.329076062513238,5.661596612521926,6.031958289695816,9.721153005141561,11.444365960481758,4.517185076562296,3.6233881900765215,8.935807180803499,16.9261403111772,6.047034586621635,7.8494384151131245,4.020857370171953,3.8459843034875147,6.2477011392306645,6.037367937513178,8.129243319937578,13.583567905728643,25.871449154373497,12.983499170425105,6.100219195347119,11.124952482210976,18.638057676474766,9.73241843959075,16.996958605206963,21.142335451461765,13.099923723584153,10.391342476437442,8.900043875153544,5.053547123745738,10.545408804974002,10.989373770699594,15.912577658378874,8.440756621775916,9.123713734585323,10.520944407794222,2.2022052821668088,4.467939207787326,3.5173334563494145,8.270152797172184,2.193048529650234,2.0366231942421957,2.4015581202956295
6,7.730724769636946,11.47499330009746,7.228970220049444,5.790689242976007,1.0186679957311238,4.681534194159043,-0.0,1.385629339724161,1.2401241106720795,1.7200626927109877,0.9666191310964656,1.86077903653245,0.7802191747525957,1.4012925287487785,5.232791176224075,15.897866320662459,9.359910404097946,5.192941252355552,1.8960828827263845,1.3471443798605185,3.097270794728112,1.525177735536236,7.145265539795041,10.207872452369694,13.276088341739285,18.855214374130007,20.321659289498985,14.229106492428398,9.300261726155087,8.043533672606387,20.407936223772957,8.631321668031868,13.35426290358236,10.452025400465715,10.236279896105863,16.674872323302257,16.10665773190723,5.178138760590521,7.49264454720537,13.673819415561997,20.883980364777674,7.883917126639312,11.70903506359402,7.540652572571856,5.880706131977854,9.468925800710695,9.351023523116458,11.4991393690115,16.91389995978893,25.59235346597981,14.758245645758707,9.32085136691112,14.083433122399041,21.487077335819922,13.143832644332035,23.437538454136273,27.203598630033518,16.316681800031247,13.89111479348805,11.831470186860964,8.98952323624484,14.117263372678188,14.350626544575183,19.091729960486852,12.347585878937101,13.229177015901497,14.064767339211983,4.064469405170973,7.812802741829099,6.285759047936176,12.027777239338038,4.874893241837457,4.837520983111386,4.242178161032006
7,7.22531768226501,12.100481203138175,7.833747722397169,6.615695931674044,0.556825695072232,5.6177618583371425,1.385629339724161,-0.0,0.6937707533372119,1.1836995639110275,1.7042530194932257,2.170555226999729,0.935822806851918,1.672330462911407,5.525161321031121,15.334423410861405,9.490625376302145,5.221511932991105,1.4299462349788423,1.0860681644320707,3.2287272700811864,1.536686718386123,7.1049449296409275,11.46514273791159,14.624816005629459,17.232927600598536,20.475030553146837,13.999034329353426,10.27281952643676,9.885724268712144,20.505458060716535,10.686264689314138,15.520564669012519,10.568530895298375,12.654949934248462,16.226487067729202,18.395034573892673,5.81589313316043,7.130427726123229,13.781623660968778,21.332479069586583,9.176450364282719,12.301071226625188,7.082669541740563,8.509526347853207,12.003023944941946,10.444827441264863,12.5653220887502,18.826635274614677,24.873299812814594,15.245184548432173,9.884466056263827,15.50994360713027,23.311001552277485,16.15665992767162,23.664054798961168,27.82100786281154,19.5928767228942,15.947744378325925,14.420746248317812,12.687722374031937,16.121939690658667,16.70608125477859,22.297464434683505,15.6071178106755,16.082258508118343,16.91792398970372,5.94626871782362,8.903727563581372,6.9275304967569475,16.10700329132699,5.971919530807032,5.900447455734767,5.927426792590324
8,7.343831672248306,12.482011943480385,8.211092939668292,6.728537670782421,0.7586979743519171,5.1568913452061995,1.2401241106720795,0.6937707533372119,-0.0,1.096591609191737,1.6962930569864056,2.546528748487224,1.1018857995450662,1.8335470694698106,5.676337801521408,15.794667391380932,9.915940814282507,5.609570633839397,1.1100356088130952,1.1444151048686342,3.44931254863293,1.6837416424574632,7.338121426278462,11.203981166661098,14.781792038404161,17.430926537890638,20.672308521364293,13.895231038617828,9.318260531644153,9.127833729501056,20.227396651668894,9.439879703726113,14.653745772492954,10.480746158382862,11.373377213422103,15.96564180597542,18.060681889892233,5.10071914598035,6.817989839071521,14.26585522109122,21.57710622696475,8.307824002975195,12.51379375106154,7.163136319260269,7.3040174213149545,11.101242485667946,10.02833484530452,12.179627088596613,18.69517456416956,25.165416116656832,13.994727206935199,9.66277930138624,15.45059030018711,23.547594939646842,15.367383391298828,23.823840213092527,27.93746950193409,18.07704587090999,15.511461373792773,13.615711140901423,10.893724739827052,15.26327001066947,15.660483324605147,21.503770175286608,14.52207294897045,15.177747432167497,16.469871679896624,4.953509193913277,8.978118336302868,6.832286165619289,15.460178277127865,5.581963526072362,5.5080989449332725,5.561724702537291
9,8.368802982257428,14.602968515299914,9.250397974515272,7.119234952664725,1.1475956207902533,6.25376915520848,1.7200626927109877,1.1836995639110275,1.096591609191737,-0.0,2.4203794706095203,3.4462900927083004,1.8980447400951435,2.3971552376132577,6.573870484741028,17.51726029108453,11.359913679432374,6.847081148309453,1.6881066780703573,1.826287527655301,4.708084254826151,2.6480072848593315,8.561810920080445,12.23098177125566,15.606397410002971,19.773961176610808,22.06589146282986,15.911907816371816,10.37461627845332,10.296270303434476,23.10388154464216,10.485555954459278,15.60404756185806,12.143729348724692,12.451695294787378,18.267654660042353,19.421422636783884,6.139110970471963,8.406170320019978,14.518230907907194,24.39832238759819,9.519711664564602,13.617047603027174,8.482050022633741,7.55588004745467,11.556900238171275,10.960391196141325,13.478192678178804,20.78563313513186,25.09806749228838,15.615693962551822,11.031130147891137,16.53913400534048,24.573723660428836,15.905243120355696,26.850806491778844,31.101621399169748,18.34141082572592,16.373755918304067,14.135346448452594,11.030054699890966,15.978905009051612,16.303165763734146,22.065434201213748,15.009180099270141,16.385581755026983,17.69753076846133,5.51205086410419,9.849016917123155,7.750088336564395,16.530477976429154,6.510783163447741,6.391531073148131,6.304987379869091
10,6.311113442894346,9.797389981198773,6.200444034286079,4.5139650044951,1.6196609360567369,3.1082658038876576,0.9666191310964656,1.7042530194932257,1.6962930569864056,2.4203794706095203,-0.0,1.4824690652047539,0.6973788722186269,1.7042305530089683,4.228714091146017,15.266961836284187,8.711598399683018,4.644773046213674,2.188092218271621,1.538630401085493,2.283276112540654,1.1984238412983574,6.3624470568543305,9.12883415637545,11.750173044828777,18.60878355324983,17.920481849085917,11.75884647012127,8.700543529787849,6.660715158339072,16.248699651692185,7.123714282327733,12.079816180454953,8.626636464411584,8.659670786429787,13.048843221356224,14.626722512464127,4.806284518936899,6.828399271103611,12.423140676507327,20.6123876186898,5.785241634392627,11.150572991034556,7.4247178516419,6.701467125738924,9.655062664366422,9.083097289923174,11.034293818097666,16.943761174637107,29.614709287089436,14.294837308402627,8.459283746733027,13.81924711205422,20.977352146771764,12.709834111047835,20.64396721296904,25.036909525628626,16.337956309772174,13.611078175305934,12.008569988356182,8.123359725888612,13.928027653688828,14.210463644406818,18.67813761800456,11.328960066309847,12.06170191065714,14.247256894172283,4.151395775679099,7.153870574857335,5.59483165297627,11.713096901252271,4.571778162609599,4.468748953284738,4.170454573328318
11,7.042706045888116,8.815658613951673,4.496735595542219,5.577310802340654,2.2428209219411195,5.04098246719462,1.86077903653245,2.170555226999729,2.546528748487224,3.4462900927083004,1.4824690652047539,-0.0,1.58819872626813,1.9127180447036054,4.231774230408057,10.826114137329213,5.858109325148596,2.767218949985558,3.669492711237893,2.3815886252698064,1.732244974028013,1.2071747623700972,6.685333961188086,11.017697327680878,10.224930186505134,17.641453288954775,16.414782781584787,13.658239641387263,8.805552873459797,7.547850753134472,17.510170557890167,9.782546831648308,12.57090252427716,9.578228933421649,11.419887637329838,15.633039373237915,14.622863569392369,4.829617096601168,6.701024908902787,10.307995104805439,19.12453089147832,8.944534824320549,8.236509728410834,7.036880159304882,7.200560865117065,9.182791301017893,9.72030446945828,12.110867374080584,17.26169006999983,27.79279710375944,14.344796237581022,8.966414517050433,12.100042503044588,16.29416048514968,12.217371754646063,21.73273515337038,27.614231601152632,18.964692862158998,11.111812424742348,11.650800640681231,11.472845495626721,15.2573807174339,16.316991015026623,16.349116686551973,12.427669159522866,14.078689274957927,12.24790454040063,4.402175109291598,4.959947799627682,6.11572371135991,12.071494962176926,5.069222809251526,5.246494960775325,3.8135898525808303
12,6.674148820913705,10.73743043682185,7.010163030597856,5.302818120344175,0.9166158343574782,4.377875175103142,0.7802191747525957,0.935822806851918,1.1018857995450662,1.8980447400951435,0.6973788722186269,1.58819872626813,-0.0,1.4937672610521409,5.127578362271713,14.193357081972705,8.565959483797366,4.404629187039744,1.665337074452885,0.8585134834073929,2.3374061659850662,0.9216066942485356,6.493911199991786,10.323697549427383,13.285707350720005,16.316881409296677,19.227194947821598,12.742545335352663,9.051663454074232,8.462991001984264,18.53891470794695,9.217323014000725,14.003856930903524,9.704320765036606,10.901675305463916,14.715324190059404,16.337669070176034,4.999596097822544,6.291255465349683,12.530400518172076,20.052223923975493,7.693159903577108,11.34975195861108,6.531327664546732,7.163317974561594,10.706924028818946,9.407069830791881,11.57954014529849,17.509157686191596,25.303027152978846,14.058461429920436,8.936299756275451,14.432139925123987,22.121507291565106,14.650497572529016,21.93308911998456,26.24937025867164,17.96690012506145,14.678466079289507,13.043432127249496,11.001129468315783,14.736585080799092,15.355540971218751,20.83390280507936,13.92631191632508,13.96085435023817,15.301457296511682,4.511815793781622,7.920263013703343,6.070041869751791,14.122522216007216,4.9619169485546974,4.846380510877259,4.690288497363989
13,7.854809704899457,10.4973742392622,7.402652270548921,5.813787768996422,1.640533151127857,4.769131091862881,1.4012925287487785,1.672330462911407,1.8335470694698106,2.3971552376132577,1.7042305530089683,1.9127180447036054,1.4937672610521409,-0.0,5.4900485743868535,14.799795716619297,8.772550362442718,4.639378751437556,2.7757173255914975,2.019008533912332,2.8772223501441148,1.9534185213516448,7.543709328902945,10.648968125115507,13.665338885064738,17.262313792770144,21.503906399993465,14.043494628955738,11.0418465226263,9.44816968226983,19.191853166551752,10.584041408797908,15.225984013927718,10.627123051098284,12.270497817969918,15.870299268731769,17.51185832396186,6.79377715667151,7.327630920317423,13.69178715099948,19.68122684016283,8.938358142214714,11.966362870316543,7.811246436269594,8.196165094894381,11.832766159499824,10.826233667778224,12.912038749820981,17.874215929900657,27.90630223878622,17.786048544902094,10.259703910444669,15.761980293602248,23.69251458445034,15.47154424686913,22.46356124304252,25.981546875451304,19.44971494059536,15.463630196556375,14.180996175174338,12.062543263817474,15.795064867145078,15.814352046680934,21.509800439109114,15.223396729976992,15.356830324099661,15.828733150782117,5.232279490690737,8.133601807872463,6.979344599916831,14.144617440385524,5.805502161626023,5.029774368471493,4.71361561925458
14,3.503917133978674,8.659874288092253,2.302697824352704,2.9741132151110508,5.757692767972391,4.105399072560827,5.232791176224075,5.525161321031121,5.676337801521408,6.573870484741028,4.228714091146017,4.231774230408057,5.127578362271713,5.4900485743868535,-0.0,14.135759355113207,7.748627780242663,6.35695304354096,7.312549452027054,6.239716734131356,4.908261988065202,4.989968175752252,5.305399814716572,6.97389574868735,8.22601644803275,19.055277496877654,11.932644889366795,9.637552427197207,10.02066131863724,6.82348105878999,12.433987129156884,7.971307485564972,12.045365894772639,7.060244386360239,9.403312686704275,10.796210763147053,12.337356611585351,7.7372059089719105,7.712064512510709,10.603295494541703,18.034219948648726,11.871831920820071,8.878183459340129,8.088053926676123,9.952641675357356,10.94078292079945,9.295628844361223,10.237035016835284,14.11868880795146,24.63999223045801,14.453639889992575,7.317059119484076,11.940295638832591,15.681004498241254,11.64451853170463,16.453613337219696,20.727218061297698,18.906114440344314,12.190941099253276,12.555276776776456,10.132917136081618,14.531936736323573,15.629404328417174,17.040521778041366,10.813132580953184,11.922901175061398,12.96180379700264,7.479919084711735,5.516455825534978,5.124216472356834,10.462539920951443,5.8573783181192445,5.773832283601838,6.867650885530426
15,10.48488806023051,7.85837286246656,8.908359765445118,12.555802575625002,15.48345610444828,11.501439593715594,15.897866320662459,15.334423410861405,15.794667391380932,17.51726029108453,15.266961836284187,10.826114137329213,14.193357081972705,14.799795716619297,14.135759355113207,-0.0,4.651242106161317,7.8848971556108625,17.88627497040839,14.617796454682994,9.275359314509961,13.145358907496368,6.8241158990124315,7.801167629485062,4.665112239924078,6.804425350227089,4.540854661519774,3.3536206711460137,10.423066195584914,7.518111502025294,5.07843943874284,8.289480916480754,7.581970464841452,6.372305196551963,5.011267740935617,3.4647651540873037,3.577861809883703,9.879221223728445,7.743707881808229,3.645978190472206,5.9259019825981865,19.26841025555826,4.081972105490266,7.176011723030465,11.642242934496917,4.900072919740824,6.406688767993527,6.443699500123619,6.7771879306523255,27.798137279512492,16.5903056775674,6.700153251129722,6.199932994165576,7.9200609959380195,3.684195861030138,6.373302870682038,12.263029092620757,6.16870491529396,4.669026536294739,4.209412366384908,7.580857007101778,5.046089588319748,5.137553251397056,4.478355406078512,5.715767393100225,6.1518235673544535,4.538985570071317,10.528171096882847,8.844777534212836,9.151149814738472,6.605326832057317,10.434818495630822,10.467116434556857,9.917509363819741
16,4.508036451150747,1.5793718932374095,3.503124521819882,5.5118139093488985,9.587092233794216,5.128235868444474,9.359910404097946,9.490625376302145,9.915940814282507,11.359913679432374,8.711598399683018,5.858109325148596,8.565959483797366,8.772550362442718,7.748627780242663,4.651242106161317,-0.0,3.398115409186531,11.539292568621695,9.129418741659824,4.627096251967499,7.4238109486069215,2.8765347584326304,4.908536698248512,3.259426020257162,11.50404566301825,8.292864225735046,6.617480093783938,5.463805805000162,3.575973113707494,8.715786474829322,4.61995077152193,6.269516051975749,5.2492244183912335,4.301479268863747,7.84001461916556,6.035110677847302,5.755053505690659,3.882516550734057,4.596293865290653,11.456133592012671,12.670092603398425,3.6092467531669854,3.8631655626022323,6.911718189255925,3.730026066971227,4.025810285844623,6.349481115058573,9.377259363686393,27.272168643054307,12.83762505432403,4.488866759589088,6.380947760061751,9.608596609401252,5.574817914488644,12.569842687160287,18.543622860595036,12.182223597987077,4.934062361332482,5.536549443017403,5.590684194588367,8.617665340588005,9.38518871495547,9.496343570875176,5.687391370789331,5.383132198154597,5.058215586616321,5.003050465218338,3.0343681528742747,3.477508635632943,3.9147547072924676,3.8976295810405124,3.8293335825572727,4.022651721381857
17,4.7937486513471415,4.767993873807475,2.82727084578057,3.8647657604936163,5.447090176541169,2.1737431853295615,5.192941252355552,5.221511932991105,5.609570633839397,6.847081148309453,4.644773046213674,2.767218949985558,4.404629187039744,4.639378751437556,6.35695304354096,7.8848971556108625,3.398115409186531,-0.0,6.745010373873111,4.948516268498908,1.478688463548682,3.3266026391717243,5.133390012049823,8.795332779281294,6.7619942027149,15.86656304701859,12.105801662214372,10.784864897603143,5.423269322555306,4.221726716028885,12.813057254143262,6.166763794157351,8.46735243894844,6.923919975868507,7.790026424913328,12.140830417376081,10.435305523411857,3.6396243367134593,4.557840334770755,7.362676152598506,17.951943552423284,7.742066157828708,6.0125061058298765,5.015646343815508,5.059932629346322,6.378683498016604,7.553533210921116,10.322546452104104,15.751374455109566,28.92333853662557,13.120194334965941,7.545431030833278,10.044785099706976,13.671465335550021,9.023633846498612,18.934633791487254,25.8565020261784,16.514787315650555,8.175394998750292,9.08070772768502,7.848321709912935,13.035019097353912,13.937979978932383,13.226393739135398,8.733371189546949,9.982574527798398,9.618540441802248,2.4624420593194354,2.598115299699462,4.312056705738243,8.607794565883959,2.5744325729091346,2.900317810287595,1.6317727630399894
18,6.098407300347011,13.09127033617178,9.764057664748021,8.383002022594122,1.4005256426561736,5.633609686335554,1.8960828827263845,1.4299462349788423,1.1100356088130952,1.6881066780703573,2.188092218271621,3.669492711237893,1.665337074452885,2.7757173255914975,7.312549452027054,17.88627497040839,11.539292568621695,6.745010373873111,-0.0,1.0566327537407634,4.217502214767187,2.2517731022288934,9.280494524833605,13.750026094225852,16.77755646942555,20.908832635283726,19.17128384537535,14.873424098127892,8.40317081694066,9.907470086315781,19.380264523878672,9.862121972626356,15.927795261534667,11.064590833476332,12.128914012928936,16.162221658480245,19.56059711664463,5.823352156084547,8.172245130920315,15.779093281736284,24.841920351422953,7.220737882241763,14.78617734108516,8.909174412135446,8.421413501207578,13.008455148588027,11.71029487677177,14.296174158214546,21.506393852680752,30.371230570818252,14.392874252761287,11.474203845481561,17.97532837389046,26.082701494985592,17.55938034994202,24.7944082101636,30.80627933150243,21.24288623179369,17.655253142331265,16.137262645733937,11.77757996784281,18.72997961141362,18.79976293075238,24.91910643828424,16.032012698432734,16.477775825007768,18.686213754962655,5.552344211607087,10.785101151900125,8.72325363015194,16.876792545612325,6.898280180200054,7.2435257011883545,6.5259178732004255
19,7.676805683321311,11.213841694941973,7.453328177597247,6.003217129104557,1.044895716201971,4.515209796569891,1.3471443798605185,1.0860681644320707,1.1444151048686342,1.826287527655301,1.538630401085493,2.3815886252698064,0.8585134834073929,2.019008533912332,6.239716734131356,14.617796454682994,9.129418741659824,4.948516268498908,1.0566327537407634,-0.0,2.8581169911578295,1.3072582399797545,7.108132652442973,10.935429140693472,13.770953465079355,16.925219953668307,19.9662627146117,13.241270628750033,9.668190725117386,8.491622051865447,18.71445388543538,9.148268271227806,14.147328253585412,9.963802773511551,11.07336085702604,14.824955479013244,16.773429704346576,4.849360883170082,6.461112816810376,13.149820206017056,21.20022223178384,7.3934830764718455,12.044067942679854,7.163571480537972,7.564549894586626,10.882944328575293,9.945642601081431,12.173343783421279,18.70593818001142,29.726438083078143,13.667742467712108,9.340914295302703,14.828593519813575,22.579629068688718,15.101625927708298,22.846724644715994,27.52760954668254,18.56728347599635,15.081963457823855,13.480587236252932,11.268483295511608,15.318030569101413,15.877906208061395,21.20756893701889,14.117176884974148,14.412393889204782,16.124099246324835,4.433059764821776,8.405502210087352,6.641432422095619,15.003737808431174,5.406148038800166,5.371395780760797,5.08501356470818
20,6.066749722727235,6.123059699836261,3.3461471951708597,4.639072788661401,3.2843417009201747,2.756451851770274,3.097270794728112,3.2287272700811864,3.44931254863293,4.708084254826151,2.283276112540654,1.732244974028013,2.3374061659850662,2.8772223501441148,4.908261988065202,9.275359314509961,4.627096251967499,1.478688463548682,4.217502214767187,2.8581169911578295,-0.0,1.4453546976098282,6.016663501202407,9.621509763119064,8.28501329622444,16.71360957703436,13.831751914146794,11.461503549013262,6.730055614463416,5.102052657825617,13.543052913266767,7.1886359544754965,9.865798177308173,7.8731982380529235,8.795107997848962,12.634660039278197,12.516279562023133,3.681296254853859,5.53329355656393,9.197286488859193,18.427244021141632,6.368372373343628,7.264505311697176,6.346004439453866,5.621287789806227,7.25683920698923,8.431426266684259,11.117631188363411,16.533380346569324,30.697447436030544,13.405141451353575,8.195754241535395,10.942908335363322,14.905379670798624,10.170533165998371,19.215379295426747,25.916410137762934,17.41737878173789,9.357178383375961,10.019313822336924,8.630992490784474,13.905292319065133,14.837368925943386,14.492971428130957,9.662495645100543,11.860938125794963,10.731689906710695,2.483585873345333,3.6313398818259137,5.225148260548555,9.592264397435102,3.684497159898549,4.085754760538078,1.8685500764801544
21,6.016314670287014,9.385580767522907,5.780727586618174,4.856797001442135,1.541260031737942,3.692992259620623,1.525177735536236,1.536686718386123,1.6837416424574632,2.6480072848593315,1.1984238412983574,1.2071747623700972,0.9216066942485356,1.9534185213516448,4.989968175752252,13.145358907496368,7.4238109486069215,3.3266026391717243,2.2517731022288934,1.3072582399797545,1.4453546976098282,-0.0,5.591307675290155,9.303181133371314,12.299672312074115,15.497266523006273,17.993894201935646,12.033132838026098,8.246356468156671,7.427177497693115,17.409160465174885,8.45675411255936,12.523813078353925,8.823309821957599,10.327437162601397,13.897418876703341,15.536840502794291,4.147745099660347,5.590314614343018,11.8608666084973,19.420705758631417,7.148868821165434,10.067349563879679,5.664350960136025,6.478938013432831,9.677216422868527,8.57458794702798,10.752437221183186,16.820842999479602,24.091299337023695,13.670060100269332,8.204851467476843,13.365462368515688,20.735086970928972,13.48669227898465,21.27283301334647,25.597250567633683,17.583981042563185,13.312369218715656,12.12595752761157,10.226235809004152,13.919717095931748,14.63481242176685,19.568496401423896,12.734063771636617,13.44258974269591,14.229323034311154,4.155782964648022,6.618706541805937,5.224562731362225,12.90146606112013,4.173822527050404,4.0791681768959265,3.6817562336795353
22,2.657758910808206,4.34934093168718,1.937579881182438,3.3045116469266014,7.268861196677301,4.049836556926213,7.145265539795041,7.1049449296409275,7.338121426278462,8.561810920080445,6.3624470568543305,6.685333961188086,6.493911199991786,7.543709328902945,5.305399814716572,6.8241158990124315,2.8765347584326304,5.133390012049823,9.280494524833605,7.108132652442973,6.016663501202407,5.591307675290155,-0.0,3.54571697343171,6.032394278970576,10.622026280120492,9.222990470126124,6.9779211022444905,5.820666265922503,4.844051167022084,11.098280682050012,5.305539916881576,6.8941840311676295,5.6817970102688395,6.292509857406819,8.90265079671603,9.569244974187542,7.8156165709931615,3.71401896955846,6.285139514653818,11.494531461660687,13.29921122174034,4.243357696737714,3.1812196111784474,6.694965576302744,5.03659765788569,3.1420521338051555,5.451889255078504,8.526084707723097,22.01706837908509,12.03388695673012,3.31773304049452,6.998319357218826,12.20620346526177,7.310161005232101,13.8290294120401,17.316344038174716,12.780517167123188,6.381227898878386,6.834524999153226,6.726015876679887,8.571600041936234,9.571436584934771,12.22812795413277,7.0573453235788675,8.451899694402286,6.988152209061513,5.198030112440385,2.3303634096770445,1.6205343298284245,7.082724322855876,2.87005690450855,3.0265684243739686,5.908997990310768
23,5.974936081194915,7.461448945682107,5.192576327458198,6.460758061380468,11.416792411714237,6.422070497329003,10.207872452369694,11.46514273791159,11.203981166661098,12.23098177125566,9.12883415637545,11.017697327680878,10.323697549427383,10.648968125115507,6.97389574868735,7.801167629485062,4.908536698248512,8.795332779281294,13.750026094225852,10.935429140693472,9.621509763119064,9.303181133371314,3.54571697343171,-0.0,3.389300343307306,12.349769859207518,6.484280578017275,5.595642655740292,8.962351429560245,6.705976659555261,10.397933456289815,5.496481254295534,5.537551792239025,5.911874003858,4.19701805323598,7.295064855286073,5.115189763729661,11.266496627603452,5.456751880990632,5.451949798654617,10.169346697872854,18.487973226195596,4.275560487676498,5.009198769969348,8.91760549734022,4.260544599778117,2.699252791552484,3.7457359162005535,5.42635475506342,22.372398442262234,13.958701366919394,3.5842039065651723,4.583052860069641,8.581665758160554,3.6542194257070046,11.154787249225125,13.83656065302832,9.326436885718307,4.174250662914305,4.20931127088016,4.775765428487664,5.380497320319113,6.472416887304526,7.565599510462108,4.1768259019343565,4.7237560995451435,5.672365104367809,7.334476127783272,5.049871333856362,3.8758942785965176,7.271637537473514,5.252732229545924,5.009214716012956,9.161634371252507
24,7.958578828523064,5.306395271472953,5.7795290860453825,7.568583952885461,14.789612577824226,8.991905811176023,13.276088341739285,14.624816005629459,14.781792038404161,15.606397410002971,11.750173044828777,10.224930186505134,13.285707350720005,13.665338885064738,8.22601644803275,4.665112239924078,3.259426020257162,6.7619942027149,16.77755646942555,13.770953465079355,8.28501329622444,12.299672312074115,6.032394278970576,3.389300343307306,-0.0,10.799296479693522,6.6650628575629005,4.860656781112431,9.469682942638455,5.507599465550515,7.266594701399296,7.122055417149966,5.900382691784533,5.7743005211350145,4.418590134144297,6.012110977707319,3.059163429995395,8.30362844193817,7.043720382712168,3.685637470698373,8.60503684066328,18.28878104960499,3.3050573339909817,6.409322227258482,10.262416984484659,4.174302832762222,4.682993479671135,5.4253521252247765,6.594769950143637,23.7660926740394,16.749515262848753,6.026793978145893,5.405135680302523,8.249900470375884,3.2004927085164065,9.050737425997037,14.329055771480936,8.982257785082643,4.063516962698379,3.921693890302464,6.053881162353466,5.783238507911661,5.9159370273813146,6.067086938699563,4.61252263546972,4.1446364573555625,3.5034119160650117,8.07885592446555,5.644149433756107,6.142034099812386,4.231299593064602,7.8268194117788,7.62072925699037,7.197031648346189
25,15.091778824998075,16.57026585458757,14.779734476749205,18.479465063745664,17.41289815436774,14.82294666158063,18.855214374130007,17.232927600598536,17.430926537890638,19.773961176610808,18.60878355324983,17.641453288954775,16.316881409296677,17.262313792770144,19.055277496877654,6.804425350227089,11.50404566301825,15.86656304701859,20.908832635283726,16.925219953668307,16.71360957703436,15.497266523006273,10.622026280120492,12.349769859207518,10.799296479693522,-0.0,6.060739262409304,5.2452232654978515,15.201481403229545,14.254969531220443,9.505165278168418,11.322013348939166,12.73387555080731,9.654297847011815,8.841781505243965,4.592143520159959,9.685771903735521,18.52759666842024,10.95218998169912,9.218492002750521,2.844166862851352,25.792540020834252,9.708129490429293,10.283101472098723,15.115576006063023,9.694502360543874,9.987845604725454,8.949239108577382,8.175646789791811,21.452587587100584,16.7732330298983,9.946816782486051,8.332301169126893,8.075895884052889,8.094835130229395,1.9556993811806367,3.986018863470057,2.191521833107032,8.758659210299513,7.320949715269799,11.687490936675312,5.631977545300797,5.035861545590063,3.9351262589193086,10.210920553265911,11.21211079104013,11.169562947399966,14.920343815273021,14.79441682406254,13.533512390906552,15.811468629251147,14.011512423995736,14.287456106446415,17.83392255594122
26,11.969541554047625,10.607200261242241,9.463624540834257,13.526404458298822,20.766695051477367,14.029367656829702,20.321659289498985,20.475030553146837,20.672308521364293,22.06589146282986,17.920481849085917,16.414782781584787,19.227194947821598,21.503906399993465,11.932644889366795,4.540854661519774,8.292864225735046,12.105801662214372,19.17128384537535,19.9662627146117,13.831751914146794,17.993894201935646,9.222990470126124,6.484280578017275,6.6650628575629005,6.060739262409304,-0.0,1.9557662171097625,10.850998115646393,9.690771557539211,5.565999587474269,9.608458628932802,6.589860355377731,7.120055124148777,6.356645989393383,1.4979733983632986,5.661311383159984,15.262205041201545,10.689545593615692,4.932808354763898,5.025244230547691,20.15637919048648,7.162592368138923,9.562228207028374,15.182393338443282,6.181945804715916,6.638580130910771,5.163183691424532,4.9824591650901615,17.62062266796014,16.11128522921928,7.725838916481665,4.937391421973125,6.825629341755134,3.5108935867406452,4.736789589667123,11.32111182233404,4.229695199185211,4.238303844993312,3.5064560995932,8.664543949514236,3.2220133631596783,2.420035756748243,3.4027095712263353,4.52052746433012,7.42974665818636,6.952843602226864,15.30810786935976,11.336289066951107,11.397213139681293,10.305379977908645,13.652203682665748,13.74977320062317,14.00010830230059
27,10.412508730882672,8.65010383151102,7.662290677723153,10.500383222529532,14.132080656854672,8.695369370448132,14.229106492428398,13.999034329353426,13.895231038617828,15.911907816371816,11.75884647012127,13.658239641387263,12.742545335352663,14.043494628955738,9.637552427197207,3.3536206711460137,6.617480093783938,10.784864897603143,14.873424098127892,13.241270628750033,11.461503549013262,12.033132838026098,6.9779211022444905,5.595642655740292,4.860656781112431,5.2452232654978515,1.9557662171097625,-0.0,8.849196031534177,7.2810593727211605,4.444831947645706,5.192402379167526,4.992998271951037,4.20661412986999,3.0597480267238915,1.582092831700191,3.5548851503459877,12.555808534708355,6.759369233505208,3.44076446703718,4.906799130567036,17.76872157762919,4.210491154665296,6.381777016498027,9.853318137176831,4.310695649769924,5.648779877214024,5.320719188716221,5.338965459574082,19.097695633518747,12.967493444547687,6.812367047484212,5.41518647880378,8.08389228709268,2.205238872217237,5.215575719081726,8.841183216953084,4.677705683992766,3.2947354160577644,2.8372089842532664,5.179536575289327,2.823822758467966,2.716753974008949,4.223984223585257,3.1494398974691498,4.397575547170223,4.86843231923609,10.30364211327001,9.744855869492152,9.302955379400382,8.196568222430216,9.311556733800238,10.01990746016255,12.06399818776623
28,5.072027140242246,6.030808361128737,6.50127208037158,5.9213921513734,10.137391157072013,4.464329807561639,9.300261726155087,10.27281952643676,9.318260531644153,10.37461627845332,8.700543529787849,8.805552873459797,9.051663454074232,11.0418465226263,10.02066131863724,10.423066195584914,5.463805805000162,5.423269322555306,8.40317081694066,9.668190725117386,6.730055614463416,8.246356468156671,5.820666265922503,8.962351429560245,9.469682942638455,15.201481403229545,10.850998115646393,8.849196031534177,-0.0,3.1229569869803346,11.897071685313184,2.236873969094879,6.345667060560677,3.5571499182401185,4.2634258726109975,10.856540089632423,9.977155943349443,7.71222783138491,2.983652725038654,7.042231399214952,16.89791353415308,5.023297046262762,7.054687054205042,2.972959657784202,4.056642065576635,5.121315525449393,5.829149965110954,8.489666523910218,13.792665786352739,21.189895186485682,9.51205330699672,6.548935970205452,11.868650620067138,19.27649380148589,8.83357107802942,17.93539666009763,23.949184919036266,12.606573308899927,9.09555621982805,8.082519097217714,2.8705132718996507,11.984771702642597,11.009454201771925,15.680795989937282,6.98872631249745,6.843191218509433,8.63143466555911,5.880015598494842,5.378820014570483,4.752863187905199,7.206835173722937,4.3702321750804,4.56894547574602,5.95085904964738
