,0,1,2,3,4,5,6,7,8,9,10,11,12,13,14,15,16,17,18,19,20,21,22,23,24,25,26,27,28,29,30,31,32,33,34,35,36,37,38,39,40,41,42,43,44,45,46,47,48,49,50,51,52,53,54,55,56,57,58,59
0,-0.0,3.483957960065996,3.5560700575466453,5.221424805289619,4.742180484123168,5.7787221970082205,34.10743110081855,7.166378536303146,9.399307500466495,8.986264910976825,3.908680619451892,4.074962591864604,8.696964772709629,8.660892542500681,13.833498458461236,4.636667550007075,5.0724664805541435,8.741272465585828,6.152881169235601,4.563978944833487,13.726414925238755,3.19851689991197,6.233856144361354,3.616970330604822,7.319156412457851,4.1714629873413,5.048416833656981,5.838368154306256,3.9160886881844843,6.812988345675833,12.246037405395528,5.167743523057088,5.314749915594727,6.079445749613257,4.7291607818978205,3.570126859602774,5.0250866828664975,6.615251793875409,6.011467441094002,3.125874973546215,10.027981553079384,15.056633597713537,12.619680035609766,5.817071688490713,14.246838600859675,4.548121502446499,10.402736593922004,10.984503935082104,10.882793090816493,6.995070650174721,3.571602965518192,3.6096585584229213,4.83902320394154,3.27762603628684,7.008792634676492,5.326466859948166,3.363982343843759,24.3851049248769,3.788839808111492,7.124765368317888
1,3.483957960065996,-0.0,3.122350625923421,3.3743229456302517,4.317375069742766,3.509487143533443,29.73164216998008,6.02275386811007,5.9568123279164364,10.426362475679083,3.015691632330136,3.174169832290593,6.1929090259622726,7.194588801039259,8.684906769375024,3.566589814831739,5.689609825767513,9.306787400329295,4.73685353108041,4.981650979084048,9.84960099241382,4.7062235808724635,7.5018655400523695,3.012209552044087,6.621465110395365,3.709575150974405,6.002339954084913,5.020648732191894,3.2229216465870136,5.018744206194718,14.150838640610115,5.421133199665392,2.9441760664932555,2.832031556862379,2.4004418754355585,1.8174766249044316,2.9289997405116766,4.353297014438139,5.23239526840175,4.447452243938521,7.823826400270835,10.857127292290228,8.10926759985395,4.081335848251947,11.793482533576066,5.2162319762673315,7.602511772451107,6.945187200952954,10.215787220343566,6.512185910828849,3.76533534495679,5.874646432728128,3.2379552577006527,3.892545317304097,4.161513646174582,6.418724100576846,2.09644876561519,25.52349057248939,4.511278349184825,6.05617140840976
2,3.5560700575466453,3.122350625923421,-0.0,2.560364321183401,4.056926082860581,4.373292946767785,28.485844046599713,3.984071707684893,10.275335238516016,12.652446006947574,2.2486810650924247,2.218122443214312,5.245117877989459,6.35214914749802,9.676214845000013,5.642738267837323,7.363555654653495,11.50116644493851,6.875520551251184,3.5387165240818335,12.110325520447052,2.981083935108967,6.226972739934809,3.475291867294343,4.649659797880259,5.674685713516185,7.384088827802864,7.941916088968367,3.8283526930457983,6.557106727156397,13.280286985657602,2.8421608306593065,3.852702777909606,7.012563662770123,5.067225712537807,4.494542768233401,6.351164761925886,6.823369595382107,7.754956489638998,3.338385250456467,10.239887602098342,11.969108146897046,9.352802642815028,5.44406212376161,15.407798682349416,4.095228097650569,8.51997618265748,8.455015387793114,10.259884900537061,7.422037868184228,3.442565738847888,5.903599828653881,2.7412412956315184,4.494814824061084,6.304264785319865,5.515011425079712,3.567716246999334,18.741177944509335,4.126235389832735,4.329220548675656
3,5.221424805289619,3.3743229456302517,2.560364321183401,-0.0,1.7898475736557147,2.6283291531882473,36.18002848313901,2.606317362158535,8.221932470365749,11.434486750593663,2.736775513508461,2.384456558532809,4.261583399945207,5.036500376750184,11.912992436147782,5.400095262466925,8.267730901172726,11.87934965373758,8.24660857150503,6.066246973422999,10.388969498322158,4.584911293946346,8.249591458312844,3.4369498614066036,5.89709659924277,6.156434090578765,8.882071524886868,8.633071847596362,5.464242255982224,7.388933828480319,11.026489141795206,3.9950298061899954,3.209718785312805,6.332557418947692,5.220225653385158,4.9550609716462475,5.377458687146966,8.166413925745582,7.304582965560395,6.631543738479987,11.083032850439633,14.104988541358994,11.245616442454427,6.863009437301296,14.986532280646905,4.252574451258163,10.525530267686598,10.16128924694576,11.075058745598787,10.057298611652353,4.674245121162798,7.627711739538675,3.2922714232276564,6.050704016203149,8.221326262338893,6.321311596972299,4.58383078491943,24.34853151661268,5.219293847215963,3.33316780884587
4,4.742180484123168,4.317375069742766,4.056926082860581,1.7898475736557147,-0.0,2.493350682080148,31.678053137967908,2.909187010042351,7.478848366103491,12.138545988471995,3.826645037433507,2.8590402199298053,4.712117681337685,4.3142350372100005,10.961990686487162,7.112214521558013,8.72102069764277,12.51461972682836,9.014204614219404,6.714211319841715,11.364264080186555,4.087550653774358,8.727071482583636,3.615323826665606,7.10792885373173,5.792753816746574,7.268201170973652,8.420171004974588,7.030192221598873,10.177059998032167,9.508392964444027,6.284074767286167,3.2801475491142513,7.7572239895869695,6.545641501730825,4.79509670460758,4.202396269884662,9.743264369892215,8.07433695654422,5.230115321570149,12.628024294376562,18.728566834289662,16.1527579564592,8.516617602702732,13.144773549314333,4.804177208230413,14.540046544001866,14.340815411561108,14.753147756067353,10.559145993182682,7.498843397255418,6.70663442935831,3.5278326241500104,7.821166203636979,9.434140935691829,7.807722724432081,4.931493871452209,23.826362552577407,7.558602910017753,5.530967623415175
5,5.7787221970082205,3.509487143533443,4.373292946767785,2.6283291531882473,2.493350682080148,-0.0,32.171341309142804,2.882087221334654,7.160659486368266,10.762559037515794,6.194341897961785,6.145033107621971,7.887928774651293,5.567738766780227,9.529502519210167,4.937424312224447,7.435136976443141,12.09451717537255,7.384216455433002,6.660631761507191,12.751632105048344,5.755639466223878,8.586708674451774,3.960574863913973,7.1945919241352,5.80055312608841,8.996868160054271,8.72296659763705,5.54183154815429,6.686254040324346,13.865400446653915,5.62445525564664,5.265026813370078,5.635877354817752,5.491717218704143,4.455829329577924,4.073946215380423,7.228902624439593,6.485625299882113,6.769647470389292,10.930038914961383,14.913108521028592,12.041603995414235,6.467425870344014,13.345341373662437,7.248146887133901,10.80356906371234,11.133483088762823,12.022799227829031,8.647844816306945,6.9742065296209175,8.623746199597807,5.472230694070506,6.793852057705442,6.562633394548347,8.324527575903078,4.718785972743853,23.75308758805361,6.592568400925795,6.192238951722319
6,34.10743110081855,29.73164216998008,28.485844046599713,36.18002848313901,31.678053137967908,32.171341309142804,-0.0,34.14296258675765,36.81239128785834,30.62676859839369,31.69370876588756,23.433877120890262,34.153212922140085,28.041539166264133,38.28746937355979,30.80898750985722,17.53848824751271,33.196186116036976,28.093008336578087,34.446933540346166,28.406080784680395,23.788400769123367,21.535700411227705,35.67394196837019,27.680028151943407,31.770302923713082,26.189743759201768,29.613668721923887,33.006858451860914,28.64662546585544,25.16805943659557,26.403323087676487,34.652092436056954,39.48607086103458,33.252099768105914,36.10538027386788,25.490923616196675,35.42153675383285,35.16334859095049,17.11215089473793,21.619233656756464,23.27895421635696,18.742218493278063,37.61990530263674,25.7174738988396,23.706137124877227,36.45278826223227,27.453921145722795,28.961872759685114,32.6972931595687,31.18774510379857,31.1253370770956,32.88408233820647,32.68160160236848,30.805278070311804,25.13525306069695,29.711276608779645,35.63750865617416,34.199971102203634,33.45788405265217
7,7.166378536303146,6.02275386811007,3.984071707684893,2.606317362158535,2.909187010042351,2.882087221334654,34.14296258675765,-0.0,8.82704294183047,13.070681956836138,5.464437854881536,4.150009648433057,4.634319808744883,4.875384277695375,13.668614561940915,7.50291028699726,9.291214547997619,14.512687825345118,8.85429899594096,7.42072483165934,9.964308904600442,5.059945446020387,8.782344004568051,4.213273243909766,6.185141650514201,7.614103358372683,10.673882443396604,9.340206155831764,7.036410466635279,8.083025299208337,12.186105118356823,5.8302482500466315,5.500497448313564,7.29281672276402,6.771720742964226,5.583979419392635,6.031883194625267,7.530142670911043,8.313390824973634,7.233055404719208,12.694256762543787,14.993025660932549,12.279726068856577,8.434575332776978,15.943439354889422,5.997613772913661,11.63916681888106,11.921031088774761,13.346067915907433,11.335296586660247,8.132193912601235,9.670990292883989,4.790262108277316,8.368428076889861,8.477282186492797,9.1332059232151,7.564660397940653,24.52722199527932,8.318040587899683,6.349765705791766
8,9.399307500466495,5.9568123279164364,10.275335238516016,8.221932470365749,7.478848366103491,7.160659486368266,36.81239128785834,8.82704294183047,-0.0,6.7998147195776655,11.579631279369982,12.018831432854336,12.177775266673343,10.908795617134821,9.336171787187476,6.483183719335959,10.442523360380378,12.319974638693704,7.599834365645422,11.435334092066633,8.668136058502158,10.676599790423003,13.305944097778545,6.780191324136607,10.932780697017076,7.777111090392302,9.422577427927093,11.118461502061791,7.998624886729541,7.155901781732276,18.594869534956505,12.707995333739367,9.883915496790847,5.967840170668784,5.525922652981732,6.333025116655709,3.750642025041246,5.585933667973017,6.371758534793146,9.853457259994885,10.729833943436134,16.16504924886395,10.068991808080614,8.306336328788303,13.213448957083253,11.413656797906679,11.723565553686388,9.289466281197685,14.224447710489464,9.4044602463045,9.602004595992744,12.576831875961872,10.328844533316857,8.561571256614483,6.278264808271513,10.757682528623656,7.613619264583577,32.186823328615375,7.8972673529709825,9.548766111766087
9,8.986264910976825,10.426362475679083,12.652446006947574,11.434486750593663,12.138545988471995,10.762559037515794,30.62676859839369,13.070681956836138,6.7998147195776655,-0.0,14.837663612982437,15.200743827394838,17.399985622693507,16.239092286720187,7.643035413036282,7.8412053365576115,4.04501369768026,4.351746855381853,6.172381404039612,10.43646638312149,12.064921573014638,12.148713580262312,11.649887062276978,11.23965702068745,15.824390159814008,6.7704567750329465,7.062155785893041,11.14308057236276,9.91745150403821,6.412915468725981,20.448783853902416,12.022804978417904,14.711460150175501,11.758894337230299,10.790941843264065,10.887092989961383,10.366796415539477,11.057269472882886,6.328637560011749,10.03260529951938,7.914239287976611,9.437690390572735,7.46014203997111,8.55362595682505,6.971268860254093,15.295948533368296,6.6376397090418475,8.13951313107586,5.820013934460969,5.548780255840549,10.49149137449882,9.864197003231263,14.899272847138139,8.004123881892056,8.454670989407916,7.570943753159589,9.738122693553116,30.456317149756316,8.96101706342991,12.78239006962071
10,3.908680619451892,3.015691632330136,2.2486810650924247,2.736775513508461,3.826645037433507,6.194341897961785,31.69370876588756,5.464437854881536,11.579631279369982,14.837663612982437,-0.0,1.2269378593544247,5.155701998374735,7.062051176089179,11.802283203556566,7.163733189809837,9.060785180061231,11.848056369862826,6.888498786187936,3.8656209489509155,12.477250239627905,3.071829726856682,5.563357501728546,2.945279619832823,4.396241130644441,4.856317935317689,6.885941546384045,5.289268948286711,3.608250283123523,8.122710444749167,10.468530966664805,4.270321781593705,2.135066919587002,5.2322372132874015,4.580391330071861,3.485723029260217,6.458079822369926,5.376036530398997,9.11085595538679,3.8448940858158602,8.545924241189631,14.014142921055658,9.919614025738241,5.720828455075327,12.24289731271007,3.3531407127358337,10.069734923031309,8.087065088770318,11.864158725892453,7.84284263673759,2.802040198644902,6.3043613754936345,2.4816013247196933,4.636066268050737,6.431610402412968,4.278819228502134,2.5923809550073984,35.677631942839575,3.9752167819767252,4.480013154025699
11,4.074962591864604,3.174169832290593,2.218122443214312,2.384456558532809,2.8590402199298053,6.145033107621971,23.433877120890262,4.150009648433057,12.018831432854336,15.200743827394838,1.2269378593544247,-0.0,5.488372534111998,5.933904863767529,11.77700161757908,7.781219587093757,9.47718321677738,12.463285382158691,7.762875149134165,4.253267102620867,12.69913984303748,3.4419163632022913,6.259536489258813,3.3335820088865136,5.062847436836545,5.108790907956584,7.464938933400229,6.096291725351638,4.46332572675105,8.920992280666765,9.231870278264198,3.864828978990835,2.6746467840905743,6.318765317133295,4.476583579476235,3.5890928957338906,6.458521414868326,6.243603646232657,9.865870260748892,4.18306493014361,8.370016949247356,15.096617289642529,10.948589211833296,6.229814307332913,11.599251773130035,4.2512121152925415,11.192282180633523,8.938000824726375,13.195535093801757,8.212526864788545,3.6989728046689354,6.478019810657381,2.808411843909652,5.269786083171314,7.268355263430586,4.693322460711219,3.4427056325601235,40.14192103928413,4.9283601171144085,4.191424597022944
12,8.696964772709629,6.1929090259622726,5.245117877989459,4.261583399945207,4.712117681337685,7.887928774651293,34.153212922140085,4.634319808744883,12.177775266673343,17.399985622693507,5.155701998374735,5.488372534111998,-0.0,4.538008962835633,17.705916211711536,11.250954162555258,13.507062021501472,17.0652726714092,11.098565447292248,7.890340158216613,6.987751646464813,5.893216480912874,9.302939348149769,4.747188478066096,5.0066775098144465,7.547368813139464,11.075709093261988,10.56577671766989,7.813379315493539,12.096134500659867,7.2112246195280845,7.153968961071674,3.2859275695882593,8.996640528868344,7.76819270880203,5.699628421891902,8.374031372986012,10.172709026618417,13.1315461572491,7.587562260588204,11.84299136969247,19.125465478387046,15.626897155788,10.611971169348998,17.231995192235782,3.887716200410679,15.094051001751422,14.25776659317885,16.62615603890981,11.348104782786661,7.630523144060888,11.89883594995305,4.908267797001525,9.187874051046997,10.423803726124511,7.856511295612524,6.4351298299617,19.535295141792183,8.173842192714188,4.212715838430646
13,8.660892542500681,7.194588801039259,6.35214914749802,5.036500376750184,4.3142350372100005,5.567738766780227,28.041539166264133,4.875384277695375,10.908795617134821,16.239092286720187,7.062051176089179,5.933904863767529,4.538008962835633,-0.0,10.468982978186052,11.302869878369718,12.988804939254706,17.916208752464993,13.233794364011201,10.88242308704199,9.139312767888752,7.365564339683201,11.767040225961297,6.058328495672526,8.34073663486966,10.203136839989561,12.897880593187574,12.749757244987649,9.529559650551688,15.09724807407243,9.531199009132703,8.971831145642224,4.826319597948042,10.548987652505666,9.896586938845852,7.211532248149323,6.776665766149895,13.204762142577064,13.036280575335097,9.397094557922934,16.706476254750786,22.72949398356606,20.433531353243307,11.489958804414725,19.382277544470877,7.293827252294137,17.550561390271973,16.95083518430176,20.092414115788266,14.417983474071118,11.37742856369926,13.583718152909082,4.523478665083563,10.170607445917431,12.402081173147803,10.913938531564696,7.843264724232842,13.396818725643982,12.29998661257765,8.23563348328742
14,13.833498458461236,8.684906769375024,9.676214845000013,11.912992436147782,10.961990686487162,9.529502519210167,38.28746937355979,13.668614561940915,9.336171787187476,7.643035413036282,11.802283203556566,11.77700161757908,17.705916211711536,10.468982978186052,-0.0,6.116764842082366,9.52462805539736,9.301014066626417,6.513125049043914,7.34085892206246,20.218052639112763,17.097227123531038,15.058497832018736,12.357803545694475,16.8430407349795,7.793692820139321,6.606200446874578,11.150188055810283,7.867055209850942,6.9039632025884865,20.27716947919931,13.471345696062446,12.539476321713625,7.810556761734849,7.820114050408472,10.06016244622295,7.638415548912447,7.232490696232046,6.652046878724478,10.950743749926444,7.609386347466626,10.977281985120932,8.751182002796964,3.8963730216551204,8.795446509822327,17.79157635941781,6.125431767705362,6.713522691867439,8.170431406014542,6.6766204456990375,9.897432687531754,10.768688814401855,7.849610541505876,9.111504286003738,6.414140230615857,9.547108386515562,7.583691813362238,23.630285797916518,8.005030002337065,13.629716351698907
15,4.636667550007075,3.566589814831739,5.642738267837323,5.400095262466925,7.112214521558013,4.937424312224447,30.80898750985722,7.50291028699726,6.483183719335959,7.8412053365576115,7.163733189809837,7.781219587093757,11.250954162555258,11.302869878369718,6.116764842082366,-0.0,3.3821732664464954,6.84769203144503,3.3933126050868716,5.93690672939791,14.188999255960544,7.086559394308875,7.267109732437729,4.82236303683354,9.112940086858286,3.3535011089952165,4.022598650731038,5.945895575924041,2.6864830939578077,2.9536781719346745,17.77929531033001,6.140668290608878,7.126521651668506,3.812044493306398,3.4891630462406287,4.151894950046475,3.9966095123257914,5.127963820723005,3.6386026625946175,5.02569145999523,6.6968765680073705,9.57395461548423,7.085856923966507,3.191923265794604,9.280310721726543,9.269941948745355,5.970665284582722,5.361229752014899,7.302169317989466,4.426960320642295,4.798704836273927,5.734988252811984,7.827873931088035,2.9432501331754497,3.886809994475594,5.43890087420629,4.050341877977165,29.322075839106418,2.6473436399502934,6.675291690433953
16,5.0724664805541435,5.689609825767513,7.363555654653495,8.267730901172726,8.72102069764277,7.435136976443141,17.53848824751271,9.291214547997619,10.442523360380378,4.04501369768026,9.060785180061231,9.47718321677738,13.507062021501472,12.988804939254706,9.52462805539736,3.3821732664464954,-0.0,4.302120564967979,3.006592293014209,6.850929165514542,17.43556012253352,6.820204859104963,7.1140799728303055,7.382234588816329,11.916831966088486,4.623665571534372,4.3795435087215875,6.59856200216327,4.818241230052976,3.9509306321554454,18.61255926271659,8.203347171613638,9.841579305562538,7.366816519570742,5.542132287108017,6.2820101889132,5.7288930102452165,6.297516078195223,3.788866459581332,5.754755473608183,6.510807037211375,8.859446165955454,6.3030132519854725,5.129988766962993,8.583144887759476,9.537659995193088,5.295982431654327,5.51116092807684,4.969273357799177,4.01000634384545,5.992928462678242,5.453604258374036,10.20989523264395,3.8082485019853256,4.51081019865366,5.335687605708392,5.837898889591379,32.28689890353163,4.025427956851512,9.249268813743893
17,8.741272465585828,9.306787400329295,11.50116644493851,11.87934965373758,12.51461972682836,12.09451717537255,33.196186116036976,14.512687825345118,12.319974638693704,4.351746855381853,11.848056369862826,12.463285382158691,17.0652726714092,17.916208752464993,9.301014066626417,6.84769203144503,4.302120564967979,-0.0,4.862595030512787,9.341068542545388,22.234515731427667,9.686494120202468,10.95244325377898,11.57576629488721,17.527305843564886,7.735467784314447,7.829241040737754,8.332479535450785,7.562834599308321,6.079237142322714,22.505323340270326,13.751913876318682,12.968858136396513,9.322365015532908,9.24715153500062,9.431982668144581,9.241212164222745,7.138385919082746,5.884012679344236,9.043754050783125,4.095289528741565,6.286109425556037,4.467610351677241,6.88796950615726,5.005780225259326,11.612980694863273,3.494388498724483,5.028858245039256,3.296438465730922,7.447776134167022,9.117994638632315,7.157049316248185,14.23513289126675,7.019208313680811,6.559099376036727,8.08808811454813,8.877870201075398,34.16825892652366,6.915204890361531,13.517321603660536
18,6.152881169235601,4.73685353108041,6.875520551251184,8.24660857150503,9.014204614219404,7.384216455433002,28.093008336578087,8.85429899594096,7.599834365645422,6.172381404039612,6.888498786187936,7.762875149134165,11.098565447292248,13.233794364011201,6.513125049043914,3.3933126050868716,3.006592293014209,4.862595030512787,-0.0,5.5452921646905455,15.803959150831274,8.042311365104185,8.360939641870653,6.395529157545007,10.099167317605712,3.4020605171473477,3.1045371151233665,4.6751979367817365,3.5816965405696775,2.7517888177568635,18.88001445235055,8.844186938349836,7.508732032703369,4.712257855157692,3.7503846345696266,4.492981182168929,4.688985327715896,3.7572509071184954,2.980212891517569,5.32899051900241,3.9590713531955357,6.675339124355136,4.0405336874131335,3.742604767810301,6.514451559139866,9.4098039131394,3.8286628996055145,2.6636981479541593,5.779441847662653,3.064982981712265,4.496116943995417,5.2337766523189115,8.237837432101497,3.546932613207434,2.5626566499886243,5.245407644197259,4.171746743367827,31.086410517263047,3.635057114962818,10.373717810318714
19,4.563978944833487,4.981650979084048,3.5387165240818335,6.066246973422999,6.714211319841715,6.660631761507191,34.446933540346166,7.42072483165934,11.435334092066633,10.43646638312149,3.8656209489509155,4.253267102620867,7.890340158216613,10.88242308704199,7.34085892206246,5.93690672939791,6.850929165514542,9.341068542545388,5.5452921646905455,-0.0,13.979929918807942,4.45642592287828,3.4961064741419623,5.162240894847499,6.3535593387235245,5.217044357272936,5.0408461978349255,5.35453092890486,2.995356748393728,6.087902363393865,10.832881987156652,4.29343652436864,6.220163235933997,6.503337491965383,6.538812888329452,5.121696360804493,7.749148611583914,6.795840414335852,7.8551033060497275,2.6126253720867965,8.203567371455573,11.38911002899704,8.41507529399082,5.1320745982913945,12.399385473100725,5.764975481357411,7.663454396135089,7.321071073423099,9.018502811972297,4.9772626935194575,2.599173830009033,3.225043729021238,4.855739934931443,4.614091090395248,5.7102460421429715,2.884634725696822,3.7913698902661794,22.725596666741588,2.778378091455607,6.548039493277157
20,13.726414925238755,9.84960099241382,12.110325520447052,10.388969498322158,11.364264080186555,12.751632105048344,28.406080784680395,9.964308904600442,8.668136058502158,12.064921573014638,12.477250239627905,12.69913984303748,6.987751646464813,9.139312767888752,20.218052639112763,14.188999255960544,17.43556012253352,22.234515731427667,15.803959150831274,13.979929918807942,-0.0,10.165893816830655,14.649086408840587,9.021498539711617,8.503760084910983,14.085167428595478,15.591407293159634,14.182938970121855,12.84884740939443,16.258163848513636,11.641776280774115,16.857903802271405,9.169975993409112,13.722376627612219,11.88724762006527,10.686901478100088,9.997453830131187,15.337008252028953,14.926653280076632,12.314318375511387,21.001469298598714,28.68047280014762,21.667148020299603,17.153179131064523,23.356638889856033,8.884553077240609,23.695621356402057,20.680889498358997,25.137939493349066,15.775687575558882,13.676645922832595,17.40485248086663,8.913459577934008,15.291861312624311,16.026785694927927,16.10368804148256,12.019649471320974,28.114183380308233,14.420973160843648,9.418025023438119
21,3.19851689991197,4.7062235808724635,2.981083935108967,4.584911293946346,4.087550653774358,5.755639466223878,23.788400769123367,5.059945446020387,10.676599790423003,12.148713580262312,3.071829726856682,3.4419163632022913,5.893216480912874,7.365564339683201,17.097227123531038,7.086559394308875,6.820204859104963,9.686494120202468,8.042311365104185,4.45642592287828,10.165893816830655,-0.0,4.467373560524631,2.6192574701042743,4.136534574789936,6.256960127092178,7.619337511489398,7.760109814026392,4.637163158728779,8.26609095690913,9.508165974582143,3.0551166033038477,4.554105513112903,7.591017253134499,6.412485515710133,4.873592758690893,6.967478587056541,8.021568917821755,8.26298933645392,2.483342972216502,11.620269191676973,15.978106037195404,12.769697395693836,8.011685989769024,17.09705811471174,2.2136242090513703,11.636402623259508,11.59555494301655,12.840389620882197,8.343897285263427,4.287078516647644,4.77876403699028,4.197689849615282,5.477676598319703,7.539430101298136,5.777079180823392,4.983374772895644,22.00562119560787,5.326006028979855,5.270710173765138
22,6.233856144361354,7.5018655400523695,6.226972739934809,8.249591458312844,8.727071482583636,8.586708674451774,21.535700411227705,8.782344004568051,13.305944097778545,11.649887062276978,5.563357501728546,6.259536489258813,9.302939348149769,11.767040225961297,15.058497832018736,7.267109732437729,7.1140799728303055,10.95244325377898,8.360939641870653,3.4961064741419623,14.649086408840587,4.467373560524631,-0.0,5.580622914575849,5.576281448001493,7.569391572897687,7.1620657937957075,5.562930461833503,5.331564911740654,9.22174617957537,8.032640105620114,6.71323718958266,7.6253708347105915,8.288091484343221,9.518450412755936,7.596998496365135,8.68049782987279,11.371855672326202,9.637879684779925,4.26184676084824,14.514592156381873,19.354841046008872,15.962027501533191,10.03905510020089,16.58042630706644,4.774620000930492,14.538993859955708,14.259528584091704,13.923683879118062,9.214183296423087,6.576099315284907,5.910685017723697,6.987552672647567,8.46520900453632,10.126875710804498,5.601230845021782,7.195092024330753,23.32142681427769,6.669975186352257,8.527225678537793
23,3.616970330604822,3.012209552044087,3.475291867294343,3.4369498614066036,3.615323826665606,3.960574863913973,35.67394196837019,4.213273243909766,6.780191324136607,11.23965702068745,2.945279619832823,3.3335820088865136,4.747188478066096,6.058328495672526,12.357803545694475,4.82236303683354,7.382234588816329,11.57576629488721,6.395529157545007,5.162240894847499,9.021498539711617,2.6192574701042743,5.580622914575849,-0.0,4.2789874275472,4.715050015633506,6.336343475297,6.063390849303933,3.63093615623394,6.658827237624688,10.144029033333574,4.924960034677677,2.4736439711806777,4.52171472174425,4.609880192350559,3.151686803401097,4.0117773552393,6.278675449142873,6.948344183901584,4.338064715892624,9.84618075261113,14.229986332808414,11.7571513143715,6.068828576666566,13.514020775522436,3.151715314916098,10.420115560509382,9.785515042572735,12.743503076342098,7.545876953276788,4.875871833081482,7.042055877491612,2.7049743771244885,5.669251156818704,6.231294942604663,6.713083172703182,3.6964657489429698,22.81259426176965,5.726253151497654,5.737948841402412
24,7.319156412457851,6.621465110395365,4.649659797880259,5.89709659924277,7.10792885373173,7.1945919241352,27.680028151943407,6.185141650514201,10.932780697017076,15.824390159814008,4.396241130644441,5.062847436836545,5.0066775098144465,8.34073663486966,16.8430407349795,9.112940086858286,11.916831966088486,17.527305843564886,10.099167317605712,6.3535593387235245,8.503760084910983,4.136534574789936,5.576281448001493,4.2789874275472,-0.0,7.2789798391805025,8.683407298766914,8.656028340142948,7.270706465449203,10.431169679681608,6.921590823213305,5.3364873489904445,5.360548166021601,8.78198400916233,7.4675092118836695,5.852322239379546,8.254148583151908,10.258020023234703,11.403280700503188,5.128141029382643,12.683550193455124,19.422669662693924,15.650158338872131,10.932544594076804,16.144034341837056,3.166273153098396,13.8464746593115,13.438948376136501,13.293119907758804,9.123763495099686,6.607438099894458,11.32925669027631,4.783570363972755,7.52478704663987,9.482521195777638,7.370646852579362,6.388361739561159,20.886301109621233,7.534043030987958,5.211859975508552
25,4.1714629873413,3.709575150974405,5.674685713516185,6.156434090578765,5.792753816746574,5.80055312608841,31.770302923713082,7.614103358372683,7.777111090392302,6.7704567750329465,4.856317935317689,5.108790907956584,7.547368813139464,10.203136839989561,7.793692820139321,3.3535011089952165,4.623665571534372,7.735467784314447,3.4020605171473477,5.217044357272936,14.085167428595478,6.256960127092178,7.569391572897687,4.715050015633506,7.2789798391805025,-0.0,1.9317159648915083,3.64471971244223,3.017680486546228,5.122789168066036,12.345805419477832,6.968598123415396,5.685086998118037,4.401779422379892,3.3590177756393294,3.041897871479281,3.984563333099698,4.276795723132319,4.475873350107641,4.511235200246677,4.926609872703608,11.140881225020555,8.109834263553116,3.5844297654597663,7.746500024617626,5.764627757901356,7.059091398999927,6.375770220653394,8.342005933917234,5.369547445104003,2.9526699456450194,5.192735656971099,5.196146551950524,3.3615163311184744,4.081006181417829,3.665330097658435,2.6601313069990926,26.411705960695162,3.468051796776475,8.605053882324505
26,5.048416833656981,6.002339954084913,7.384088827802864,8.882071524886868,7.268201170973652,8.996868160054271,26.189743759201768,10.673882443396604,9.422577427927093,7.062155785893041,6.885941546384045,7.464938933400229,11.075709093261988,12.897880593187574,6.606200446874578,4.022598650731038,4.3795435087215875,7.829241040737754,3.1045371151233665,5.0408461978349255,15.591407293159634,7.619337511489398,7.1620657937957075,6.336343475297,8.683407298766914,1.9317159648915083,-0.0,3.57643200961659,3.9679829459116447,5.191283749151695,13.177917181844007,7.818769756489152,7.930413906369372,6.155432068567019,5.102196511661798,5.56225481349624,6.09805177928353,5.064051360707847,5.571947208758971,4.335334832829836,5.639686374161066,11.493276278185425,8.597536483429371,4.812599236357675,8.973363670755566,7.558703377413333,7.382608705922818,6.653260663322338,8.76289322550365,3.736936377228868,3.943121989064259,5.006781164275883,6.833419708638602,5.286370050844004,4.953480242003097,4.6124628784607875,4.900331199446303,16.648913818423146,3.891669329254698,10.96307790165204
27,5.838368154306256,5.020648732191894,7.941916088968367,8.633071847596362,8.420171004974588,8.72296659763705,29.613668721923887,9.340206155831764,11.118461502061791,11.14308057236276,5.289268948286711,6.096291725351638,10.56577671766989,12.749757244987649,11.150188055810283,5.945895575924041,6.59856200216327,8.332479535450785,4.6751979367817365,5.35453092890486,14.182938970121855,7.760109814026392,5.562930461833503,6.063390849303933,8.656028340142948,3.64471971244223,3.57643200961659,-0.0,4.043474125396265,7.13270762606161,11.560355167800493,9.443860510848639,7.250493299039122,5.669883325344937,4.176010867634716,4.153890551453042,6.028162554535231,6.235952059783358,7.441309385322023,5.635529707826088,6.161654860898572,13.611810004962145,9.762866879262116,5.669179511467432,8.491446329805859,7.709384769881252,9.132652733422255,7.807570582307663,10.106978141160342,4.549179858246549,4.20360849870244,5.60563530587953,7.130489276148983,5.113752340174345,5.6315972710754965,4.627816391977049,4.598273494861105,43.240997217629854,4.489502308967748,10.729003018251747
28,3.9160886881844843,3.2229216465870136,3.8283526930457983,5.464242255982224,7.030192221598873,5.54183154815429,33.006858451860914,7.036410466635279,7.998624886729541,9.91745150403821,3.608250283123523,4.46332572675105,7.813379315493539,9.529559650551688,7.867055209850942,2.6864830939578077,4.818241230052976,7.562834599308321,3.5816965405696775,2.995356748393728,12.84884740939443,4.637163158728779,5.331564911740654,3.63093615623394,7.270706465449203,3.017680486546228,3.9679829459116447,4.043474125396265,-0.0,4.063404423781333,14.885138714692443,5.543893971022049,4.94519766941616,4.140955503200395,3.53120883199672,3.0945077013994435,4.31457437754392,4.2429965436390615,4.950020200127505,3.678532870382035,7.188845345803984,10.187311596314476,7.5076160421016835,3.142675771307915,11.324752854288633,5.2456035599212045,6.315801957547992,5.625577230596627,8.499793936656202,4.885294370830431,2.6301488689446813,3.7531228023515184,4.5115684567393295,3.0102587655523103,3.715186470065437,4.175102297140394,2.5836130870098595,24.34272062643214,2.6950978401138195,6.900446655897132
29,6.812988345675833,5.018744206194718,6.557106727156397,7.388933828480319,10.177059998032167,6.686254040324346,28.64662546585544,8.083025299208337,7.155901781732276,6.412915468725981,8.122710444749167,8.920992280666765,12.096134500659867,15.09724807407243,6.9039632025884865,2.9536781719346745,3.9509306321554454,6.079237142322714,2.7517888177568635,6.087902363393865,16.258163848513636,8.26609095690913,9.22174617957537,6.658827237624688,10.431169679681608,5.122789168066036,5.191283749151695,7.13270762606161,4.063404423781333,-0.0,20.76386479438612,7.121459527139921,8.307293308160306,5.0323945069995855,5.237875135623919,5.660874784524525,6.040022420997888,5.038097028869314,4.340495884832513,5.74107986664941,4.482978827299242,7.52963662107564,4.317540572664674,4.759475079067683,6.807919662688836,10.761626283372188,4.976428533922982,4.06007545849356,6.7928508892815485,3.851121474908383,5.054104336830667,6.327060294251532,9.753653830125339,4.41994113210202,3.828467620405113,5.5926012385080925,5.176359441657013,34.528341831022175,3.7691128218525005,8.74868325031773
30,12.246037405395528,14.150838640610115,13.280286985657602,11.026489141795206,9.508392964444027,13.865400446653915,25.16805943659557,12.186105118356823,18.594869534956505,20.448783853902416,10.468530966664805,9.231870278264198,7.2112246195280845,9.531199009132703,20.27716947919931,17.77929531033001,18.61255926271659,22.505323340270326,18.88001445235055,10.832881987156652,11.641776280774115,9.508165974582143,8.032640105620114,10.144029033333574,6.921590823213305,12.345805419477832,13.177917181844007,11.560355167800493,14.885138714692443,20.76386479438612,-0.0,13.105006698241187,10.375028754658654,18.58318233694237,15.677210686319782,13.127249992926831,13.755955000178213,20.13409182205295,20.21848890253011,10.591347803493916,19.777851523219205,31.498312671783083,27.29478274385086,19.2329808153287,17.07636013102782,8.127099746387657,26.78563379359822,24.398987941276125,25.75248601918119,17.189294689560775,15.748287429304366,14.92665245933099,10.428844937451384,18.012307084105892,20.52755769483637,10.480872130224407,13.012567291632497,33.08376372379134,16.54907037776311,8.499406580690627
31,5.167743523057088,5.421133199665392,2.8421608306593065,3.9950298061899954,6.284074767286167,5.62445525564664,26.403323087676487,5.8302482500466315,12.707995333739367,12.022804978417904,4.270321781593705,3.864828978990835,7.153968961071674,8.971831145642224,13.471345696062446,6.140668290608878,8.203347171613638,13.751913876318682,8.844186938349836,4.29343652436864,16.857903802271405,3.0551166033038477,6.71323718958266,4.924960034677677,5.3364873489904445,6.968598123415396,7.818769756489152,9.443860510848639,5.543893971022049,7.121459527139921,13.105006698241187,-0.0,6.1954666629131845,9.529466881980511,6.7418429386969665,6.5306627677776525,8.07734570738229,10.069655103312527,10.036428073523796,3.926468336801014,11.521569975760828,14.006226536513857,10.89336661546774,7.811282174142133,16.69259019854604,5.254104198749171,11.29212120692659,9.778549446820762,13.270403704137404,8.666832480703773,4.096670384164141,7.253326662945819,4.9215428172560385,6.369828522499084,9.067858408976523,4.840780515467153,5.8399247775041045,22.775550561712013,5.346810626718254,4.371711546370046
32,5.314749915594727,2.9441760664932555,3.852702777909606,3.209718785312805,3.2801475491142513,5.265026813370078,34.652092436056954,5.500497448313564,9.883915496790847,14.711460150175501,2.135066919587002,2.6746467840905743,3.2859275695882593,4.826319597948042,12.539476321713625,7.126521651668506,9.841579305562538,12.968858136396513,7.508732032703369,6.220163235933997,9.169975993409112,4.554105513112903,7.6253708347105915,2.4736439711806777,5.360548166021601,5.685086998118037,7.930413906369372,7.250493299039122,4.94519766941616,8.307293308160306,10.375028754658654,6.1954666629131845,-0.0,4.28674237310467,5.200650659492676,4.050830061596925,5.879838844242477,6.22010443758751,9.29156549184632,5.9388034792226385,10.233975073542496,14.868945436844712,11.254160846918419,6.68980035078694,15.024409713570556,2.879682070048322,10.820465894146608,9.778576235630652,13.381178588536502,9.746211552253081,4.55733106139507,8.39874325699664,2.384242576910254,6.255685087838275,7.128667436142218,6.487478201390214,3.7166444179305134,22.59331996867579,5.456726334564393,5.061097669011489
33,6.079445749613257,2.832031556862379,7.012563662770123,6.332557418947692,7.7572239895869695,5.635877354817752,39.48607086103458,7.29281672276402,5.967840170668784,11.758894337230299,5.2322372132874015,6.318765317133295,8.996640528868344,10.548987652505666,7.810556761734849,3.812044493306398,7.366816519570742,9.322365015532908,4.712257855157692,6.503337491965383,13.722376627612219,7.591017253134499,8.288091484343221,4.52171472174425,8.78198400916233,4.401779422379892,6.155432068567019,5.669883325344937,4.140955503200395,5.0323945069995855,18.58318233694237,9.529466881980511,4.28674237310467,-0.0,2.392050412470688,1.9907840539447361,2.227239148787826,3.649222794815526,4.927113183821687,6.740921617192855,8.444506122835994,11.685037543193955,9.415810620520839,4.025501961866364,11.843523152912004,7.78477320144951,7.082967408285674,6.868719000411982,10.443374156090414,6.189249318228648,5.650968056096527,7.44042884863269,5.745460318985424,4.78554278337167,3.181172256369962,7.568308605121099,3.5871105868597164,26.3397258473449,5.360328708522954,9.523737732605888
34,4.7291607818978205,2.4004418754355585,5.067225712537807,5.220225653385158,6.545641501730825,5.491717218704143,33.252099768105914,6.771720742964226,5.525922652981732,10.790941843264065,4.580391330071861,4.476583579476235,7.76819270880203,9.896586938845852,7.820114050408472,3.4891630462406287,5.542132287108017,9.24715153500062,3.7503846345696266,6.538812888329452,11.88724762006527,6.412485515710133,9.518450412755936,4.609880192350559,7.4675092118836695,3.3590177756393294,5.102196511661798,4.176010867634716,3.53120883199672,5.237875135623919,15.677210686319782,6.7418429386969665,5.200650659492676,2.392050412470688,-0.0,2.0138812155209864,2.126809698206497,3.708840040685266,4.257573430281869,5.491588994366349,6.3180322282376995,9.527120826635569,7.7262224866818086,3.4008979584471364,8.95126340464289,6.831669685931134,6.257940321063423,5.379181728413454,9.225017739877472,6.081604105795807,4.81520586546058,6.4844871130880755,5.3623404513871815,3.319161473265388,3.384029672743453,7.427659949092244,3.5553686356878207,30.51216448421577,5.470491005710868,8.551639352640196
35,3.570126859602774,1.8174766249044316,4.494542768233401,4.9550609716462475,4.79509670460758,4.455829329577924,36.10538027386788,5.583979419392635,6.333025116655709,10.887092989961383,3.485723029260217,3.5890928957338906,5.699628421891902,7.211532248149323,10.06016244622295,4.151894950046475,6.2820101889132,9.431982668144581,4.492981182168929,5.121696360804493,10.686901478100088,4.873592758690893,7.596998496365135,3.151686803401097,5.852322239379546,3.041897871479281,5.56225481349624,4.153890551453042,3.0945077013994435,5.660874784524525,13.127249992926831,6.5306627677776525,4.050830061596925,1.9907840539447361,2.0138812155209864,-0.0,2.47642271381871,4.05232403130054,5.458716909938431,4.584420503431081,6.66495696651898,11.869507568517083,9.419691036017486,4.142903738825671,10.560888040478046,4.334343452991487,7.896095589524919,7.305879254760333,10.182033881504003,5.529281674370428,3.95009889409109,6.1974752287127854,3.241516704404032,3.406111353978726,3.6242038511460017,5.992502750741243,2.351463491378106,24.645773578171237,4.640599838798019,7.803817316732654
