,0,1,2,3,4,5,6,7,8,9,10,11,12,13,14,15,16,17,18,19,20,21,22,23,24,25,26,27,28,29,30,31,32,33,34,35,36,37,38,39,40,41,42,43,44,45,46,47,48,49,50,51,52,53,54,55,56,57,58,59,60,61,62,63,64,65,66,67,68
0,-0.0,4.657313953695506,4.981022380334708,7.233434957210516,5.400550352744803,9.03922896460467,10.010702911879843,8.226070152980498,4.932135252598271,15.12421081361194,5.119122770643033,9.681501894613477,6.620549913639889,10.103435923170466,23.389587528946052,10.758580639224386,10.450328028760769,6.3801966450006065,8.694860626313424,14.994385464012517,9.679196655357634,18.00412545113342,9.74261206350709,7.7068928911943,13.351863853579006,9.50045564657985,8.511664212974178,11.976907335872463,24.77914551872632,16.331061174587305,21.1626186812348,21.288128284439754,11.374259348634073,17.269920862118813,11.028415577136334,10.272479888905934,9.057345038077347,10.48537088501411,10.261124837041269,10.380251092171884,4.701289530289106,3.7655265945604737,5.271807726860596,3.294457126263499,5.135037660980869,7.8424135724869,4.706596942158869,3.898285493542794,3.887740921370085,6.833333710182853,6.803904534369959,4.814355445103236,7.345456452053555,4.9295799908471745,4.958397184926781,5.384326945507483,5.957921965233305,5.0492466311287885,11.172125792481465,8.45397283662534,5.126556730521507,7.858283041427756,4.716763918474988,3.37578034755394,3.7718890730151258,7.481767964038979,7.112525499188024,12.149890382514009,5.132304325836549
1,4.657313953695506,-0.0,9.567272937456709,9.373137198350083,7.387650675148873,16.186276136393893,14.260843274950421,12.681200962727027,7.447521179646285,18.02647354609248,6.901264838209996,9.218952655687643,8.316351909685816,15.000954322117142,26.841725468730235,12.894340032588696,13.811952574723716,7.707195872159825,10.985344503947719,17.044757602943434,13.603031420917231,19.75749915822405,13.75259425892672,9.136311396155579,17.385222027103133,13.569236071352236,11.149089873079964,16.583537768260022,26.223297729248376,18.600961066520544,24.69672460442362,22.371068854921155,14.752743023963397,17.29383750444465,16.76309937635157,11.776497305873104,13.87530057538624,13.403464685371416,14.367111558685371,13.255781965585545,5.533517791008416,5.439962023882777,5.430685118250175,3.2092435943998145,9.434995912342934,10.54918593627778,8.180128579926759,5.136405265299032,6.045932567917438,12.615117921298955,10.842018623772814,8.781245912276978,10.659493109977477,7.967871406606427,7.8343280254962995,7.982173035473686,7.019287665087883,6.80632132782666,11.903137357511278,9.161656486378316,7.4751465839872,8.219261662743836,8.191896495579675,5.895855602088984,5.023547317400594,7.407872463051331,7.228813562266365,11.040683316143287,6.91382638864689
2,4.981022380334708,9.567272937456709,-0.0,2.2028410324910155,2.808492486912718,4.113032140504097,3.8979205952920464,3.622354628234493,2.917364293007149,9.879517739424086,6.680235652221183,17.995350888948398,10.9554167435985,10.306179348561948,23.853936409218967,9.205512452868204,10.517650435229406,5.481314742306387,10.548093169662614,14.098358904188967,9.216406197273324,17.491582390361152,6.882189786506115,6.673350636933508,11.05251375970245,4.33072132473335,5.293182200542943,13.11990464777715,23.148095152338783,17.692838977561067,22.23225559734316,20.590048348381405,9.627831825127034,15.501671486798173,6.866903425485094,8.858711472239419,8.337373458203182,7.389321747657106,5.003167222929862,7.0195751713669425,3.9464533127623653,4.0326924521422,6.839875273299045,5.703716264870691,11.379956351029616,2.9728763788484227,4.475068809997522,6.969680510001257,4.910504109178022,2.406467485201045,2.190366116726456,2.174406172977834,3.0373285816466,4.5591404042282155,4.431082073964001,4.178112773974169,6.178402151436765,7.0624220328676035,13.141178980878683,8.410198484145365,5.685114810821486,9.049863643938577,2.4466404529047177,3.4042356951557986,6.593146930057471,10.656283711420556,9.791176222494467,16.855759658475392,7.702067129640466
3,7.233434957210516,9.373137198350083,2.2028410324910155,-0.0,3.01087555463236,3.6501703707465207,1.80310454278379,1.7706569811798976,2.6700843591281593,10.619306115513236,9.317978988919641,23.5936991460722,15.214535657931382,10.892591858934454,24.130340181578443,8.185858867175988,9.82931199069998,4.859658716200633,9.181060021149055,13.796227325288308,8.509732269865241,17.51679319523775,5.624510755292085,7.126475157970584,9.104985069400277,3.8506245021234236,4.20122138032498,12.34576911761809,21.150634087970072,16.497681107121917,21.937732120154642,18.796556394617518,8.232482069293592,14.353804453213625,5.529032831018911,8.045684451833035,8.475020237845328,5.477566144215116,2.8311421678697557,7.015096573000257,4.091408143670854,5.926000802299111,7.261606568167734,6.326207608435296,13.628217235600756,2.472677189258954,4.660210876489078,8.085024996680135,6.178906456888231,2.3833656158877328,1.758835544358544,3.075569481733565,2.579034311565099,5.439602475387366,5.124658051999723,4.9685805619418595,5.537352262139638,7.826070182190301,14.630485186328297,10.622012553905726,6.728769868185413,10.02551238050779,2.252247781052861,3.9465432743878406,7.621510521742942,11.471256941352546,10.209249624632998,15.81979407497433,7.3992256246355
4,5.400550352744803,7.387650675148873,2.808492486912718,3.01087555463236,-0.0,7.855189294319077,5.796435168805487,5.0700282783355775,2.747108646928288,10.75927923255701,5.303639482343383,14.25793315105401,8.754441452237284,6.6991125254162665,25.85060792403216,9.500886400179935,12.49383488599812,4.48307090290086,8.955292377900484,13.983758919667093,9.31981290427604,18.284538713964853,8.048393486868797,6.608931994121782,11.395057038174437,6.592634082734345,5.546146836497149,12.67192977224109,24.23985517722338,15.944605419611623,21.133182069569727,21.672234993419504,9.045055189833874,17.39973543587899,8.69192065955639,9.419980089559267,8.331886328181959,8.198614224867093,6.113981775091661,9.448752633038472,3.9283812964985967,5.3269771956239556,7.07301832172447,5.245115331523641,13.947328256303258,4.526652441683668,5.143612561008801,7.05012848691619,5.145103158670841,4.449469674054598,4.194488175651877,3.394572044131523,4.279251319263312,5.0483724865697965,5.2819444332873156,4.90616192048824,6.030961652403061,6.640889261172725,12.203719539877522,8.127786518810435,5.879479977032963,8.037482416112365,3.440216679671391,3.322007000606903,6.67242127174385,10.217354537706807,9.207119852514097,15.81841615149308,7.232859735787682
5,9.03922896460467,16.186276136393893,4.113032140504097,3.6501703707465207,7.855189294319077,-0.0,3.537364188780415,3.948599958690522,4.018152499633486,7.203918211098019,14.273853736583698,33.55376569722805,21.49270022952016,9.909831651159447,20.9163135780347,6.084424588637053,7.819292022705858,4.744020167743522,7.322083635016655,10.850689923865072,7.2907424365466715,13.64068385727549,3.39513141753119,5.81838037968274,9.356970067518771,2.6030396155257502,3.3958601081021964,9.41323512516682,19.367411799047193,12.706540558768326,19.617652859250754,14.58567661046541,5.663365779464445,13.072366349744216,3.286176618628333,7.930054448392084,5.817130697668104,4.21590068533357,3.5112540731059996,3.565366650754192,5.274600195826777,8.328267364515414,7.895344983352601,11.378867791332892,8.907509050435676,5.664293992060104,5.753986145231272,9.667333620045918,7.345980270128288,2.535355627909576,2.798048451464872,3.3991000642744336,4.911438980814127,8.919314642640849,7.08362091680411,6.855361741921827,9.495152779177246,10.622454832766554,19.44691093362415,13.621865948189818,10.814340300500733,16.498642001307882,3.8731868392325977,5.753337464364966,9.534203958924103,16.759704300648163,10.850708163969424,19.377319227149805,9.805063435847606
6,10.010702911879843,14.260843274950421,3.8979205952920464,1.80310454278379,5.796435168805487,3.537364188780415,-0.0,1.0704502109787546,3.8601040001653293,14.768274679616821,13.90298133747152,33.66441861862628,21.998837923870745,9.061370892740063,23.250121762000482,7.1536083811128774,10.125954250529094,5.094269011751582,9.356816003557942,13.835303128660039,8.270509161617056,18.179439007384104,5.455756394926935,7.355148261600796,7.876100409262133,3.595185045736979,4.111495544639327,10.501747617308615,21.818150404168573,16.15619298169446,19.657665230506545,20.15699282358579,8.237185687688054,16.504686156016717,6.174829026961414,8.207850511539986,7.466029564009962,4.431318807627743,1.56791533356441,5.994011502573155,6.1310230770517515,8.557033865831938,8.238497124169605,9.818354659093309,12.607139482412517,3.2785681033567746,5.846868038551535,9.48786400553711,7.573074777994746,3.1446451608023938,2.2059879692069075,3.67539160246166,3.7873616280100353,7.275830954306285,6.444092295883319,6.4890081643762345,7.4616749606627355,10.081957732325328,18.244471808009678,13.715776969054776,9.56822036993457,13.271275401633002,3.7422626946291753,5.525114794292792,9.8137723770839,15.279915860179958,12.313894444965104,17.658954512772567,8.838886565970286
7,8.226070152980498,12.681200962727027,3.622354628234493,1.7706569811798976,5.0700282783355775,3.948599958690522,1.0704502109787546,-0.0,3.45472295082717,16.31550710782997,11.636152518196521,27.461271595663714,17.390990043272136,10.274259109366053,23.648395062702807,6.690475125858768,9.443605414258599,4.548435010516396,7.989939531173938,14.646412134809417,7.94484506177407,18.245709693549564,5.348681031420656,7.626520951266517,9.487059433493412,3.841301306267161,3.88403149846754,10.694765293570233,22.518434985083776,17.370622129073364,21.030808993074363,20.50254318293787,8.381814825610155,15.931148030425794,6.938585568393996,7.3937009200431385,8.160726055578667,4.50787091688852,1.6797208863509565,5.469318907565444,5.48125319258776,8.165956347671512,7.128673288495381,9.793600543728818,10.951409468374946,2.8224230331253874,5.794312484937231,8.773670413514738,6.70008750975514,3.377075034304227,2.039202179082818,3.582611671546976,3.606964325782636,7.146624220827236,6.146807206329933,6.21408591888945,7.067920294340848,9.652803947405637,17.31625042254261,12.089511678352775,8.918635533462252,13.201849511936084,3.2102696523422747,5.0974092507107365,9.168411880510957,14.63338461791151,11.66721656694247,17.47804349600538,8.657116895271521
8,4.932135252598271,7.447521179646285,2.917364293007149,2.6700843591281593,2.747108646928288,4.018152499633486,3.8601040001653293,3.45472295082717,-0.0,7.823865122364734,7.3276421753216745,15.918601874288989,10.143375486212792,8.27016025392691,17.951400175080558,5.477983669037045,7.323784613563544,2.922954628827165,7.413226886140576,10.131803654205696,5.884527170218547,12.347917106788413,4.648450134787109,4.867133747593493,8.57312392649813,3.5203259482796296,2.956507446797419,9.137164306060452,17.985011215629225,12.56860462013723,15.986989010048985,13.75046510276137,6.235337151481062,10.278040207075513,4.943372347131166,5.21285256328481,5.883197768967055,4.6703125686819735,3.6607393502300156,5.389549602588964,2.523968852389249,5.751960948421225,4.508786049655172,6.864889240155549,10.888101899936622,4.5110823565453835,5.535172890270269,7.155049312845808,5.626893125903618,2.879757134783822,2.26074604267105,2.656388634947183,3.7468211253701313,6.232535091105593,6.131534534757643,5.979496083348781,6.690681679519765,7.795904158316697,13.963714015025268,9.811865950922776,7.077875678360697,10.53977166967231,2.82231455260495,2.991408295654001,6.911774846833481,11.436775713774296,9.646864347176242,16.286773663645285,7.768839856126379
9,15.12421081361194,18.02647354609248,9.879517739424086,10.619306115513236,10.75927923255701,7.203918211098019,14.768274679616821,16.31550710782997,7.823865122364734,-0.0,14.950821771101324,17.638286740432175,14.231819246775407,13.044269919260925,20.0505525774478,8.36680246334641,10.845720950931383,15.3182746330166,11.044820203955148,10.678529608692822,8.772809655123096,12.79682731079399,8.411757221732993,5.310091792798239,16.997647210456964,10.868861440862565,9.681225859373438,10.912414554048432,18.381815865515733,12.516334694376841,19.488051013735497,13.484861332942167,7.178825102624273,11.966312578673245,7.507578958853,12.05704607353062,7.142162689862988,10.32213872233965,10.815035719441672,13.545823482233752,10.068993860963017,8.105102452268264,12.36522739518089,17.23437230296794,13.622302707122309,16.61992815204979,9.810412371987493,9.020774625208245,12.118191319500356,7.673455017533743,11.584066214556428,11.354602884579196,13.53850101965878,16.952730970198786,16.27623707536275,11.426063650389157,16.328939115790256,15.017426089726307,14.009321198582374,16.11192854070018,10.433790419931132,16.071765410892947,11.826812442468391,10.46876998667989,9.776102390285606,9.841839615681227,7.738465631272693,12.944474551597864,12.49838847043314
10,5.119122770643033,6.901264838209996,6.680235652221183,9.317978988919641,5.303639482343383,14.273853736583698,13.90298133747152,11.636152518196521,7.3276421753216745,14.950821771101324,-0.0,6.686473645279289,3.3274436052830967,12.003846028205645,27.89238796562552,16.503076575696664,17.425653982991243,8.406618010692618,13.715123877026153,20.413711513390847,14.65209478791495,23.530869205675216,15.524128252815862,11.72978772152944,18.509921380393514,14.369042730733696,11.871420038621693,16.295563800122665,28.102586521762596,21.32698098994129,26.36432316266494,26.378968165339696,16.21451734507311,21.875740083451593,14.320646090331405,15.31011908629426,13.814322361224805,14.582909013734016,14.305880066166644,17.227768200733614,6.418831517955577,3.9342595917392855,9.05278390377908,4.331294944242309,15.796691955464256,9.125756377124366,7.029532526519615,4.829667761476287,4.23557074357262,9.762168318110962,9.187865824387991,7.867324886695299,10.484484170621016,4.342461255452971,4.6756076586726785,4.291288236596481,5.659570747175667,3.4275734835339544,7.999211314708208,3.838848186054251,2.653906552406076,3.217436469465215,6.838464370467924,6.618603800438842,5.110097422877187,5.69585755126996,8.250268415165142,10.62089871487806,5.6379566533323535
11,9.681501894613477,9.218952655687643,17.995350888948398,23.5936991460722,14.25793315105401,33.55376569722805,33.66441861862628,27.461271595663714,15.918601874288989,17.638286740432175,6.686473645279289,-0.0,4.538362182214179,23.15196451565721,37.451052793000706,34.739204170348145,35.13103524883013,16.489626368175962,24.38933518313935,34.041390589701074,29.286483723822762,37.95839623519796,33.29512010141039,29.955963148702143,32.540913494932845,35.71727235257368,27.58008281333618,31.39831533483129,41.54188883648783,32.02224278244288,43.93082001024519,38.869487486241944,30.668822675359667,38.87947450475117,30.783118890322587,33.33116367947204,29.708046427291162,30.654291808370186,32.22343649565689,36.51524577483623,14.398916229215777,11.54828094047123,19.674927118923772,13.285514258473919,19.21996198923705,23.047380016700394,17.92575280724791,13.57486113636918,14.169499062043307,25.957059359688664,23.687997319842644,22.448586078874417,28.855045162656047,17.012685044914328,16.265069034955225,16.143970919968883,19.191857683509586,10.14281406038781,9.197964773403207,9.02791501236423,10.736425276347068,12.612683146178465,19.002810075623415,18.940678631017473,11.010820842000939,6.910487268645315,11.611035539366837,12.778596357664558,17.781026348628714
12,6.620549913639889,8.316351909685816,10.9554167435985,15.214535657931382,8.754441452237284,21.49270022952016,21.998837923870745,17.390990043272136,10.143375486212792,14.231819246775407,3.3274436052830967,4.538362182214179,-0.0,15.609256860781862,29.818602008634986,23.49212581245207,24.539876199456256,10.801176605760682,17.051738648298173,24.930416279183174,19.346358004625465,28.25961587320087,21.591502620144148,19.336954951979386,23.61916579712684,23.447360060562406,18.122822327261193,22.188703702867734,32.206949836817564,24.77349559340379,32.53963855360106,30.729342733688778,20.46853294737907,28.58908888923282,20.3769539642796,22.864155160411794,20.033155517740035,20.385655069399913,20.84108297172839,24.591958233619575,9.474432271613994,6.645395250453951,12.360894086225521,8.140394109113812,14.701616157355827,14.544544341514957,11.47076411758267,7.6010416002476475,7.522844520110321,15.574163526042593,14.530674427900532,13.50719388643491,17.901432793393326,9.43696840607887,8.648165046218262,8.492976444951397,10.296261214973867,6.671767108609644,9.610850075346518,4.647904654318996,5.9774446030246215,6.492018018640483,11.26073460652356,11.874144712420794,7.809376502848279,6.403992708388044,9.229102928935788,10.366248397452315,10.362999218532261
13,10.103435923170466,15.000954322117142,10.306179348561948,10.892591858934454,6.6991125254162665,9.909831651159447,9.061370892740063,10.274259109366053,8.27016025392691,13.044269919260925,12.003846028205645,23.15196451565721,15.609256860781862,-0.0,21.15965844128067,6.515234872212769,13.675104028493253,4.305830174079409,5.360661898464759,9.284267182466937,5.257280758062568,14.491587084389874,7.791272298208756,6.796374530240131,15.47345331674717,6.543727896488697,6.182350652941161,6.238535944169341,17.369889218281124,11.292396674428465,13.996798568355876,18.06532044549098,4.804665271159273,14.728634879271489,7.126899348134662,11.293398924669265,3.914776149925683,7.842826765041001,7.494780461380979,14.529035129571323,12.35282046104436,16.52892498806517,14.24651594896677,12.681348085903176,16.93025054558727,14.946949146511571,12.931723788974603,12.022903015207161,11.679801147025504,8.547031593484194,10.4418400761839,7.876298606275309,13.949196699913736,15.318102899952724,13.73567711809079,13.171733853942026,12.363561293793705,12.930752488956875,16.793143763876966,13.560196663370585,15.43844495617555,18.575478857594685,14.061429770935803,9.991495961482938,12.386804129962906,16.465962704689897,10.337659354948611,22.720168029048843,11.607362430533163
14,23.389587528946052,26.841725468730235,23.853936409218967,24.130340181578443,25.85060792403216,20.9163135780347,23.250121762000482,23.648395062702807,17.951400175080558,20.0505525774478,27.89238796562552,37.451052793000706,29.818602008634986,21.15965844128067,-0.0,12.799454229892326,16.281318392011524,20.570945339541,15.579509900960437,7.2985243633134,13.104367845262422,6.094599136835024,16.303684905636857,15.333088603588505,23.061090816884395,23.011491785338798,21.787106710317367,11.073064745326697,4.842528462138574,7.507005249972155,4.862051370089507,6.257386391339816,13.371301787036248,10.404281853467948,22.134622486114164,18.67798013505019,12.761539000273743,16.88639071555499,21.50042194448794,24.87905819556765,21.283213762773137,21.97565625652649,22.44706690841115,28.652558861160582,28.461844150000847,28.35544184735598,29.75878219929559,22.386347285826673,24.2526037583446,23.93840378017719,22.011712769391192,23.01993905690105,26.708498737199914,28.175628772893397,30.118121201960673,27.78622712722566,27.642658613210642,26.226255313075264,31.634433334955837,28.40681133985201,28.36050566433027,29.649631594123008,24.1240892032108,21.62646169020851,22.643072404892422,28.339897936771884,17.188756236912123,25.65866093588351,25.538007387152707
15,10.758580639224386,12.894340032588696,9.205512452868204,8.185858867175988,9.500886400179935,6.084424588637053,7.1536083811128774,6.690475125858768,5.477983669037045,8.36680246334641,16.503076575696664,34.739204170348145,23.49212581245207,6.515234872212769,12.799454229892326,-0.0,5.199052695783517,5.247693619399067,3.2606171466139027,5.99205901661598,2.1001325829403457,8.43844222263716,3.8222800508829895,4.425813354509357,9.791448735633224,6.175701287518627,4.89403147616241,4.016170179568819,13.46691791057899,7.73747197368179,9.897293405924009,8.957582239684424,2.172704364800009,6.671855839386817,5.704229504925317,3.2371339152324627,2.508713973493525,3.2617924936572877,6.038003495227824,5.816561868345079,7.557513086926908,12.092055693175576,6.802648366139427,12.857385820611453,12.182732247125355,10.025041511130478,10.365342963863661,9.676004444163004,9.25816673053538,8.318294318122465,6.99671889093425,7.226273194920487,9.00980062117809,11.302862430116148,11.999732404386739,11.875716285263515,10.380415318364784,12.767201003488143,21.83783983403211,16.202999063898368,13.362570648619124,16.34864959956084,7.543210162442978,6.254359221389002,10.74338872124702,18.335246879207567,11.77695673625672,17.987083390779606,10.303236215695874
16,10.450328028760769,13.811952574723716,10.517650435229406,9.82931199069998,12.49383488599812,7.819292022705858,10.125954250529094,9.443605414258599,7.323784613563544,10.845720950931383,17.425653982991243,35.13103524883013,24.539876199456256,13.675104028493253,16.281318392011524,5.199052695783517,-0.0,7.6082031071114,6.862430654449694,8.536175854248253,5.3796231901722,9.032969357390103,4.700446797112227,4.743125245178393,11.769200902851543,6.728167817464628,7.154781170296273,8.64353725518222,17.8805518298363,9.98050799444399,13.605784110080958,10.181128048763982,6.4757446538762515,5.773664735941955,9.249321152020098,3.85031055698322,6.509219853532652,7.3590152914621845,9.837437096561832,5.092599660271855,7.28943772836266,10.729029045118551,5.567916127994941,11.313099217726625,10.664073677073661,11.228695162759568,10.129489813335791,10.671989639158525,9.960679410484822,9.87772560396207,8.073837019447595,7.878095322326448,9.890457569916725,12.244498533334049,11.221853203232353,11.820332801005918,11.85429467131001,12.500960033096822,22.494428374683103,17.154291388635425,13.769700836925693,18.130850536217476,7.944137420421202,7.450547190625399,9.9362130620893,17.505570573239442,11.247729841929026,19.52606500040931,11.232209823817838
17,6.3801966450006065,7.707195872159825,5.481314742306387,4.859658716200633,4.48307090290086,4.744020167743522,5.094269011751582,4.548435010516396,2.922954628827165,15.3182746330166,8.406618010692618,16.489626368175962,10.801176605760682,4.305830174079409,20.570945339541,5.247693619399067,7.6082031071114,-0.0,4.768876935670199,12.093981419503525,5.381464839828645,15.644664151153584,4.47154685316936,6.102664746888439,9.266385015032938,5.0444205682675,3.724296046783752,6.829803959401309,20.970507381496187,12.14943861520467,15.918243141626247,16.643220202095602,6.183961082478568,14.282098133107052,5.161347853851613,5.4729816655116315,5.244238328636116,3.943461671971872,5.021747512057458,8.299597914230219,3.6896100274533588,7.45376506435377,6.569648631860097,7.934468139400351,15.818920429202093,6.711239012529615,6.975422095756232,9.525484232157988,7.904791923635281,4.392455697055131,4.032575865570398,4.292882551945504,6.660095984015107,8.760625926170167,8.275467836064943,7.83148724543722,7.723166254828176,8.768424815783705,15.477735883145979,11.818146826190066,9.57717473694943,13.452364909954168,4.806014720959829,4.247635277415615,8.376628461861706,13.426188813751473,9.53016081816505,17.791524541200896,9.085885181425587
18,8.694860626313424,10.985344503947719,10.548093169662614,9.181060021149055,8.955292377900484,7.322083635016655,9.356816003557942,7.989939531173938,7.413226886140576,11.044820203955148,13.715123877026153,24.38933518313935,17.051738648298173,5.360661898464759,15.579509900960437,3.2606171466139027,6.862430654449694,4.768876935670199,-0.0,6.61291769604162,2.0636296951314836,8.96809756449596,4.983390353652788,7.028177398777293,11.377352261118249,8.419162559332655,5.946429834113483,4.5320329292948225,14.9690723180088,7.840904676445789,12.076433475799917,10.742560613431829,3.153391039705981,7.152887757174656,6.6146634689258885,4.817403578386207,3.7855570302156623,5.106493003268843,8.870364269046611,11.412316259614759,7.598191203299721,13.137593289144174,7.549289731456645,12.760272614060698,13.554346586127451,11.344991842337643,10.427557955737898,10.091742596619662,10.247159725491526,9.848982274479424,8.795917760892673,8.272577491261439,9.984593315670958,13.55654380855697,12.768836191581604,13.370535129560997,11.230921016323407,12.356009184298347,20.607896666310165,15.018124852503137,14.686213859355021,17.558863930976965,8.933304356074729,7.085102593866772,9.452390109721923,17.49893247764901,9.907385490661442,17.448755342355803,11.242721417216956
19,14.994385464012517,17.044757602943434,14.098358904188967,13.796227325288308,13.983758919667093,10.850689923865072,13.835303128660039,14.646412134809417,10.131803654205696,10.678529608692822,20.413711513390847,34.041390589701074,24.930416279183174,9.284267182466937,7.2985243633134,5.99205901661598,8.536175854248253,12.093981419503525,6.61291769604162,-0.0,4.958565946671323,2.7533857322515276,8.702408036759614,7.408395729384071,16.495856039986194,11.25767453735044,10.073300549962616,5.173845122651369,6.318921417375362,2.6486934441050125,4.47090689516492,3.4209309283290437,5.8862333906551125,4.428429812074447,10.224076277890783,9.3681299399742,5.341049756785155,9.114833091115004,11.900368389523335,14.443368138315604,12.78388667489318,16.060472924623653,12.764224315441668,17.836227364232705,15.46024509299449,18.096676397969635,17.13048861628528,13.367071066848313,14.32117895190976,12.962749253425843,12.787602393834304,12.553960727859314,16.539363068575696,18.20670005524474,18.076919221866415,16.957218156241535,17.331479672410484,17.345003408218655,23.157461919994095,19.611211990088574,17.893852559547966,21.280803964669627,14.997627999811492,12.953199539194657,13.833699548241123,19.63050904289203,11.7971262162372,19.540342669785886,14.892244162034698
20,9.679196655357634,13.603031420917231,9.216406197273324,8.509732269865241,9.31981290427604,7.2907424365466715,8.270509161617056,7.94484506177407,5.884527170218547,8.772809655123096,14.65209478791495,29.286483723822762,19.346358004625465,5.257280758062568,13.104367845262422,2.1001325829403457,5.3796231901722,5.381464839828645,2.0636296951314836,4.958565946671323,-0.0,7.2073343234267595,3.792145918121819,5.782154394593772,13.209342216555788,5.797436485207729,4.577433408698405,4.259166037847315,12.563293629655142,6.973657423941983,9.99415958552018,8.87831266744303,2.210714032792801,4.972341701927599,6.699339127164057,3.7501482470772665,2.8268711740244234,4.479707974734012,7.544570137373459,9.37051989328409,6.97219973378564,12.376945568131717,6.919881757205881,13.214068261102886,14.248667907583492,11.254021023604993,11.33480311067237,10.266193306528898,9.381736720665694,9.288607748790442,7.96505493726192,7.822322979444545,9.627491865398282,12.249437557953446,11.729825447592004,12.157861627179104,11.685010759841385,12.249960277538133,20.124801593016823,14.40119872798023,13.85694233399971,17.904970258697247,9.02619863823364,7.379785324943278,9.841491506411137,18.027440697591224,9.434842094586983,18.002003017057888,10.77097710808788
21,18.00412545113342,19.75749915822405,17.491582390361152,17.51679319523775,18.284538713964853,13.64068385727549,18.179439007384104,18.245709693549564,12.347917106788413,12.79682731079399,23.530869205675216,37.95839623519796,28.25961587320087,14.491587084389874,6.094599136835024,8.43844222263716,9.032969357390103,15.644664151153584,8.96809756449596,2.7533857322515276,7.2073343234267595,-0.0,9.946507634737015,9.30037116655676,19.052241458516807,14.244194399145298,13.639199012921107,8.598482349351574,8.004354647117145,4.4568138506169985,4.259526926515934,3.279493109263613,7.898361888460549,4.858759940282728,14.880505240995747,11.80813732789989,8.502031155128888,12.721496335491684,15.356812022255205,17.487942975687304,15.4573240497866,18.175999440223045,13.326705576368346,20.086253995277154,19.483843991525227,21.108316025901985,19.935742662124138,15.86249879813188,17.48261116649741,16.04257544371918,15.91864538750931,15.647382827141778,18.771455943504282,21.969399171712098,21.365931804777997,20.414961666521123,19.834186999282903,20.82348280700411,27.763523098688943,23.530822403109838,21.248219921845855,24.997321823750777,16.964960753821664,14.300766050655087,15.694481464509792,22.2241684080738,13.151724965769615,22.507881548053923,17.970847871822325
22,9.74261206350709,13.75259425892672,6.882189786506115,5.624510755292085,8.048393486868797,3.39513141753119,5.455756394926935,5.348681031420656,4.648450134787109,8.411757221732993,15.524128252815862,33.29512010141039,21.591502620144148,7.791272298208756,16.303684905636857,3.8222800508829895,4.700446797112227,4.47154685316936,4.983390353652788,8.702408036759614,3.792145918121819,9.946507634737015,-0.0,6.71882906214814,14.159104358925251,3.862437564798325,3.682592955311998,7.123829398842108,16.64137689191185,10.904510468398636,14.29560838805365,10.97987037615833,3.8009456445086602,8.101945931165318,3.7098840221371168,3.399175518220768,4.376613897637894,3.899692410338599,5.109211233572741,5.300796125938407,6.253152390744114,11.299195548543613,5.343544282351392,12.380415606008823,12.373367961172395,7.059110629095288,6.957914060068594,9.328993591852054,8.009665063531259,4.907571668277501,4.398340247589992,5.052429771309676,7.083454614611695,10.084623356817536,8.733958561559573,9.176684537392928,9.383736689918551,11.757444108558824,22.38937056424544,19.016069705665796,11.609257049878762,16.55701324723475,5.416326828941337,6.065166426548033,9.863170883113744,17.91943034965632,10.976979604834863,19.411884829371964,10.10027138830811
23,7.7068928911943,9.136311396155579,6.673350636933508,7.126475157970584,6.608931994121782,5.81838037968274,7.355148261600796,7.626520951266517,4.867133747593493,5.310091792798239,11.72978772152944,29.955963148702143,19.336954951979386,6.796374530240131,15.333088603588505,4.425813354509357,4.743125245178393,6.102664746888439,7.028177398777293,7.408395729384071,5.782154394593772,9.30037116655676,6.71882906214814,-0.0,13.937402231094412,4.552166376056903,4.752116500210893,6.9965348324011245,14.827806178284535,8.823948427143813,11.17047108282532,11.081958921338686,6.305494836300359,7.687048976577131,6.652807130848838,4.734044210835293,4.3180202282776285,5.988915780717947,6.6145832810190095,5.539247622680565,5.777399037634467,7.295812593735545,4.898553646668779,7.81502374744068,7.647189553816508,9.542041153580612,8.214939755527537,5.877687397465187,5.873841751107649,6.217083610066325,6.538725395258453,5.374324733629929,7.649603314241721,8.237937920676334,8.400816189597574,7.57735117967243,7.533143696246373,8.641440775000602,15.280249779107086,10.945178828918268,8.772610919523956,11.00858802475366,6.676690234371155,4.543025662226254,7.0446144431171795,11.786917708428719,8.254677103784344,13.259971212744226,6.81302889559788
24,13.351863853579006,17.385222027103133,11.05251375970245,9.104985069400277,11.395057038174437,9.356970067518771,7.876100409262133,9.487059433493412,8.57312392649813,16.997647210456964,18.509921380393514,32.540913494932845,23.61916579712684,15.47345331674717,23.061090816884395,9.791448735633224,11.769200902851543,9.266385015032938,11.377352261118249,16.495856039986194,13.209342216555788,19.052241458516807,14.159104358925251,13.937402231094412,-0.0,10.62771931357716,10.70647313262084,13.882186271918423,23.54203762117636,17.659463124725995,21.014354160169063,19.41531106287378,11.169232114671237,17.018834390712815,10.230332644625875,11.965456817092292,12.246303404206598,8.379049153721734,7.7371746726113875,10.299471243381046,10.377136615616019,15.38593518131364,15.01887264448368,14.86243669118577,18.36239348865654,12.134532807709068,10.742115996068339,19.018004522630193,18.611427896365015,10.31712199688291,10.45152842381259,10.252761704916201,11.399018031621093,18.842891255504906,16.12039783529454,17.376158499135727,18.413368279043734,17.943125531767702,27.8132634863931,25.84481359659173,20.10586281496941,25.749832892315425,11.880485100971086,13.674299679513348,16.96111324057144,23.050411509036277,22.53356049382764,25.308426500619788,17.11110989630435
25,9.50045564657985,13.569236071352236,4.33072132473335,3.8506245021234236,6.592634082734345,2.6030396155257502,3.595185045736979,3.841301306267161,3.5203259482796296,10.868861440862565,14.369042730733696,35.71727235257368,23.447360060562406,6.543727896488697,23.011491785338798,6.175701287518627,6.728167817464628,5.0444205682675,8.419162559332655,11.25767453735044,5.797436485207729,14.244194399145298,3.862437564798325,4.552166376056903,10.62771931357716,-0.0,2.583098246775858,10.807206958143457,20.80153584091464,14.962525753076955,18.13169710914216,18.520327202176787,6.568791256272818,11.40890176959516,4.514088975574222,4.19916435229354,5.6029555288276045,4.810630471354172,3.607005069091194,3.8572946528812553,4.919484164592495,7.918918041920466,5.052297628945105,9.31009774848933,10.236553393167235,6.139196676011865,6.318168238910746,8.717167789029387,6.829301862706918,3.7337536404809413,3.2017463205805297,3.3821996758969997,4.991925621041748,7.576577045683079,7.073630125206298,6.871456513786218,8.219509974399172,9.96065756434996,18.375838143576168,13.631054050155862,9.864268139892811,13.815842169044727,4.47862499548888,4.690344529316956,8.952391073279246,15.484238681161315,11.107951206999331,18.255094346971525,8.468310097494351
26,8.511664212974178,11.149089873079964,5.293182200542943,4.20122138032498,5.546146836497149,3.3958601081021964,4.111495544639327,3.88403149846754,2.956507446797419,9.681225859373438,11.871420038621693,27.58008281333618,18.122822327261193,6.182350652941161,21.787106710317367,4.89403147616241,7.154781170296273,3.724296046783752,5.946429834113483,10.073300549962616,4.577433408698405,13.639199012921107,3.682592955311998,4.752116500210893,10.70647313262084,2.583098246775858,-0.0,9.878179893160786,16.52530828446779,14.103994850606409,17.77338337600579,16.965717802093952,4.616428175908784,10.329302766855612,3.502399530123035,3.694186155713462,5.284266563122067,2.9886544375921607,3.3911462222828157,5.764332280700856,4.550343732821313,8.070876138901859,5.622736761219096,9.388076667440982,13.704200679035722,6.818687988660431,7.597673860946976,9.226210764171272,7.145449454667403,5.083710258422947,3.8779783123965332,4.619442600406432,6.380089868122534,8.305679013107445,8.369255373616644,7.685799460213911,8.657785895995143,10.039762096745267,16.366402359362006,11.629858424666864,9.975401897150654,13.006873363505346,5.145925400265756,4.767626717427527,9.091003355045693,15.218770773991793,10.54842959620834,17.543331812262124,9.347730851232495
27,11.976907335872463,16.583537768260022,13.11990464777715,12.34576911761809,12.67192977224109,9.41323512516682,10.501747617308615,10.694765293570233,9.137164306060452,10.912414554048432,16.295563800122665,31.39831533483129,22.188703702867734,6.238535944169341,11.073064745326697,4.016170179568819,8.64353725518222,6.829803959401309,4.5320329292948225,5.173845122651369,4.259166037847315,8.598482349351574,7.123829398842108,6.9965348324011245,13.882186271918423,10.807206958143457,9.878179893160786,-0.0,10.86874519371454,5.3306640295071634,7.88203731596869,7.7151745475090125,3.5948436799484065,8.743622969524926,8.157989176076141,8.706199263824482,3.248966814528071,6.338067381454044,9.351367209420024,11.464628491113743,11.141178901009436,14.180871994213947,12.575362049742726,15.536233809323232,16.86293797958695,14.609598611496093,13.637698616694571,12.72079603566634,12.823277820798516,10.78194237524156,10.125273761974189,10.245440212690422,14.418983163649452,15.525623250445904,16.382694290054285,14.868602925774358,15.083905110429615,13.319560450741886,19.927307450018162,16.600744375491054,16.694830559539238,18.708839074333667,11.153514872445855,10.209505467893264,13.726577743066755,20.686010455925327,10.854477909209049,18.780427387629068,13.716515087914743
28,24.77914551872632,26.223297729248376,23.148095152338783,21.150634087970072,24.23985517722338,19.367411799047193,21.818150404168573,22.518434985083776,17.985011215629225,18.381815865515733,28.102586521762596,41.54188883648783,32.206949836817564,17.369889218281124,4.842528462138574,13.46691791057899,17.8805518298363,20.970507381496187,14.9690723180088,6.318921417375362,12.563293629655142,8.004354647117145,16.64137689191185,14.827806178284535,23.54203762117636,20.80153584091464,16.52530828446779,10.86874519371454,-0.0,7.085489553405968,3.7910802199274087,7.005007658352277,13.811135501304893,8.89801478640149,16.68825960340843,15.422166943118565,12.862848135667967,13.811876131999023,20.039481218640635,21.197131475894743,18.648649061925266,19.712124188987595,21.91331331891567,27.233659118650557,26.095281644839407,27.505612924704586,27.258799573608613,23.2305508880523,21.98127431987227,24.89485693887498,21.119000979062385,24.11049158973405,28.2844908783934,26.33153419086466,29.474502654602766,24.344631480653117,27.438114899982367,24.88038665446474,26.163623964405993,26.535314108951788,26.124258240672148,28.08711176388031,24.123714333845363,22.431013323235373,23.014716324751298,25.018292872774463,18.857209945301484,23.091701956583353,23.56776690752545
29,16.331061174587305,18.600961066520544,17.692838977561067,16.497681107121917,15.944605419611623,12.706540558768326,16.15619298169446,17.370622129073364,12.56860462013723,12.516334694376841,21.32698098994129,32.02224278244288,24.77349559340379,11.292396674428465,7.507005249972155,7.73747197368179,9.98050799444399,12.14943861520467,7.840904676445789,2.6486934441050125,6.973657423941983,4.4568138506169985,10.904510468398636,8.823948427143813,17.659463124725995,14.962525753076955,14.103994850606409,5.3306640295071634,7.085489553405968,-0.0,4.502748896856723,3.1885160600124767,7.171107321611687,7.16173720567254,11.885786389025938,12.84244324485274,7.447790020701469,11.351743532845465,14.27190003621133,16.486819850122945,15.692708160539347,19.021752030716478,15.547194127058116,20.119015480235756,18.906600192477516,20.21318506159413,18.17688300179608,14.851474111402423,17.489261121191213,13.422877413285184,13.851747693355149,14.072137837513889,19.8018476518412,22.050465386495834,21.31179367202215,19.223501727772415,19.67338922233577,18.171754255399286,25.271330587499033,22.421074062363633,20.48983409871209,23.61903782795008,15.73833467537123,14.90738628598881,16.496492124505835,22.40806653341947,12.245291126799073,20.21174928980106,17.240500489275046
30,21.1626186812348,24.69672460442362,22.23225559734316,21.937732120154642,21.133182069569727,19.617652859250754,19.657665230506545,21.030808993074363,15.986989010048985,19.488051013735497,26.36432316266494,43.93082001024519,32.53963855360106,13.996798568355876,4.862051370089507,9.897293405924009,13.605784110080958,15.918243141626247,12.076433475799917,4.47090689516492,9.99415958552018,4.259526926515934,14.29560838805365,11.17047108282532,21.014354160169063,18.13169710914216,17.77338337600579,7.88203731596869,3.7910802199274087,4.502748896856723,-0.0,3.921549104077036,11.167058666591243,10.476713050396864,19.687787572380156,17.150245145475537,9.285893549298123,14.874443911240773,16.98953688673517,18.992683112008283,20.21427501276509,22.297943496535616,21.417207113779583,24.644881285016293,24.433160411609315,25.967929765222742,27.65060029804584,20.332123563444142,21.57290032413099,20.84102126852008,19.192880135728544,19.242068824680814,25.885927917971365,25.364015054990478,26.963585410500727,24.529752025036924,24.649381098504655,22.847819313410625,29.7972583590975,26.532776731463656,26.52292753211378,28.004579191867315,22.514557051824717,19.916757292626535,22.358299988988183,28.267068522663862,17.23947253421807,25.569602242800215,21.774759211023145
