,0,1,2,3,4,5,6,7,8,9,10,11,12,13,14,15,16,17,18,19,20,21,22,23,24,25,26,27,28,29,30,31,32,33,34,35,36,37,38,39,40,41,42,43,44,45,46,47,48,49,50,51,52,53,54,55,56,57,58,59,60,61,62,63,64,65,66,67,68,69,70
0,-0.0,8.191454070032707,8.316137733199843,10.31612390680769,13.742090919582814,10.468390383939955,13.365234541389684,7.705471586437627,9.038946808330119,7.392973839694894,6.631677541742931,10.41722219082029,15.092504441133476,9.994316927717968,11.997845290832515,10.606107765326495,14.05068761083738,3.5198088145831363,11.716231424218751,13.360069357137098,8.96383148922584,10.586606694693101,10.503208173775684,13.217668811595262,8.136572353579641,16.042948384300022,11.500613483654329,11.713919239657047,11.960868470458385,11.250090664930065,11.697432633021693,11.897374129581278,9.164600925936401,10.626595234259995,14.677718386113508,16.172184094490085,11.126827574884809,11.023910551898268,18.79435654455271,15.925693782650724,13.855674414273572,7.898771506088529,15.646698230748687,11.841275463429861,12.233068060745628,14.255784283843559,19.561558384543456,20.147838321250187,26.94409858108442,13.849757509577927,9.446982066664669,27.96892716908298,29.196515640314125,33.91467756915266,34.643623944318456,22.04398029866051,24.279338165424907,30.571143036566095,18.623375132089684,31.440041609267734,24.270854061555585,50.427771385256925,54.46092487737048,17.05055587457818,26.26529956023167,8.742945006732914,12.215812858983657,15.856907884925729,13.138402142907418,17.801320001417242,10.076452978962248
1,8.191454070032707,-0.0,9.661352285348737,4.753023566780811,9.368168958025876,9.087509570191123,14.890758147961948,12.46703931190929,12.684051645626862,12.29368474727639,11.030551976038174,10.507864225937121,13.514702983698447,6.888562492772205,6.9285347950947385,6.211104517569322,15.646108971493497,6.830002672063161,15.626838109972914,16.417486000366484,15.249263392937927,15.21604137557364,14.85972650128261,13.712388606180713,14.718947125078062,14.068481768316403,16.485947704860457,16.532713689884016,17.69253516372839,15.859013312722004,16.909864005727968,14.889339893851604,7.502876866018586,12.728491321521266,5.079221111767139,10.22459035024762,9.659519405938116,6.755830891994227,12.96260668471204,14.98705394003118,18.45172564405365,7.98861467637745,17.72504489480406,11.606449986129524,16.436857545464516,9.80220840993823,14.699449067132928,19.25477005491407,18.30813808288097,10.856524580658478,6.071699250394395,14.731130092848124,18.843732343144033,19.928867264464714,18.878182445526043,11.242063126616225,14.286916299984167,21.625007416611425,11.437793447112684,23.036405811656124,15.278720960677282,28.728316680951604,37.74268524803118,11.333857324941652,13.818915439576683,9.450266979908914,8.187146703529658,11.84667461768412,8.182117583220284,12.79634480089317,12.435401122584008
2,8.316137733199843,9.661352285348737,-0.0,10.303562703709664,9.497126594863584,4.884561786211843,13.944347007648803,10.543630359997126,12.328812858329192,9.292631576976605,9.797834418689979,13.810239738322567,16.401043311243207,8.088253473069393,11.023453516814902,6.655149918681547,14.068239186381241,6.2996465263165335,10.836796164691679,13.091735739522676,10.682115774966572,14.321012595662213,11.265968495368707,12.80920551586609,9.923855035467508,13.41526717367156,13.318620616088985,13.496035667464733,13.925640061578688,12.657774155326187,13.714078386473867,10.391015922973631,10.504746628705774,12.914182323304297,11.920679780648808,18.34026242500824,11.899436184835931,11.804321185834215,18.382596669827866,16.390073175806545,13.842685923892855,8.854050707760031,17.63944657601578,12.973635464139381,13.022179720575915,12.594075408818638,23.798796978181503,23.229188244003815,25.84488545996471,7.175332704832147,11.500779975156137,26.358081312540072,36.579697484537036,26.420370011318894,25.070938978150277,16.08011599044429,24.426074248304413,21.88592419840331,18.8190338973727,33.485939007691385,22.793317350277164,50.78172783250768,46.71168863397234,16.001873073320187,12.556767944912185,12.459628332381568,11.421635358766263,14.837556719576089,12.660793180033675,16.887447488419465,11.412269819911591
3,10.31612390680769,4.753023566780811,10.303562703709664,-0.0,6.447016441052772,6.892725891371425,15.981042161364346,15.651833289016135,15.716034621412936,12.28388370122823,11.744295163120384,6.580433114129982,14.013937244574004,9.736095147549564,10.186569934045924,4.96720910728864,12.791946777220854,7.519762315985611,18.19183502580774,18.602068730640585,14.545897188615648,19.504407536026783,14.60191168747389,10.554628081520901,16.455728507605617,17.147733015036266,15.88800910846248,16.045676412055194,16.876738843736664,15.846804059989442,16.612932945975352,16.877490055120642,8.792006521689217,8.418626646333088,4.7044260659023145,7.808577119249443,10.59785596483285,8.366308971358954,9.909716033803203,11.723167477493055,20.708994461370168,6.4852258451951394,17.301017419294233,13.333544958228824,14.041130103090028,8.61087515303921,13.429514328727022,17.560933267839022,17.767679563654948,12.090032879789064,7.909582998633556,11.49492267679885,20.03387794035548,22.091001380399785,20.17583646117535,11.203211033797462,18.043248319260286,21.54010895057337,13.55224354630326,21.11224073112029,15.924808088763488,29.30798032875384,32.473248686608294,15.391410877931186,13.018248085082723,11.240162015018157,10.266567121616097,11.045618301636804,8.804521076026932,10.608170715618883,14.714888255093074
4,13.742090919582814,9.368168958025876,9.497126594863584,6.447016441052772,-0.0,11.629688385929956,16.174387827014822,13.339657234937668,13.012254712939159,11.974072925236817,12.85999573515866,8.827366849214652,14.221366310435707,13.72447329448111,12.56115214375145,10.107457670979281,13.369374450054384,7.137132475119919,15.84144858334683,16.37477640571241,12.247958283229355,17.59227976506267,14.427023600803428,7.5840942200339745,13.434119039254535,15.457679317896508,13.601585177357249,13.861007131029613,14.935481294778086,13.499549855113084,14.319408589704178,21.50218271610963,15.34004817061619,12.894682128755006,15.353016370338969,17.053043579323386,12.052649692427597,17.30125821225894,11.16278730093453,8.21792031198176,16.211585275252546,8.915794563969339,19.18364917678338,12.508268925099904,11.227973537863019,3.4331003951962495,22.10595139869876,31.25979788786455,28.620911637610845,13.864918376939093,14.356591892924074,17.086769662509003,34.06624045871635,27.21418271757129,29.123584677025338,21.509608816196828,32.05069002711614,32.45220658146533,22.626264650786503,26.299657774480103,22.716606552002872,35.30725447011652,41.51030702888275,19.121088353053626,16.821607635680184,16.49396166480764,18.776576585917024,20.174725872007542,17.365044553368904,9.881760378342673,15.41086599506453
5,10.468390383939955,9.087509570191123,4.884561786211843,6.892725891371425,11.629688385929956,-0.0,15.58223224797379,13.337455356074335,14.136031093667206,10.49559282367333,10.895775603988092,13.56255383936383,14.604247252217931,7.850562532570267,10.95430273973723,4.079650397723831,15.039659301659572,7.774237138029382,17.145482853530797,18.158214024068748,13.799892668334822,15.396803190241119,15.251106381149993,16.484809752251657,13.512597625249482,15.260130705310823,15.940606392586835,15.90188798575063,15.980941169170944,15.782528912615556,16.144415124424523,13.298970869504124,10.845586603297148,8.58969956444916,9.755098321518002,11.760602555408703,12.42692278205697,11.268975887521588,15.617201456388138,13.612175143264919,17.353360958616424,9.19524494178072,16.963149969467086,13.45978937681541,16.232004644404018,12.273348918121531,16.511131803833646,19.337107307318817,19.157314359447057,7.6563418536023535,11.619077924418015,23.054469401974032,29.49707314250361,18.976900294080487,20.92877513548743,12.854058080740451,20.184059593035535,21.474305001239763,16.753785898727603,30.167903869934687,19.2017392921834,42.76070407857541,46.997516358213446,12.96813455225135,12.808540671122326,9.591205325538677,9.614166260357644,11.511442405903454,10.445658152621869,14.423017160915775,12.673708318969888
6,13.365234541389684,14.890758147961948,13.944347007648803,15.981042161364346,16.174387827014822,15.58223224797379,-0.0,11.587802864538592,13.033502867189844,17.29109121340355,15.169859277197544,13.426304857130129,12.842111470666813,12.537990902107365,13.325784328567895,11.977013998814048,15.752742840995829,7.725722407858079,8.747929001609839,8.612682861371376,14.318251714488657,13.942032228497844,9.891111323725351,10.783192314629733,13.275363278051229,16.852207093983107,10.268161926156381,10.6638959952027,10.637595702356512,10.557371141248037,10.941772842322196,14.73998180480651,12.883206111855225,13.016957990897028,17.258722274813447,23.6745688513553,5.499428774222467,15.215193004683611,23.338496556205385,25.214538303050375,19.71099861614888,7.1150143637515875,19.933735704707384,8.855357616928211,13.175675556698124,14.880717682249026,34.73970904855621,33.79740568187874,33.44943319044673,13.469557353666033,8.816800467129118,37.55093155154338,55.074957504954796,34.33623193005213,27.954652959658826,24.36565426604874,35.91357060526768,36.845935250712245,19.390109299995274,41.9082138408131,36.13345084058942,54.55921728783211,62.52332884230648,17.42057878346227,26.61841108192645,17.390128199192226,18.041277553398047,19.87109994061604,19.204261183470347,15.330731797168156,14.981146347799958
7,7.705471586437627,12.46703931190929,10.543630359997126,15.651833289016135,13.339657234937668,13.337455356074335,11.587802864538592,-0.0,1.5141568382589143,5.862131850219251,5.643599421464077,12.854724273392424,13.566990594653534,11.634010402510864,14.878353249592344,14.171281330094372,15.963491333021228,6.671396923748189,6.30748521863997,6.633543690662922,8.746814691706913,3.055605396215899,8.028518403410956,14.301727641288714,12.01634836942595,16.86599403838193,6.072894033037342,6.093169650022414,5.879543128226094,5.841497430770314,5.992797740672837,12.26795016576792,8.350541159754691,15.934558909842814,16.44050806651706,27.233609879278877,14.501371923855961,11.982447292920522,26.093081014046298,15.245286777259068,14.454522980157366,8.840943064196825,18.381838950557206,5.008628214555017,11.118949131822092,15.004855204505674,32.479809687522774,33.079266761120834,31.556785746469387,13.128458652014766,10.401046438045798,37.48037137529805,40.15018919933786,40.13578858381302,40.00161284229763,20.598142203206258,24.51622811195998,31.941460960151996,20.86769750252096,45.36398032768817,35.53361842696323,48.74676832477155,69.40145425811798,22.85800624815894,26.112873340915364,16.052438405524033,20.22774888459236,22.894520633815535,21.161260734051968,21.30563303972683,13.110674961693737
8,9.038946808330119,12.684051645626862,12.328812858329192,15.716034621412936,13.012254712939159,14.136031093667206,13.033502867189844,1.5141568382589143,-0.0,6.874436987662262,7.731198906902294,13.335052866532369,13.061073654138267,12.553084021486775,14.050233037726294,15.516903345919491,15.80545632524412,7.295811129147297,6.5431109650785375,6.736016677941464,11.082690820838174,3.8966217543891326,8.347214982784969,15.029920374138976,11.12345011469836,16.454372262329667,6.365351072289737,6.495261975124525,6.323631454229513,6.219660675357829,6.511566414238638,12.831737292652448,9.081845797031612,17.683491365966187,18.58930824894592,27.412434611519583,15.330891330174724,12.835768486814572,29.069016403326717,13.251091246877861,14.525645300991302,9.319202049627686,16.836602966932244,5.0706680552736625,12.893455718018444,16.912420477218962,31.561375512897555,36.0169790187911,33.711294326649515,12.71979170913973,11.271702496229993,35.695725507606994,36.21148199541604,37.1721517676636,41.16907464284241,22.183438866685258,26.972124710651883,36.922696358910066,25.71074799579308,45.36467573352991,33.782162046804004,42.67013745539961,68.48095103085336,25.081271812784284,26.729455487589117,17.197523283978445,23.505379179614767,25.638697780466497,23.92413580056614,20.328279302615343,12.980862331595626
9,7.392973839694894,12.29368474727639,9.292631576976605,12.28388370122823,11.974072925236817,10.49559282367333,17.29109121340355,5.862131850219251,6.874436987662262,-0.0,9.730479216286296,12.20372170500316,14.925032059794448,11.264907791312122,14.520025121438298,10.301242273020243,15.071642106974632,6.388059618969403,12.818402654506517,14.52622745114953,7.440388475664082,10.49236956723781,13.341508794373766,13.288390169331269,13.219656261777015,16.481792304287165,10.719381415165614,10.886936208377088,11.034322803904868,10.31729027068947,10.741886796205705,12.53197167178412,8.485518632493637,12.08465571559054,13.27989209348536,25.090655144676727,17.655326148811994,12.552065820560333,22.883323742955962,9.603745525087062,11.36084949115145,7.699087755815955,16.935105503132323,8.289099928847872,11.07066530393937,12.371711589348067,27.708408512781375,27.535423607276883,28.610279210243736,13.900892940450065,13.691849347552845,27.69105181506266,27.18614590438787,39.82036622641881,42.34357840532209,23.869844230919636,22.175511384841254,29.224547280521872,25.55902701103669,36.21207449860279,29.717875328662114,45.76851830404737,59.03088245750993,22.918813967057368,20.93729052740058,12.29043674375901,15.319119407370469,18.250754807176687,15.404566369431642,21.440676271100653,13.624313089388933
10,6.631677541742931,11.030551976038174,9.797834418689979,11.744295163120384,12.85999573515866,10.895775603988092,15.169859277197544,5.643599421464077,7.731198906902294,9.730479216286296,-0.0,10.95365675438633,15.486654188718544,13.543676497306487,16.34293767266249,11.854241801446085,16.950468696364904,7.337537340023181,14.382559403275891,13.993220063276933,9.040160600622853,14.55503207654413,14.730838800308888,12.133398309997764,14.40032541761651,18.73538781216335,12.183369065244984,12.624164626026312,12.316905161011059,12.445202189913799,13.01625667336986,17.72233364877739,11.492897647387457,12.033894794779767,13.994294045904782,21.271530655469604,13.939408879802706,16.694594694788428,18.825958524978777,15.555617016947068,15.295824785464703,8.091519627153959,18.320121255695895,11.218624408921038,11.102273170647734,10.851672345487522,24.20301715725823,29.479661193704953,33.64923891878496,13.516148853282672,9.40731260252341,32.82233982914049,35.52965117252541,33.632470546375494,33.65192964847928,23.594176830823443,32.0954728342784,36.856662565799844,19.55277348604909,42.219170222159015,33.462871399917454,51.25583715744265,61.187928752887366,19.822124941983365,28.266643551462472,14.033050246199636,16.183783942627755,19.00124662403935,17.23124449140315,19.72747955762669,14.117519323302425
11,10.41722219082029,10.507864225937121,13.810239738322567,6.580433114129982,8.827366849214652,13.56255383936383,13.426304857130129,12.854724273392424,13.335052866532369,12.20372170500316,10.95365675438633,-0.0,15.174230491010022,13.15997406152892,14.430008924577962,9.846591305134513,13.48576518994345,7.482895126268766,15.353259055310321,15.529249520868895,11.560603589149528,16.87514021913374,14.124683869607045,7.558454321169687,16.858730484289914,19.068340648085513,12.379327630400196,13.032729007534751,13.882570285157986,12.739686273529175,13.395076195552694,19.19486110619789,11.160746471584144,11.009936542632929,12.73162004197133,16.997919311940702,10.379312067831963,15.178870030152595,13.929351226017095,11.207494711429899,14.846626888890782,6.223372426647176,18.175930101983305,9.78377338438732,12.205344404650036,7.526761271863939,25.11561184763056,32.63585621777945,29.438991513167366,16.159797665268204,9.6724376332488,22.748697487372525,31.335939570814237,33.32866412122677,36.423431896471406,25.897061520984103,32.65661690131371,37.45555679487477,20.742990484679925,27.71720086271035,30.23242857008128,41.47927925069045,47.040342672749716,18.151200006419366,29.241322931443225,14.605693530489368,16.27321301013155,17.89232511567031,15.797831929829561,13.837118269476955,15.84970639275594
12,15.092504441133476,13.514702983698447,16.401043311243207,14.013937244574004,14.221366310435707,14.604247252217931,12.842111470666813,13.566990594653534,13.061073654138267,14.925032059794448,15.486654188718544,15.174230491010022,-0.0,11.285765635410963,11.070755727271395,14.164649797064268,13.408590956039413,8.9431741764131,15.422220838291029,14.673633491721123,16.878410577409127,14.564048369571154,16.04201127255418,17.078806557768857,15.496568068001078,15.861512161769587,15.58239560411315,15.40162158525098,15.874741571793594,15.415722736852553,15.324698903200257,13.435571949697572,13.788626123667854,18.806533985008514,16.030269798508737,27.613327064771344,16.34321044907168,15.818193657412142,27.408796969289124,17.51140396327851,20.47335745720388,9.723486680796395,15.503635530461178,10.45576276131054,21.74990691387717,16.23849755768124,27.797645939889563,34.120174374156804,35.276612428457845,9.831707710406144,12.053680403100005,36.20523658648154,40.92103902347336,36.01464375413598,35.231801580719356,13.194334541878616,25.31851248238209,40.560386430442286,24.40980575976454,40.475386937273285,37.42566295316707,47.51461232635859,75.81540449604991,25.828975157792218,19.951493844127583,15.581420369895453,22.464058124136827,23.629486709878105,23.409098737887867,17.16537263664586,14.076325196664225
13,9.994316927717968,6.888562492772205,8.088253473069393,9.736095147549564,13.72447329448111,7.850562532570267,12.537990902107365,11.634010402510864,12.553084021486775,11.264907791312122,13.543676497306487,13.15997406152892,11.285765635410963,-0.0,7.5230835725441825,6.5619602483909745,13.907754722290477,7.118607886937846,15.680592136569333,15.917089486712806,14.79036381155644,13.102648253520233,14.315224130167433,16.08312395533162,12.18763979844645,13.503139533979558,16.745404439965434,16.57801852213193,17.481799258642088,16.28465391761021,16.444929285793158,12.192864328192746,9.857334924533502,11.520604442357739,11.07431428232815,13.687016435280325,11.836114389150698,11.268821815868245,17.717473864864193,13.875617420704762,18.743740212973492,11.48320091727304,15.746712737938926,10.442689280264577,18.716951303032662,13.159335640322904,19.304341559248968,21.23988106351679,19.920867977798697,13.622752702845938,10.024754211012839,23.548651403951673,26.493197593578877,20.780940500260385,20.36983115459329,11.019567941575712,16.03613321983564,23.489492961283922,11.987263483163117,28.737035052119392,20.67035488586465,37.20189598162248,52.24617498742533,10.368254711351945,8.8855662093915,7.021558385217204,10.13072413175757,13.05730749633145,11.210864754416827,15.716958148846958,12.518024392249938
14,11.997845290832515,6.9285347950947385,11.023453516814902,10.186569934045924,12.56115214375145,10.95430273973723,13.325784328567895,14.878353249592344,14.050233037726294,14.520025121438298,16.34293767266249,14.430008924577962,11.070755727271395,7.5230835725441825,-0.0,11.614210299871337,17.688889696276615,8.658672887999757,14.704227464222562,14.650642282288237,19.38973917738529,13.841243656579197,10.552113828500781,17.441063949303167,11.067419796083305,16.79471695478916,15.772601764671046,15.462637487408802,16.428234427444274,15.66479509836288,15.804193374095899,11.292109241989637,9.641190061752322,16.46152383185254,13.511237818602877,16.89032514446012,11.080416445301307,9.151544837053919,26.189051314565965,18.377881426628715,24.890516381535292,9.24651371951175,15.6010571895069,7.631159208569282,20.25723924665271,17.514532135028134,22.84173210335396,29.973052328571047,20.792189336464602,10.081942654787463,10.696762549849565,30.53334650914774,35.60745037018435,24.05043419251031,24.792036076245147,11.890725636685904,20.671605502745777,30.02698085843665,18.859888662436383,37.36908432270876,24.714853563813673,36.30859668637234,63.79796404617128,16.81847868216305,15.60979073817769,12.61532090766913,18.431376798327722,20.846964171988567,19.356701819282176,14.866392292015984,12.771203886586882
15,10.606107765326495,6.211104517569322,6.655149918681547,4.96720910728864,10.107457670979281,4.079650397723831,11.977013998814048,14.171281330094372,15.516903345919491,10.301242273020243,11.854241801446085,9.846591305134513,14.164649797064268,6.5619602483909745,11.614210299871337,-0.0,13.816551626074874,7.311619306463766,13.924905823142911,15.659296112370102,13.656598496543166,17.02906842993799,11.917860480702675,13.588663249241334,12.660175397947436,15.577143107010025,16.35794225198867,16.31474472474662,17.04400935138271,15.891112816435436,16.387748085769392,11.315756301236597,10.0184901499489,6.093429322583208,5.826739776608033,9.99614148871165,8.11425384857748,7.838636067473372,10.980803849693974,12.977731525488231,16.68502922772051,7.874560514715975,18.8572044227771,14.706955939198604,15.712410892586627,9.01653537809169,15.969694991841502,13.779978447256028,16.0981652371823,9.191533753906146,8.512310071630662,16.557308096081233,27.513137730163994,20.583228334820866,19.910198186995526,11.15059142312762,14.93473728885925,17.007561269196124,11.989902549415378,19.871297435189497,16.73693786138876,36.121255956427426,35.06900434389462,9.903500230303374,12.008047874709643,7.192957707175946,5.9480175517957194,6.6429180956734175,5.845262398646917,10.733764398989425,11.63104622515525
16,14.05068761083738,15.646108971493497,14.068239186381241,12.791946777220854,13.369374450054384,15.039659301659572,15.752742840995829,15.963491333021228,15.80545632524412,15.071642106974632,16.950468696364904,13.48576518994345,13.408590956039413,13.907754722290477,17.688889696276615,13.816551626074874,-0.0,11.936168358069438,16.274057599466726,16.35125135746835,13.696615629516538,16.197789978617443,17.044452375175986,15.215484729343643,14.540438104388121,7.134473643722824,14.024584263277326,14.801478620401085,15.790160344601022,14.313646982824075,14.903935159362113,16.298163709196157,17.741082130404845,13.788884348778993,14.74516360712291,23.49360982119204,17.852674609097807,20.16185880057526,20.386439282790345,16.666588923678606,13.02452192233299,14.773536431418329,11.807806239228018,14.270802745361788,16.0671579082154,15.578227064843539,21.027216898821518,26.5102544208235,35.67914820197388,11.667094162563693,17.351317694133762,27.841169640628184,26.962707991631707,35.86695734594645,40.73110635878346,23.48190668273499,28.988983581367755,37.54021762435087,23.953408313329522,21.74056541237054,30.527896100624357,48.58101898902295,53.136005810914234,20.705541878772987,18.362827177274973,12.282976038625637,16.18749345854027,16.668743770928888,16.77056792868006,13.14962660006,8.37428046299689
17,3.5198088145831363,6.830002672063161,6.2996465263165335,7.519762315985611,7.137132475119919,7.774237138029382,7.725722407858079,6.671396923748189,7.295811129147297,6.388059618969403,7.337537340023181,7.482895126268766,8.9431741764131,7.118607886937846,8.658672887999757,7.311619306463766,11.936168358069438,-0.0,8.405437523567832,9.480617979314468,6.520953884030856,9.024242003267295,7.77872739914482,6.718461957131961,7.81907353146004,12.200474511597827,8.88414851218818,9.074868710510152,9.079899774425076,8.70729277415942,9.163362887418682,7.938120347627081,8.455725184003064,10.05480079238173,8.39216955973862,15.832519969520867,8.139411081869477,12.373813737404486,15.310733291772454,14.305378970250349,12.308121152292893,3.767841877532567,12.079094541681847,7.488420013661615,8.963196859553785,8.084158429236254,16.948772661981756,18.985366758006524,25.74743706303065,10.315563301128162,8.02683388488463,23.665625511245057,29.75528114020211,26.41737372014238,26.597401078396828,17.026825847539406,21.762440078638807,27.504490068796837,16.715963051460633,30.49538183547908,24.789671718618905,43.77662823896892,47.353704020224875,15.15518634140944,17.374624378380826,8.976075203720143,10.613557489978753,13.425204354771784,11.093161174825802,12.544172460042727,9.637531548158636
18,11.716231424218751,15.626838109972914,10.836796164691679,18.19183502580774,15.84144858334683,17.145482853530797,8.747929001609839,6.30748521863997,6.5431109650785375,12.818402654506517,14.382559403275891,15.353259055310321,15.422220838291029,15.680592136569333,14.704227464222562,13.924905823142911,16.274057599466726,8.405437523567832,-0.0,1.252130238432338,8.141061798642385,5.128735424406786,4.101475388386857,11.166673506812382,10.143515303527955,18.300428038300975,3.3959963263291244,3.641199846553455,4.031437709688438,3.525700922579426,3.842729791546393,12.44565352010766,14.324310929438052,15.45366449810968,20.4049158532258,25.903131070083646,11.358520619846912,16.082737117625513,25.093571001482125,22.34770030797462,16.486271669724562,10.187985348374399,16.786536907411637,8.705494022555085,7.98880607732305,15.604412727337289,33.02351718180321,29.98804625638609,35.408021008410714,13.950599682116787,12.652577366912196,33.58177139521087,49.716371329364414,36.558167951318254,30.87497211066339,25.88725784609098,35.12352403770929,34.98115294921944,21.957248864618368,37.4874559325784,31.42802328427148,52.15611814098523,56.080950828179276,19.65372092971693,25.38434991915599,19.618308754577907,19.854363061134595,21.766014075941985,20.350959097883592,17.617748259396134,12.752114231300542
19,13.360069357137098,16.417486000366484,13.091735739522676,18.602068730640585,16.37477640571241,18.158214024068748,8.612682861371376,6.633543690662922,6.736016677941464,14.52622745114953,13.993220063276933,15.529249520868895,14.673633491721123,15.917089486712806,14.650642282288237,15.659296112370102,16.35125135746835,9.480617979314468,1.252130238432338,-0.0,9.795869404119006,6.678972955422662,4.307385423551972,12.173741427366737,10.841359385094298,18.882873350216137,3.47170030156763,3.66421947612386,4.110021096651589,3.6855095903132735,3.8887549073379906,12.5866022619516,15.620255329694322,17.615647891932678,21.754967538844205,26.30010683056352,11.341163959114315,17.969263533292235,26.75697724265078,22.375380810153388,17.233390475142077,10.931771843480465,15.69377368273399,9.242629035617602,10.781477657149642,16.40385407354648,33.21088412552686,33.571836681694045,36.890847534287204,14.758741277748559,13.580566192790865,34.137892348363216,49.78970839509652,34.17279644709933,29.613861004641887,26.295515760006314,37.53111421635838,38.94197902342397,22.8219857310877,40.07776964072376,33.948001718250325,50.3535035441058,58.41223795493596,19.882150352112127,26.566035833086232,20.725665484787545,22.319577077446812,23.693669695093845,22.668522657236096,17.624125478811045,13.821259851025964
20,8.96383148922584,15.249263392937927,10.682115774966572,14.545897188615648,12.247958283229355,13.799892668334822,14.318251714488657,8.746814691706913,11.082690820838174,7.440388475664082,9.040160600622853,11.560603589149528,16.878410577409127,14.79036381155644,19.38973917738529,13.656598496543166,13.696615629516538,6.520953884030856,8.141061798642385,9.795869404119006,-0.0,12.983720752545349,9.301384100452085,8.402499600539782,11.668225487561992,16.867659168166703,7.659577918758936,8.002064616438723,8.178223523992443,7.679804556844477,7.926035610932967,10.699347429456855,16.176092823498823,13.99292556309465,16.98120837419139,27.48948016785449,17.27637600343284,20.778543415994328,19.35033361501113,17.333288098871066,9.817271138867774,9.285253180218909,13.47390123194847,12.544237180799879,4.978627266447672,13.150710084476808,26.417459690443547,29.4763150897028,42.43249236953974,15.32018346265419,14.87066893196985,31.689069155134387,33.5771084261984,38.70305613856609,41.86234678577276,28.732113729203647,37.820234850231294,40.185939051648035,26.766324676137568,31.661120944931604,34.480263997982924,60.41934447060668,54.50294366438857,25.62916241374465,21.894126320422256,16.460830230949064,18.76098266935681,20.34897418783838,18.437306880338987,20.46846508899578,12.89322580832433
21,10.586606694693101,15.21604137557364,14.321012595662213,19.504407536026783,17.59227976506267,15.396803190241119,13.942032228497844,3.055605396215899,3.8966217543891326,10.49236956723781,14.55503207654413,16.87514021913374,14.564048369571154,13.102648253520233,13.841243656579197,17.02906842993799,16.197789978617443,9.024242003267295,5.128735424406786,6.678972955422662,12.983720752545349,-0.0,10.192331054673627,18.0216251420702,11.837677976698535,17.043481927539922,5.603388820408987,5.590491094332171,5.594918432480555,5.26263308317488,5.413894436999327,10.513077123014222,7.732719466121139,19.44035508262281,19.549341494314152,29.755039149111884,16.96348197334615,11.169674530837822,34.209091790967605,20.94562830524381,17.475016430401457,10.2960218734264,15.672212977519518,5.022691313597945,14.747793848632751,21.438096103834248,36.58798876679482,35.71531031375462,31.236790594152936,13.402473593451813,13.389899674963758,42.64900963265487,44.38896000261617,41.66890023004816,42.62304363613097,23.320941506890744,22.563495183438242,34.33214119173098,26.618388203168657,47.60903954568424,36.21732983021953,49.539565204727346,76.02134955209748,25.893629701725324,27.157054988887296,18.232183676230832,24.289818997243657,26.57085302250446,25.143062222642335,20.680667624875184,13.934378282422724
22,10.503208173775684,14.85972650128261,11.265968495368707,14.60191168747389,14.427023600803428,15.251106381149993,9.891111323725351,8.028518403410956,8.347214982784969,13.341508794373766,14.730838800308888,14.124683869607045,16.04201127255418,14.315224130167433,10.552113828500781,11.917860480702675,17.044452375175986,7.77872739914482,4.101475388386857,4.307385423551972,9.301384100452085,10.192331054673627,-0.0,11.44477603407124,10.585445589210657,16.866060751698328,8.747397427718976,9.012216211318046,9.803585090917514,9.031019783298152,9.352168841462639,11.709226343137294,12.474437170667168,12.597363599747009,18.057969629450437,21.165303192786542,8.688832747163795,13.052904487235509,27.21163001431815,20.0866795077434,15.555721352922207,8.075295969296038,18.074049382020288,10.648369162261933,8.475392134838444,15.672873791643987,31.424220787375315,29.629117335523564,28.045656426723955,14.893554649489285,10.55051190346297,30.015382398794994,49.70076582474169,32.03433718781436,26.77126692777652,24.818842626845573,35.70601747231171,34.75614968240796,24.000104699109297,37.9847528517125,26.527407704931413,51.383138031320364,51.23946958679061,17.640510605890146,24.109050005132236,16.372616221355642,17.812861013208177,19.039492052502705,17.983592353978697,19.311122155146567,14.079340877986358
23,13.217668811595262,13.712388606180713,12.80920551586609,10.554628081520901,7.5840942200339745,16.484809752251657,10.783192314629733,14.301727641288714,15.029920374138976,13.288390169331269,12.133398309997764,7.558454321169687,17.078806557768857,16.08312395533162,17.441063949303167,13.588663249241334,15.215484729343643,6.718461957131961,11.166673506812382,12.173741427366737,8.402499600539782,18.0216251420702,11.44477603407124,-0.0,13.57073555631669,18.139676344969683,11.615464257453448,12.180365615661263,12.479715553591694,11.80484554882532,12.279178170822048,17.50262151712021,18.788246265731445,16.09481081884033,18.67856315207772,23.356714915236996,11.7537070813401,22.70846387343968,13.223888945767056,15.588957479561435,12.93392362843873,7.194180275759911,18.05860042607589,15.225280720951968,7.703556605524465,6.679681631373129,26.61644552655567,36.26446335795943,39.134003528877365,16.439692779059136,14.577792506023792,25.572428401599083,43.16529270681308,32.15284404826573,35.65233677296625,29.93649963625612,41.56135135160715,43.38464698605223,26.0527981860975,28.700262237623498,32.98731820925756,49.91668098514047,46.807443501511734,20.061585864528272,25.86061987195371,19.327667829659088,21.106505695644554,22.715436325702665,20.472315614785675,12.212400996710402,14.105829774573845
24,8.136572353579641,14.718947125078062,9.923855035467508,16.455728507605617,13.434119039254535,13.512597625249482,13.275363278051229,12.01634836942595,11.12345011469836,13.219656261777015,14.40032541761651,16.858730484289914,15.496568068001078,12.18763979844645,11.067419796083305,12.660175397947436,14.540438104388121,7.81907353146004,10.143515303527955,10.841359385094298,11.668225487561992,11.837677976698535,10.585445589210657,13.57073555631669,-0.0,14.928515076586562,10.3611465610802,10.497650926366271,11.486124159093722,10.202928458207854,10.335943517774473,12.362102779355473,12.755872526827574,12.966346638352666,19.290175764638896,18.695678581403673,15.522811694814381,14.405315264920652,22.44641872989483,19.430739981925388,14.34313992335748,10.795896640946486,14.716142219331816,10.741067140411033,9.706279782430892,16.618050231203814,28.98082295708523,28.844955752547797,25.10707895086435,12.369833594776155,15.761917701159378,33.73471796371124,47.90900249754338,29.907810413288495,31.913165601130142,27.379770261948007,33.0917565250459,26.9089577667471,27.0761479948544,38.647217050089644,21.199342927174953,56.23078560486742,57.51723760085691,18.262401620877533,21.369401264177288,14.255001706438872,17.50681112922052,20.971570830232018,18.76359492352288,16.469456760643038,10.640486147314874
25,16.042948384300022,14.068481768316403,13.41526717367156,17.147733015036266,15.457679317896508,15.260130705310823,16.852207093983107,16.86599403838193,16.454372262329667,16.481792304287165,18.73538781216335,19.068340648085513,15.861512161769587,13.503139533979558,16.79471695478916,15.577143107010025,7.134473643722824,12.200474511597827,18.300428038300975,18.882873350216137,16.867659168166703,17.043481927539922,16.866060751698328,18.139676344969683,14.928515076586562,-0.0,17.295670642497274,17.966707959630515,18.572109196013376,18.77630373743666,17.906883642324992,17.654442839374177,18.565960706484162,14.799002867673758,16.027183842242998,23.77542448116295,17.005200850537932,17.316748610388462,20.12855905358166,20.147592429619827,18.008687477403665,16.2337446895129,17.268564907186693,16.777362611215832,18.39161524104754,16.058023080380757,24.681635804190254,23.301381977321537,30.554981164554423,15.793673610778681,18.685406265449863,29.92578099853646,37.36259031921405,31.966622843228546,33.30427908289329,16.204253297556,22.84425437091323,29.669105551123902,22.76733728462001,30.864945804767242,26.048475068650887,48.44277016474078,52.527275121680056,16.435854513188463,17.307934935721082,14.803910923655538,16.979084180445987,17.38453917083942,17.84126311739348,16.756324686364874,14.022915904453999
26,11.500613483654329,16.485947704860457,13.318620616088985,15.88800910846248,13.601585177357249,15.940606392586835,10.268161926156381,6.072894033037342,6.365351072289737,10.719381415165614,12.183369065244984,12.379327630400196,15.58239560411315,16.745404439965434,15.772601764671046,16.35794225198867,14.024584263277326,8.88414851218818,3.3959963263291244,3.47170030156763,7.659577918758936,5.603388820408987,8.747397427718976,11.615464257453448,10.3611465610802,17.295670642497274,-0.0,0.3068795177467304,1.0396857658925005,0.15342109957004252,0.3521458365255059,13.359720911740366,15.760849711262805,17.12905050298841,20.115910549906328,23.076198055866488,15.155183201132811,18.867251979888557,23.99347949392075,17.526204090774197,12.508660102644855,10.075436326608566,13.489173480343995,8.771732306807785,8.601052110740984,15.066358047377964,28.037233114268304,32.87688071838622,32.86559667424573,15.702309692122071,16.272874494883855,30.370719476643746,39.64859925691193,34.43114466312507,36.25398023886863,27.935590429910075,33.8915379692898,36.28095651731494,26.93072840371475,34.32110926671078,29.983630413866017,46.095754748822934,54.13493574873001,23.841711587439487,25.972362127836533,19.09639526811358,22.833470819351483,24.44513518217858,22.367935975917803,17.75006445742247,14.287447310141449
27,11.713919239657047,16.532713689884016,13.496035667464733,16.045676412055194,13.861007131029613,15.90188798575063,10.6638959952027,6.093169650022414,6.495261975124525,10.886936208377088,12.624164626026312,13.032729007534751,15.40162158525098,16.57801852213193,15.462637487408802,16.31474472474662,14.801478620401085,9.074868710510152,3.641199846553455,3.66421947612386,8.002064616438723,5.590491094332171,9.012216211318046,12.180365615661263,10.497650926366271,17.966707959630515,0.3068795177467304,-0.0,1.1203065943539317,0.17694455361402578,0.04827956172878309,13.21820520535534,15.513227813362796,17.43643886666449,19.950661308711304,23.57150770889535,15.505141197184141,18.59644855939206,24.727412483695367,17.901171379211757,13.066223357240641,10.172107096073967,13.978778487562465,8.703010048160143,9.010036014587875,15.521485260365912,28.84787992374099,33.115211401660275,32.39011596728646,15.957515421306725,16.310480222474816,30.851457088165528,40.179940506837504,34.40148825864903,36.05611471100909,27.275252133613744,33.230478269270186,35.53436810505772,26.92039442972961,35.685707990133125,30.347135286388248,46.09757516235349,54.508090077334245,23.91448894589474,25.382669432957194,19.10205005513937,22.780764684856845,24.15788185455661,22.282928476708967,17.956117150995052,14.491333721306932
28,11.960868470458385,17.69253516372839,13.925640061578688,16.876738843736664,14.935481294778086,15.980941169170944,10.637595702356512,5.879543128226094,6.323631454229513,11.034322803904868,12.316905161011059,13.882570285157986,15.874741571793594,17.481799258642088,16.428234427444274,17.04400935138271,15.790160344601022,9.079899774425076,4.031437709688438,4.110021096651589,8.178223523992443,5.594918432480555,9.803585090917514,12.479715553591694,11.486124159093722,18.572109196013376,1.0396857658925005,1.1203065943539317,-0.0,1.1312508080817694,1.1758884706090293,13.746326766157438,16.06207839667776,18.212197773917662,20.908849486745762,23.74175077444223,15.836292914014168,20.206835047753387,23.689868217151215,19.41262662369996,13.156392469333086,10.139473586244188,15.518586551776966,8.590167596680788,8.461246047115916,14.993455422302686,29.92296399663409,35.23830505238288,32.794674565880584,16.19106317659285,17.33888635136671,35.137892262266455,44.38639010828471,36.520096961533326,37.16187907518247,29.357538798636547,34.759195255003405,35.692378942708444,27.51121692670151,40.61737238298259,33.646936540475,50.11554368442214,61.14776925921708,24.61898063290707,27.835043011115925,19.934514620769026,23.238520457065707,25.05843524891288,23.01145664507801,18.192807175084948,14.43969948224514
29,11.250090664930065,15.859013312722004,12.657774155326187,15.846804059989442,13.499549855113084,15.782528912615556,10.557371141248037,5.841497430770314,6.219660675357829,10.31729027068947,12.445202189913799,12.739686273529175,15.415722736852553,16.28465391761021,15.66479509836288,15.891112816435436,14.313646982824075,8.70729277415942,3.525700922579426,3.6855095903132735,7.679804556844477,5.26263308317488,9.031019783298152,11.80484554882532,10.202928458207854,18.77630373743666,0.15342109957004252,0.17694455361402578,1.1312508080817694,-0.0,0.2254040064921407,13.085101855664934,15.106539016940953,17.161067782913893,19.364997848130137,23.788178964927923,15.55366871842893,18.135416262606782,24.05395834711904,17.1058794959066,14.111514643128555,10.072065595738499,14.017616708773721,8.354328964948007,8.65548372112651,14.998100917922708,29.11029657492651,32.557864650367726,32.23581349477812,15.7838386121275,16.092554521034288,30.197684634402933,39.63331290530385,35.020300296534764,36.91773238648657,27.239005655399,32.18874240267407,34.95151923868779,26.507197446128114,35.00064042037572,30.06837060480912,45.72503661013406,53.51586505499263,23.527321076301952,25.20315712845298,18.68548895012754,22.058164851923824,23.823096189636964,21.55936150434619,17.68288787970328,14.133118797152036
