,0,1,2,3,4,5,6,7,8,9,10,11,12,13,14,15,16,17,18,19,20,21,22,23,24,25,26,27,28,29,30,31,32,33,34,35,36,37,38,39,40,41,42,43,44,45,46,47,48,49,50,51,52,53,54,55,56,57,58,59,60,61,62,63,64,65,66,67,68,69,70
0,-0.0,11.202110204074014,11.11677138789278,14.173148756696044,11.981250826709697,11.516042727904468,21.54638105303071,13.032345589925969,12.923007064966171,12.393530803148577,16.031738707461706,16.604807392843906,11.49503960804542,12.717042204713971,13.386220585023628,13.244268492895229,17.314049960511113,15.27610747164871,14.88645820355227,14.22922928991882,14.541106059754195,14.595960187010567,13.914175595010065,13.407674661530647,13.523876046752866,17.80494603339212,14.355581139287628,13.3682690133978,15.121251846480645,14.752222887106674,15.37460820170553,15.494603324742663,12.01673462623432,13.260847366900947,16.405632753939084,32.34765023085699,53.529124823074696,49.82180453849163,47.83450464495597,44.37520888538312,46.38749692539407,18.56803652458384,16.66230247949176,13.949562889708412,22.815139889972006,17.935369909803917,18.26490108300333,17.52510236419299,13.038131793129825,19.15076874782281,18.655706898300906,15.183221691113372,18.012564658582015,15.037140985428312,18.24434239497507,20.307125654079286,17.921466973260447,23.891422444309885,26.702268490486958,16.606724485745175,15.977534286677427,14.13801601294703,16.246835371255187,15.208557965434705,18.80154117049611,18.895659236476497,16.053947991979324,16.26249667231697,19.067077831999836,16.99340466384125,26.858149961893055
1,11.202110204074014,-0.0,3.3367601243101914,2.5736903098548054,5.526327354637284,3.306379520706391,12.093897088601613,3.7238567903823028,5.096065208195425,5.101105335312808,6.908820363426351,5.168930977573664,4.704613976039255,5.364518014725775,6.578732074934677,7.13059143840472,4.845761792815801,7.739572590430939,5.906494384270235,8.941763932770543,7.595219052543479,5.954887840710152,7.260087226812485,5.54828303865215,6.857861824655818,8.803579990102229,6.133591902487156,7.994252685327675,15.11357882220474,5.711737190342623,4.832381526382123,7.210356171826325,5.687740166389977,6.6650022837079925,8.261064423804179,20.72202424302307,40.466347574287944,39.16568483637039,33.75263024073959,35.59803166371878,36.69115766998875,8.432377533971689,3.4590345900656017,5.348659920045086,9.278664667099077,6.3190784080558435,5.692411920799518,6.846832290858543,8.66337964824451,7.087557701250489,5.032163179185759,4.70128877109908,7.366897440712021,5.687412428200172,13.13071603760241,9.818268615837392,6.301851045717065,9.76545539774684,10.653859848044371,6.297968922097085,7.683915394700124,6.702814800505316,9.39787922615278,5.1328917936524565,9.620409072811437,10.03593541906069,8.854074160784256,7.986711130361864,8.173231344737943,10.925294619235858,17.23529017815185
2,11.11677138789278,3.3367601243101914,-0.0,5.502088335930243,7.035642133317653,6.0633266152427785,16.472562459726237,4.422955303600788,6.714296194767021,6.312546487644414,7.704159157508485,5.265871714098484,5.264535728852183,6.439191081743927,8.059666099194436,6.506672770027479,5.765540936377808,6.443662652411263,6.53634194147553,11.962486236941569,8.316917873399104,7.592600859050392,7.983233874151314,7.781480031836436,8.616655596830505,10.353639094298504,7.801889974481979,8.108265809050739,22.184486065619677,9.423237339199169,6.396882383161912,11.531019295201768,8.178000354764318,8.056742478103555,8.027505538248931,25.154231884574177,39.65298416599297,40.261015849805624,39.74189294855059,42.18830443270681,39.741245101292456,13.468859411977396,5.515616053128138,6.242096333701432,12.118248498386365,9.307964814555273,6.529358287223014,8.279407882924597,6.001004037483075,9.941605836114537,6.971281734523967,6.7756433143283585,10.27022854366578,9.23365084045905,19.24582942768257,13.250557250430525,7.598758806349996,13.804905946897707,14.738968496231756,10.282306354489323,11.958368078144273,8.68260719229225,11.70254104357777,8.038629496237377,13.036245342924357,11.673197310094032,12.027577255318256,11.772170721852893,9.648559537837986,13.947771974156858,22.444928999036186
3,14.173148756696044,2.5736903098548054,5.502088335930243,-0.0,5.025757656888372,5.083010506355221,13.540242084843332,4.092671037423877,5.700178798908712,4.090881776644665,8.787379200075069,7.182840415100515,6.304374062989527,4.490266344345609,7.70637186369674,4.466315286465471,6.049955659497345,11.043914676962176,5.40270691893229,4.54117330589091,7.247742472796523,4.265109231755445,6.245728478225451,4.432857398003522,4.950496592050801,8.863035963093443,4.026880713788822,7.68677642812265,14.069643910195643,2.881739918953578,4.878638535990739,6.921412418867122,3.1749281296758056,5.367958598924754,9.59083049619128,21.426082996089864,37.5299635666559,40.69503751999826,33.8829890895881,37.44414986729639,34.65858853552457,7.4695506652382,2.993193516336861,5.125907801219833,8.351854945226508,5.224629519929834,6.272023876200105,5.981721081516795,6.19735658200526,6.5227481859721745,5.224034152280697,5.239543724193991,8.1041563491562,3.628413953248173,10.578467454419188,8.694971449736514,7.473078875478881,8.797891153917698,10.793078748834109,5.696556563384844,5.7093581292885975,6.956873628210341,10.039366078224518,3.9601071766370297,11.259477521124953,8.705548616481252,5.512761776015176,6.750217250670851,7.609730299492799,7.924096992654797,16.91392355830463
4,11.981250826709697,5.526327354637284,7.035642133317653,5.025757656888372,-0.0,6.245646529034684,15.481632925734253,4.490813094894562,7.637386668382394,4.578196681315326,10.979895014818712,8.93529145033606,5.238085777452303,6.589779620628388,9.671198264684577,9.379895545543533,5.21792536387997,9.036931760096238,6.708258667153412,7.408789584453929,9.954805443885219,5.30631864023772,3.287105708149467,8.779485821021074,6.336038331502839,10.531791742509668,5.710390106516579,9.853630230416824,17.1703881667653,7.331981907007329,6.1315551142532785,11.128109675840683,7.423952796654724,7.295756172360002,7.875285570610999,24.67398931240269,40.321795472787976,48.0195492564319,36.27680467832549,41.07308494232736,41.63849592009231,12.946996124384306,5.035045090033861,7.247978201023764,12.98484419577556,5.843691103636872,10.568105568864272,9.699634027734945,12.754362594399163,9.0832556662957,10.140208006489852,7.538637835000774,12.854789296343307,8.095440939076692,17.460917678502437,7.621429782789316,13.35933177807533,14.079935626166247,15.548478748942701,6.317923345345123,9.776244598944897,10.003561251836492,9.098343564850033,6.0505811347312894,21.606417012548704,14.951922251235112,10.404761952048496,11.648121374899885,12.541420860001157,11.519290632417968,22.563434763599172
5,11.516042727904468,3.306379520706391,6.0633266152427785,5.083010506355221,6.245646529034684,-0.0,20.42763115997915,6.01930068915351,5.415609488008906,7.137159996955512,7.876029042992293,7.367195919570791,6.512697084826623,7.822131573177757,6.043203677827386,9.2235237379291,6.977102661567512,9.504582886853157,7.095368228645346,10.744029705573194,9.382502097210619,6.759969144020139,7.2484497637593135,7.377714572609323,6.1180004884735295,9.152019273348225,8.734998411385746,9.8700962332093,14.415597165082488,6.401965163455732,5.096537636443693,9.059446132642172,7.105444276926482,7.808932509141758,9.335471445251377,24.29473312333395,46.269869261490214,41.03446008008043,36.44198322238587,42.07095214751505,38.150265943402225,9.140590673690102,5.003998656496429,6.947776436136367,10.824033820146976,6.790339332928348,7.725434502849198,8.148645309066726,11.385326278259832,8.21628746825439,6.063778597799033,7.667382369212417,9.060908458433557,6.496117069022795,13.401090145490315,10.010977361302631,7.848637960029218,17.362123754370312,13.842569839282065,6.870085954907457,10.003418119196795,5.672627627354177,11.396704794072196,6.370005815133501,11.843362849320883,12.425413871143576,10.649429151626595,9.275042846331957,10.078347212611293,12.941393262360217,19.10406759965263
6,21.54638105303071,12.093897088601613,16.472562459726237,13.540242084843332,15.481632925734253,20.42763115997915,-0.0,15.661595359228055,11.752353066959305,11.408152648246475,13.770974205653593,15.003776421427787,11.865094852150794,21.189524133927904,17.01164969803826,16.42873522640921,20.76380587499354,17.645218986476852,12.666535600032951,11.928218886717888,17.17271963940123,13.064053736473292,22.123587471979203,18.77022549267879,20.593441491241258,13.387660579037606,17.024620924459672,12.151176391036493,14.2592343594357,21.233665196043322,17.773494421065465,16.28455253800676,19.484858694079023,19.98814737618822,17.973132864124516,15.333310456983577,27.767975059106636,32.02366596510558,20.030310020758893,21.185857861535915,28.72140304633957,21.44654803526883,18.723827192966173,20.283623411716434,22.295895744277,18.27666057804742,21.13993720313875,22.405069371256022,21.346855284720668,25.255313860728922,14.965475185639598,14.866431897005096,18.544971783360108,13.416715324980485,21.944351992585304,16.317101467372986,22.771938666779484,21.684745532293565,30.42948062718931,18.363525220513974,13.370862208723636,22.43752961024785,22.27844230607351,14.781198837835651,24.13910829789021,29.431324025950392,23.187068113584775,15.944180673489093,21.648127494562434,25.545154252407624,35.8353150263814
7,13.032345589925969,3.7238567903823028,4.422955303600788,4.092671037423877,4.490813094894562,6.01930068915351,15.661595359228055,-0.0,4.08174598662802,3.151902175122011,5.598287763200018,4.989168426801649,2.665146109506663,4.10758863006891,7.328038399612869,4.586212285997151,4.027638570482801,5.718323093525791,5.768857304194822,5.711111083820502,7.384963596428133,4.818516777282501,5.180294557393513,5.745285385098285,5.457220206002428,7.981206118218109,4.533181469787,8.280232363685036,13.874098763005728,6.364186437914384,5.490638548841581,6.406669610796772,5.132306755080689,5.546776546619758,6.722596310273028,23.523338138697543,34.28827040713186,39.531619932320496,34.82982197132866,36.331259020234924,36.422978838793995,9.151632922172304,3.6986598823161776,4.937187924039232,9.451769061019508,5.661721193566774,7.515215503328326,6.397241562402686,8.160991387020175,6.883016324186866,6.196671891448752,5.6720355098277375,7.968739274897004,5.177543985693241,13.165795948131048,6.639715454224216,10.059719551932334,11.698201955177625,12.12230788268837,5.329498349630435,6.621293162426412,7.864054376438654,7.332664706904999,3.909390558222967,16.034373182642305,10.623226569437525,6.165157324715846,6.630371678469516,7.524471448631149,9.234353687883889,17.302000049927248
8,12.923007064966171,5.096065208195425,6.714296194767021,5.700178798908712,7.637386668382394,5.415609488008906,11.752353066959305,4.08174598662802,-0.0,6.765692588691698,5.329088905689028,4.852241958512698,3.2069748593508445,6.119972314965809,7.818579386226022,6.529130835931591,6.603850002786912,5.547100722322919,5.681394598636889,11.377232182760538,5.514302718028075,6.167616834014944,8.395510146111722,5.495622904087113,6.7592638402119185,6.672157703376411,5.138570845621802,4.801139287088507,11.616942600905249,9.57083554048595,4.136480354195401,5.6882769486143445,5.017834483879009,5.276325459216122,5.705453619678949,17.986904201653804,37.89680672978456,38.42945308110437,34.134152899366185,32.063128669209206,33.20181668096044,7.012283971355394,6.1298543215494865,4.694825770296982,10.713665500197889,7.723866254894314,8.038940718722712,8.547871525061469,8.716980317537844,10.052198225605673,4.245714290840912,6.264118200256497,5.642695421159051,5.844227281745572,9.971801690193985,5.392158331533597,6.752562290848702,13.568233325642272,15.921773497003166,7.732891298598725,7.57431348064049,4.757333085543154,9.824349499099228,6.2698319352092415,12.345763590972593,10.109295185344845,9.441017511527502,7.280322905488858,10.253991049175578,11.871532248854583,19.130408574672085
9,12.393530803148577,5.101105335312808,6.312546487644414,4.090881776644665,4.578196681315326,7.137159996955512,11.408152648246475,3.151902175122011,6.765692588691698,-0.0,7.52060144095444,7.774018371344148,5.303615860487197,5.402868280213373,5.0282944604101685,4.719338334589551,5.526627726251435,8.941208162747504,3.731457943427013,5.720760666818868,5.5342511237289145,3.539624175515184,5.4479143052485375,5.85166690656229,6.577354914169075,7.346890708531264,7.097452699411681,8.422546556109705,19.85457156202469,5.577049274972836,5.538280995142235,9.454531039725344,5.91218332487555,7.03657513807264,8.934606354424007,23.98317131982697,39.595559254738056,43.17787428733773,33.81167717811598,39.40853485487115,42.840907120934325,12.131630788217025,4.869788763022094,7.77149530731506,12.083879092648429,6.138466264100109,9.18024937129025,8.581391441675102,9.379608200523514,10.162132307519576,8.919045405216899,6.448131330936865,11.989442005790915,6.665479022764558,15.55766696740651,8.04893296215741,12.42841967610156,10.750429935417502,13.529619445432765,6.812639836272497,8.399184316056347,11.103729124270883,9.928047992642401,5.5599787999249175,15.451692490340061,12.952694840803314,7.768710714230647,8.747710699704678,8.246468451357396,10.213132405481582,19.407077427136056
10,16.031738707461706,6.908820363426351,7.704159157508485,8.787379200075069,10.979895014818712,7.876029042992293,13.770974205653593,5.598287763200018,5.329088905689028,7.52060144095444,-0.0,8.503539243763136,8.602183422950512,11.970572605641667,6.654453252773055,5.2518745935516575,5.768122925247175,5.031817372203976,6.669223616895531,11.783138501270438,9.268040846200643,7.628318003457614,8.944396705168636,7.975488798256449,7.356712819416334,8.25898330291971,14.744662480496574,12.679449654848966,15.210702326505542,10.132810560769178,4.554686931287916,10.749299671415546,10.716128810889678,12.578100486301858,9.692197103253914,22.404725491110373,33.874064927325385,39.66839383577949,33.050493237444655,37.00351998234423,39.124318465525,12.63055852311569,6.77225351611559,10.820808891377556,13.811192618758076,8.094427754627503,8.129956747718985,7.743587037582697,11.812014783513977,9.078738421714244,8.681473406732566,8.452697346139967,10.79747767376952,10.656621867225118,18.200879577142867,10.407411263151097,8.489620017487006,21.319896454179606,14.970593465361697,9.679989986522939,12.736337956117056,9.208717434764367,9.874383738244125,7.709206453297304,22.590419681953207,12.205485122298008,9.618655249632587,14.285423591417013,11.589250980894695,17.42287787231986,19.15369954732721
11,16.604807392843906,5.168930977573664,5.265871714098484,7.182840415100515,8.93529145033606,7.367195919570791,15.003776421427787,4.989168426801649,4.852241958512698,7.774018371344148,8.503539243763136,-0.0,5.671386067776162,7.088510620229703,11.626380489952222,7.240456955098995,5.373499329335313,4.489259173641633,9.098074123246981,16.944887036758185,11.759852967366621,7.406594235394055,9.296962728038219,9.927684938728277,6.442668119754576,11.340849648560804,5.870777268561521,9.494796563337047,10.676362866501336,12.355598514110756,6.785550307679411,13.689031114572735,10.662110625375952,8.649922667632179,5.680951307855886,20.019555996931324,38.889729700210566,42.88570708779109,39.362480508493086,34.904676614281115,36.49369437265204,15.920286935446203,6.978358403073868,4.214004230873719,10.552956138947522,7.297743871978796,5.478027086218411,5.974998361078587,6.932669330439682,7.82848016630562,4.9031920826883155,7.26842247642089,10.314515099408938,10.524340284329329,23.026641650613065,7.7609509392116935,7.048962850322998,17.10760506628731,17.085833099894526,8.341064279983208,14.175200136481939,6.264845157082211,11.740874211161056,8.594060109838248,20.432064858449706,13.910612721569098,13.861079040090937,12.166763948202753,8.061386512182066,14.529358062415342,27.69276156645549
12,11.49503960804542,4.704613976039255,5.264535728852183,6.304374062989527,5.238085777452303,6.512697084826623,11.865094852150794,2.665146109506663,3.2069748593508445,5.303615860487197,8.602183422950512,5.671386067776162,-0.0,5.623145655009087,9.536483178119267,6.566110417852011,4.974512022993802,5.726582861397515,5.301606125249992,8.362011850696764,8.559912398444494,5.323855867698784,5.000317143910203,7.392789371555378,5.08334784377255,9.504034143608655,3.947598828458663,6.159097017435575,13.304620020668406,9.392031927450732,5.641009533862787,8.619929151078502,6.011506362571703,4.042543396694873,4.10332517011276,23.400346003687154,37.29198398302333,45.03574958417069,35.864514685934765,36.924462546630224,39.31630167296673,9.953173663233155,5.828411321274739,3.5620515049076573,9.530606211075714,5.626514919267927,7.2433950535907226,7.084106189287403,9.588949665434068,7.626356875451618,4.9895828621189615,4.4530755737205405,7.053238322302615,6.227895878331882,15.032808220668175,6.423863873224297,7.98981731308029,14.06757482034038,14.869879510867714,6.173673554462439,7.620917642202746,4.519012830897502,5.707720145232948,4.8441093611176775,14.943435651302194,10.49839176543589,7.9837451805616935,7.966409392768336,8.371108571517109,11.030843841355123,21.803229215727374
13,12.717042204713971,5.364518014725775,6.439191081743927,4.490266344345609,6.589779620628388,7.822131573177757,21.189524133927904,4.10758863006891,6.119972314965809,5.402868280213373,11.970572605641667,7.088510620229703,5.623145655009087,-0.0,12.87227637701913,5.038983937168641,5.670338371361417,10.353725289049562,8.164724135892799,6.27701465283702,9.15097059944094,6.509777147582948,6.666559677500995,6.0010078542984955,7.3507633319695005,10.860624130563771,6.959085249128536,9.548822283043402,16.09203340284767,5.793413741879649,9.595671104812192,7.859011463467784,4.619874874731526,4.512246957700696,11.576708784700187,32.156261730163315,43.890589096559616,48.84775227344326,45.02230823355843,46.48361829859574,42.80379274270213,9.765421248519917,5.022939777913054,4.4112077478106135,9.444491675254824,7.735754204096,6.759883234105086,7.539797999664452,5.5211730314285745,7.427556990525301,6.8318356320393,4.704544933497743,8.28660415143313,5.448668248887554,14.062500266529176,7.1698038017764425,8.177302071840574,9.368789599319566,11.857856672899425,4.781457018201105,5.612677447083888,7.494671225117161,7.6694196864967035,4.767817707419026,10.742350794928386,8.05131547816866,5.874608443159827,6.172251101720545,6.031275255077156,4.74618574441749,19.311306036294855
14,13.386220585023628,6.578732074934677,8.059666099194436,7.70637186369674,9.671198264684577,6.043203677827386,17.01164969803826,7.328038399612869,7.818579386226022,5.0282944604101685,6.654453252773055,11.626380489952222,9.536483178119267,12.87227637701913,-0.0,6.0641261314745405,9.111960813064476,11.074218784616319,7.757470581887334,10.055473883460616,11.818043973745977,7.957936732600373,6.136094224275182,11.129932303503615,7.096913114043553,9.385791607521405,14.697659832277127,15.335526242933327,21.1406334321514,5.68698133270668,4.181921770490836,12.64006963316347,10.27539020600226,10.784578365518074,12.248615691426355,30.740422111273343,44.0824471054768,44.23234695956162,35.559543203059135,44.08947572166205,43.71828422083638,13.295160934820563,6.984305781690358,13.127155035847306,15.867305469455674,6.9124210770997285,11.2974020298093,10.47162039495485,13.988962892119444,11.773091954859085,10.275561625001023,10.187990237864808,15.108300840053412,11.445329489462924,18.78442313444607,12.14428984212221,13.848174017607178,20.505787885525834,17.273188582435704,10.15956766566514,13.167413160461795,11.313494852442568,12.091696373712294,9.156223962870012,18.552382115512035,17.920222587216323,12.972250364218686,13.112926038248125,11.086597417258846,16.542852090529742,24.653165849269413
15,13.244268492895229,7.13059143840472,6.506672770027479,4.466315286465471,9.379895545543533,9.2235237379291,16.42873522640921,4.586212285997151,6.529130835931591,4.719338334589551,5.2518745935516575,7.240456955098995,6.566110417852011,5.038983937168641,6.0641261314745405,-0.0,7.563142412630129,9.220820626343158,6.345537516755348,6.521370174072937,4.348028070435958,5.375425407983386,7.030326693590471,6.9768781067383685,3.597067113860893,7.9670634406830505,5.16875298738045,7.005663077720411,11.312246729139611,4.82718485675816,3.2647254886309245,6.909195267353901,3.171313431309698,7.042166793841983,6.606234510057315,26.2107171259582,36.4951202034085,43.418723235346576,35.515807515795835,39.75761575990904,37.976327810161266,9.763877259817113,5.826001097481353,5.778412239535328,11.627906004537875,9.306298749833422,8.511669127815614,7.905777482932239,6.153611777474018,10.013531882086516,7.062273245376253,10.169178894709669,9.488134367067593,7.09509445004646,11.621622664194657,10.94394728780914,11.787707946016026,14.463711432707441,15.37363008403675,11.979280755237712,11.111348181769767,8.923912821538067,14.062230908420098,8.421553681436093,19.100735615832352,12.041240453208179,6.624761116854522,7.858960321926822,9.588255411565274,8.933166436107099,20.107541890635975
16,17.314049960511113,4.845761792815801,5.765540936377808,6.049955659497345,5.21792536387997,6.977102661567512,20.76380587499354,4.027638570482801,6.603850002786912,5.526627726251435,5.768122925247175,5.373499329335313,4.974512022993802,5.670338371361417,9.111960813064476,7.563142412630129,-0.0,4.716083594445466,6.456759382190797,10.008604601637273,9.03356194434298,5.747390144124552,6.263363460379881,7.742698030766949,6.838490800728932,9.62005062877753,8.175094788491249,9.502142993585275,23.20602923161021,9.045342116251506,6.410581592948394,9.396159033341826,8.03703882790311,7.452016403371355,8.078803747649944,26.160187547807894,33.58441124056826,41.54208179001034,37.748973867199126,44.939548310334715,43.00441007628647,11.254221496369865,5.09303111846691,4.7721084670756815,7.911889930242631,6.431830318782731,4.985915088782621,5.914930081674443,8.388417062398883,5.994871766688509,6.138656309454792,4.132549115385049,8.40428753266052,7.052260813962649,17.861551879968637,6.297088276035206,7.312131175346812,13.332240921665202,10.86601884032563,6.1044772270410315,8.671408882098934,6.719907473535068,6.431120803722253,4.7211832121038055,17.719683340411542,10.510525868775412,8.55199443298893,9.744950008260368,7.823454338342681,12.001284647626166,19.408485960950344
17,15.27610747164871,7.739572590430939,6.443662652411263,11.043914676962176,9.036931760096238,9.504582886853157,17.645218986476852,5.718323093525791,5.547100722322919,8.941208162747504,5.031817372203976,4.489259173641633,5.726582861397515,10.353725289049562,11.074218784616319,9.220820626343158,4.716083594445466,-0.0,8.590956921762041,17.121826196056976,11.440701623778908,8.917966751933704,8.975146933079216,11.039043214150094,8.14696798344603,10.311801247263526,11.470497543189008,10.864198799449403,16.724305930775085,14.944306189588076,7.542234601269584,14.102986918831308,12.760879956433083,10.803884871863506,7.163196973305498,19.24593602153855,40.564249020580355,40.88487466903677,38.73194919477359,39.28085441547192,42.509900506899264,16.11711350021818,9.150871973459749,6.489468070573425,12.196078688439279,8.039349873773237,5.595862188547229,7.207841801877335,11.13294383789433,8.961966024292156,6.996854849888372,7.230184104328882,10.892842094088387,11.242803311404712,23.171028974669554,7.4113509731714,8.981125908999486,23.478888965512603,17.518291093203185,9.198951472543245,14.848539646669941,6.569778229797771,9.799107335837126,8.487283825574599,24.07343592275806,14.436483457865519,13.76618989929293,13.998662222630848,10.309581607798817,18.192154964698776,24.81344514327563
18,14.88645820355227,5.906494384270235,6.53634194147553,5.40270691893229,6.708258667153412,7.095368228645346,12.666535600032951,5.768857304194822,5.681394598636889,3.731457943427013,6.669223616895531,9.098074123246981,5.301606125249992,8.164724135892799,7.757470581887334,6.345537516755348,6.456759382190797,8.590956921762041,-0.0,4.509280269726229,4.916805183390345,3.095799165800377,5.78019056506806,5.689485646875596,6.313965444364184,7.00110049717408,8.207481320831961,5.789259203393339,22.578148693468982,6.194517156877191,4.020453932503386,5.509222879875088,5.345845523640779,6.418859763692091,6.953074894455445,18.251843811166957,30.90554293487775,39.71241013307103,27.59515587724864,38.35731012334584,42.289609850920286,6.575917293666942,8.018439632006855,6.901708350121677,10.184616384223427,5.884169586608862,7.279842937381976,11.554597169141953,11.333110249474615,11.934500437814668,6.570996230490642,4.6479949386814114,8.133214720682119,4.752604554907187,9.037205687803388,10.328908665223102,11.14772953986465,9.25325692050931,11.019068484858623,9.081847017138756,5.4492367722955795,7.723184182258017,13.187554374423467,4.652346597019614,15.701703341987212,11.161107139330737,6.571646686449872,10.09251773333964,10.323868489734505,15.030403996441997,15.495788488428836
19,14.22922928991882,8.941763932770543,11.962486236941569,4.54117330589091,7.408789584453929,10.744029705573194,11.928218886717888,5.711111083820502,11.377232182760538,5.720760666818868,11.783138501270438,16.944887036758185,8.362011850696764,6.27701465283702,10.055473883460616,6.521370174072937,10.008604601637273,17.121826196056976,4.509280269726229,-0.0,4.8872467295798705,5.397609947064479,8.432777428310452,7.38531064472766,10.83065210907931,8.204914072155676,7.790933253806498,12.15214351216808,19.84220633686514,4.479453710816789,8.027437651124194,9.130024538189739,3.3798728404072778,5.922918887964654,14.350618260930805,25.66343796549891,35.460353812989325,43.433843994568626,31.147720277277894,38.969782734660875,41.85693550876196,10.43499553720804,7.910811661908671,11.683406551174139,17.146240114382948,7.976271267003965,15.825255490504933,17.36017644638006,15.610631461923482,14.877566639928855,12.979409119640225,9.526955387273158,14.988395503615692,5.449775809654159,6.049183408346852,11.784211042589874,16.777358199547884,12.12471460104494,16.008499328149924,8.69835024818864,4.34775316283766,14.140844223961487,14.980098920523798,4.684212812741109,16.094357405853764,14.170238245463002,6.067889685417911,8.29609235944511,13.908910173500484,11.589574711681434,16.14592173709213
20,14.541106059754195,7.595219052543479,8.316917873399104,7.247742472796523,9.954805443885219,9.382502097210619,17.17271963940123,7.384963596428133,5.514302718028075,5.5342511237289145,9.268040846200643,11.759852967366621,8.559912398444494,9.15097059944094,11.818043973745977,4.348028070435958,9.03356194434298,11.440701623778908,4.916805183390345,4.8872467295798705,-0.0,3.694859346038084,9.31239701821594,4.202249125877162,9.69412154882153,7.614662727826081,11.190170891945575,7.921794524694472,17.253223391692284,7.579422484374889,7.831647308081778,4.356808224673585,6.309221575657947,9.635342533354043,11.91198009323379,28.13116282718259,36.251562641108215,42.597636584203826,37.61298450045473,42.754556698156456,45.44474779634923,6.675050876106538,10.330832323138255,8.315944324132149,11.178862582993037,9.178891291089315,7.475640022435517,16.168643972339147,11.933798495013024,15.840689047247881,7.774505837706168,5.8153985431853705,8.638083484301516,6.890380366010183,8.53232864513381,13.348574238208421,11.42459142529546,10.588567339030035,12.925998055644376,11.976141410650754,7.8704994104650385,9.27789256792765,17.110097550871178,6.095607831764469,20.03379616520951,8.999147246885384,5.525188616725357,11.855030893936945,12.402562169019346,16.67722188963532,12.324190205230355
21,14.595960187010567,5.954887840710152,7.592600859050392,4.265109231755445,5.30631864023772,6.759969144020139,13.064053736473292,4.818516777282501,6.167616834014944,3.539624175515184,7.628318003457614,7.406594235394055,5.323855867698784,6.509777147582948,7.957936732600373,5.375425407983386,5.747390144124552,8.917966751933704,3.095799165800377,5.397609947064479,3.694859346038084,-0.0,5.730194029134361,4.176310115943669,5.0795746065713265,7.607540303509413,6.275187351553786,5.021980428134056,17.395892033685247,4.839479002752669,4.158854429585766,5.411606460021467,4.395177023538642,7.088549580294006,7.765062661478256,21.302424263318475,38.05580808335823,47.30978489085612,33.03823371657285,40.011124129527445,46.844549186311504,6.417808559752892,6.997838455706849,5.090636819587839,7.988726922276149,4.839510728329325,5.6361380128933245,10.406297753739691,8.805545732283552,10.494806314910594,5.820176001033697,4.2120604570334175,6.731277290452468,3.8393600233351,9.551288874511815,8.331466678113282,8.509053008141668,7.054903692631833,10.308368950131749,7.849388943260532,5.307658121076989,6.470175929295024,12.100244320991292,4.11082684944696,22.022652488600333,9.271002178403217,6.147853240014537,9.197015337446048,8.901895320041934,12.180100213269395,15.846068924918926
22,13.914175595010065,7.260087226812485,7.983233874151314,6.245728478225451,3.287105708149467,7.2484497637593135,22.123587471979203,5.180294557393513,8.395510146111722,5.4479143052485375,8.944396705168636,9.296962728038219,5.000317143910203,6.666559677500995,6.136094224275182,7.030326693590471,6.263363460379881,8.975146933079216,5.78019056506806,8.432777428310452,9.31239701821594,5.730194029134361,-0.0,8.948526696718213,5.313583410594806,9.476266391866726,7.028245217192386,10.155560983854759,27.38501498127098,6.790249474852475,4.606555401978066,12.705440756082774,7.250557145250342,5.307764347651551,6.758860983013725,25.189713882485957,38.21326898716915,44.78730792681322,33.79114607229568,45.846222588120916,43.454368713878,14.088646929040614,5.52770846367085,7.957669782643338,13.276393198894253,5.534571779631681,10.465153784252273,8.683102289688629,10.883013603320673,9.848027622950257,10.02284957085118,8.739669407376885,13.473645468757377,8.806936178160102,18.71318605284054,9.249693292846,13.94208497100363,13.733363521930293,15.7134156758855,6.6414513193339975,10.633996761841939,10.23540999999458,8.706745580563918,6.71451032073792,22.467481223264674,15.264106612458843,10.19390194375291,11.271308050963718,9.687871909149377,11.54095612744824,23.15844369881866
23,13.407674661530647,5.54828303865215,7.781480031836436,4.432857398003522,8.779485821021074,7.377714572609323,18.77022549267879,5.745285385098285,5.495622904087113,5.85166690656229,7.975488798256449,9.927684938728277,7.392789371555378,6.0010078542984955,11.129932303503615,6.9768781067383685,7.742698030766949,11.039043214150094,5.689485646875596,7.38531064472766,4.202249125877162,4.176310115943669,8.948526696718213,-0.0,8.511061963944815,7.531404033782416,9.12040803184501,6.972386876595347,19.764176053072752,5.5551686193204555,8.024407820072026,4.872705786243957,5.390258360654139,6.716989418866442,12.25909258062069,19.37261283643091,37.04724018374418,39.15345166595934,34.51877021967826,39.16554040935173,40.27909884756225,6.419250101580652,7.158083071643079,5.657153787363878,8.199706428529435,7.214576858458861,6.357571679931589,11.842180660388818,10.632906930558248,10.214486036184235,6.192486864383364,4.28048289734566,6.0333816351928835,4.74893615958265,8.638982037941364,9.734649782127937,6.143891826203006,7.139382733795147,9.120721332662107,7.671087253861015,6.088785898048346,6.563077964953742,13.46451662666314,4.065440258793326,15.89977770235202,5.982294343573522,5.207427103826981,9.41015127168055,8.805628348120221,13.063165043270917,10.25162982144133
24,13.523876046752866,6.857861824655818,8.616655596830505,4.950496592050801,6.336038331502839,6.1180004884735295,20.593441491241258,5.457220206002428,6.7592638402119185,6.577354914169075,7.356712819416334,6.442668119754576,5.08334784377255,7.3507633319695005,7.096913114043553,3.597067113860893,6.838490800728932,8.14696798344603,6.313965444364184,10.83065210907931,9.69412154882153,5.0795746065713265,5.313583410594806,8.511061963944815,-0.0,8.015812344761217,4.498656445379802,8.172948635361903,11.550311581014723,4.905457229226276,3.338232951454545,11.582896228002152,6.584291403895941,6.419624308160902,5.7001671420991835,25.091828996350586,43.40189127216691,48.392001649614144,37.34331560029281,41.565305832750475,39.8078218761817,12.327175060231598,6.001616574949386,4.839036982364045,9.680235826945422,4.849096087728025,6.414872922472248,4.966103151536767,5.248603188935484,6.9449958972549455,6.304105563081544,8.648044274945953,9.622339827384776,7.631802103555479,17.66286133231357,9.663995426571994,8.510664911920841,13.347286146382734,15.603833438330245,7.312097153255395,11.615583707021631,4.709856238946777,10.743971868600926,6.910915112350382,25.04458558501697,13.374085051998417,10.187577955759581,9.48491724721756,7.748439936100042,10.370119346942307,24.280838211230304
25,17.80494603339212,8.803579990102229,10.353639094298504,8.863035963093443,10.531791742509668,9.152019273348225,13.387660579037606,7.981206118218109,6.672157703376411,7.346890708531264,8.25898330291971,11.340849648560804,9.504034143608655,10.860624130563771,9.385791607521405,7.9670634406830505,9.62005062877753,10.311801247263526,7.00110049717408,8.204914072155676,7.614662727826081,7.607540303509413,9.476266391866726,7.531404033782416,8.015812344761217,-0.0,13.07607500925684,10.24746017412634,15.604765518139635,8.020378632408653,5.987798318391314,7.899945990721226,7.776991500330644,11.149162609972382,11.142133310709497,19.111049587833318,36.541163771474736,41.154428971261694,30.305651131570606,36.24768638193128,43.55464415981054,7.14109763013423,9.649994606923293,9.516972698744956,12.193766182202385,8.108746871915118,8.863027859789424,13.762767702088086,14.264427510434576,13.28402242248067,8.784984062071318,10.036616444529642,9.301751896862628,9.384474758129322,9.153345621607802,12.748055450342818,10.365875770974949,18.52880157266489,14.18914673139975,10.084630691107101,9.669761628594959,9.42394029949609,15.471505006370156,8.78639994446201,20.958522313393054,12.763363521169484,10.022676825211374,13.361105251185727,13.316349449701843,17.21273236604604,14.577622213420796
26,14.355581139287628,6.133591902487156,7.801889974481979,4.026880713788822,5.710390106516579,8.734998411385746,17.024620924459672,4.533181469787,5.138570845621802,7.097452699411681,14.744662480496574,5.870777268561521,3.947598828458663,6.959085249128536,14.697659832277127,5.16875298738045,8.175094788491249,11.470497543189008,8.207481320831961,7.790933253806498,11.190170891945575,6.275187351553786,7.028245217192386,9.12040803184501,4.498656445379802,13.07607500925684,-0.0,6.664513460974157,13.190614737645049,7.963999178233058,8.615874097219653,5.515674015667008,4.343385705938822,5.064574720596713,5.492709196825586,23.319380771565317,42.453493804648254,48.10881632360081,39.639384328587546,38.57100011716549,36.617692743521495,7.240893538036887,7.407920836463197,4.161806571808466,6.6893468379285315,5.891461459666815,6.7508701513478115,7.402119710602811,7.3923358963207555,6.710395796028548,4.48839197675574,6.906534405897882,5.936988706530372,4.752153240716476,8.748866294592249,7.301321076020031,9.259351679132603,10.349452454411674,12.726325995065466,6.704314181160234,7.437483838374658,5.261720077643271,9.797232031595199,5.822397656527946,19.4543130050189,12.36205755876145,9.342039464955631,5.851487537226748,7.290874806330015,11.748261303010768,25.026540715107153
27,13.3682690133978,7.994252685327675,8.108265809050739,7.68677642812265,9.853630230416824,9.8700962332093,12.151176391036493,8.280232363685036,4.801139287088507,8.422546556109705,12.679449654848966,9.494796563337047,6.159097017435575,9.548822283043402,15.335526242933327,7.005663077720411,9.502142993585275,10.864198799449403,5.789259203393339,12.15214351216808,7.921794524694472,5.021980428134056,10.155560983854759,6.972386876595347,8.172948635361903,10.24746017412634,6.664513460974157,-0.0,15.531519143848572,11.602159782137127,8.15588604695599,5.346081848591016,5.916696148166513,7.001759529051785,6.282143713021045,15.3041978553596,37.96522810754081,45.66982697681327,38.06345869921189,33.95146327022827,39.09691600427348,6.91021425611405,11.483497300678486,5.489180933215412,10.285703457165484,8.591781103458505,6.730396694729353,13.777555067448109,10.635761257750305,14.58583888764929,6.08389344946528,4.840795927662374,5.318179531097482,5.561117849869189,8.864829029220488,11.712104984096745,9.277744815263173,11.22740900246566,14.616582053362617,11.985815967551552,7.520505782342091,5.602611521842234,16.937746381710625,6.551174717425793,19.313425787974477,9.852945354660362,9.233497424589725,12.022866163285185,13.343647611337072,17.915867429999512,21.1556982430796
28,15.121251846480645,15.11357882220474,22.184486065619677,14.069643910195643,17.1703881667653,14.415597165082488,14.2592343594357,13.874098763005728,11.616942600905249,19.85457156202469,15.210702326505542,10.676362866501336,13.304620020668406,16.09203340284767,21.1406334321514,11.312246729139611,23.20602923161021,16.724305930775085,22.578148693468982,19.84220633686514,17.253223391692284,17.395892033685247,27.38501498127098,19.764176053072752,11.550311581014723,15.604765518139635,13.190614737645049,15.531519143848572,-0.0,18.172384172884485,13.873316105353304,16.629653904803664,14.006023490037327,16.839122448469734,14.124216489356272,25.33719741919405,43.05488630020531,47.19271130612074,39.685973814284345,32.96644520764882,37.46844477433875,21.76370641037654,19.992626054192154,17.798256107456815,26.085835867810193,19.986286876978088,23.70754125590842,22.22590063309414,17.49789297074972,25.22614021173957,12.31018397766466,22.704340124715046,13.99937556072515,14.547834721748325,18.716822899162885,11.605987033102062,21.43276038948699,34.56383083494667,39.272087930998744,20.618221494648264,17.769052894479973,11.786150069191807,24.668346075716062,18.714556812147514,26.90459517984313,31.435806001329603,21.024179300134527,15.646873342447831,27.59857958340362,18.403211865314873,43.43106871072419
29,14.752222887106674,5.711737190342623,9.423237339199169,2.881739918953578,7.331981907007329,6.401965163455732,21.233665196043322,6.364186437914384,9.57083554048595,5.577049274972836,10.132810560769178,12.355598514110756,9.392031927450732,5.793413741879649,5.68698133270668,4.82718485675816,9.045342116251506,14.944306189588076,6.194517156877191,4.479453710816789,7.579422484374889,4.839479002752669,6.790249474852475,5.5551686193204555,4.905457229226276,8.020378632408653,7.963999178233058,11.602159782137127,18.172384172884485,-0.0,5.161042434385992,10.943573869216406,3.726454020255759,5.46250484927672,13.090241032185745,26.99579014239095,39.06235064510406,43.32247051628337,32.13562695416728,45.006406700017635,38.580758770881346,10.845352765944922,3.374873411181486,9.146109704202187,11.399060030493732,5.084758277782411,10.495035985124279,7.6453346891511,8.595229318834889,8.282053209781772,8.963177885696549,8.97288707101294,12.815497849449791,4.9726381517051665,12.068742934162744,11.704012724128036,11.37814774407076,10.303684074625163,11.273466948438685,6.771587693930226,7.680812900045355,10.563492910905909,13.543697941766967,5.436456354671577,15.259139970380629,11.236118311125438,5.163033944196416,8.463342629638628,8.1227249750657,9.091250525155681,15.248631993657916
