,0,1,2,3,4,5,6,7,8,9,10,11,12,13,14,15,16,17,18,19,20,21,22,23,24,25,26,27,28,29,30,31,32,33,34,35,36,37,38,39,40,41,42,43,44,45,46,47,48,49,50,51,52,53,54,55,56,57,58,59,60,61,62,63,64,65,66,67,68,69,70
0,-0.0,8.835654280639664,11.752481391462748,11.419679918388542,8.293195122329546,10.057302315421268,7.338959953735768,8.592753089914362,12.612519071972006,5.931533977739444,6.807238296415196,8.870275192381815,14.86883461368893,15.816238765639413,16.572486178424004,18.0604064021655,12.799558770063582,9.044805394804818,11.293246758359505,13.669547180571524,11.980719100641114,12.824304301621005,9.985216872487632,17.5229751366031,16.457545429680444,16.021890632489402,12.73090454035824,10.295715493184746,15.538909339753827,14.547861633198375,22.459639779168608,11.319607560829972,11.288535028501578,11.544138420129455,13.29416681707698,10.187835518180556,9.8658514975319,10.391923878900704,10.65885370443669,25.467864312863103,35.47947251646631,41.06346781210546,22.04759336370552,29.251489198370905,32.943935486791624,26.23618421718988,33.0589755986103,33.07391755824559,31.80872522063382,19.795977704501205,30.007659320433767,29.509139840999485,21.703971209857038,12.504779785679782,38.45314462426885,27.124045216604333,38.7295947508761,24.694547402321398,33.25287622317646,14.367284772005558,34.81679250560717,12.253739986235182,12.68829977500027,14.512490060760307,39.730810636497594,25.31622077305816,26.63567778793504,29.505550999387893,30.516137718125773,17.211821367972625,13.364950016158268
1,8.835654280639664,-0.0,6.549564167528322,2.315184681319701,4.371709649804873,3.1014059047656986,4.594739680823484,7.890512214666202,8.64625411139105,8.414711556176739,7.9896345067291366,7.560918643816254,10.922688809644793,9.484319404349835,9.827227961512586,11.308502064294233,6.999703624550176,5.455654014662402,8.490981059909412,9.590378105871265,8.88477544555295,8.571457889363177,7.9948510973246885,7.646647471923778,14.745213398574142,10.739406813461903,8.339102771815861,10.432356906625042,10.50140156173291,12.024107663100608,13.273914995240299,9.910239874689966,9.387799826061702,13.122251984581526,6.347501780813509,6.204155514535714,5.588478416707923,6.884840173225227,9.481029753043208,24.65632932537191,41.893984269455856,36.45400282100061,15.63971060716316,36.402022538704934,32.54291924038618,30.352108355584857,23.59002100959039,25.157805756806287,28.19344053381015,11.825701826963702,30.214756069434486,37.235167700611335,17.058642834451252,5.833175588449119,31.01112215149731,22.470758681539834,31.970728014887325,21.73094065730763,23.15975569164134,9.081787272933509,23.359869578713546,4.218770074051659,8.344703063152638,8.15145075772703,33.913381842260634,22.141236090716777,26.545139369951624,24.245803485128665,22.321066112672685,16.90713612979995,16.696065745645935
2,11.752481391462748,6.549564167528322,-0.0,7.892169918321534,7.737637074442511,4.773153948445715,7.647278850629155,11.569096959120284,11.99563188697353,10.640272502783906,11.152350016632504,9.317501329946703,13.521176427824445,8.460238612260472,13.835862357716541,9.731195423554247,7.226942962079603,6.495852565931108,12.928180713364192,16.297836987928086,15.793028555508656,11.920006518039134,11.298795556317806,10.806380675941927,8.906109079585015,13.375058808048616,12.930413205512579,16.978418321717292,16.831356879766023,17.1703227228522,23.38558613591578,13.832179640154898,8.901752496716162,11.212259783232355,8.471621619134423,7.400015339239486,8.982460750745823,13.764597141494662,7.383673181167195,25.3846378664995,37.32117860948689,38.84267705311872,19.625744080398334,37.04478339986805,37.818823025709726,30.584842402663703,26.110918561066253,28.099885921271824,19.71170890619252,15.983552680767781,32.817836460547944,31.89143956899314,24.372369308484032,8.624159637076422,31.45092296538448,26.293534857564573,33.203695287917384,17.536493590852213,25.608355585883935,13.361788242907263,26.128664621146317,8.9330196922108,10.902386335245764,11.418060325684062,31.54049467412781,19.821676284267387,24.12930252058671,26.10293112713085,25.4807285941306,18.185505941430335,22.815376995845753
3,11.419679918388542,2.315184681319701,7.892169918321534,-0.0,4.6130509321105,4.12129569574545,7.306132561486563,10.22170646338504,7.8047626237898,8.813113143172307,9.854989717207223,7.993728930508836,8.951298100093359,12.097655158172431,12.353617357754231,15.560271707663016,5.368195315966299,5.318799963041782,11.569682775265367,9.66077474942951,11.31260912120383,9.169840217936075,9.623577687195306,5.165239274373675,13.019057418651164,12.299164881899571,9.956516684704196,13.50552896889648,11.607713041018869,14.517996924197684,14.5360878254837,13.166255242931877,11.392398880377307,14.22112718617404,8.380222046089612,6.901892254322396,5.734552993576778,6.731104206855656,10.10961945790684,25.58087032015818,39.07002357104698,35.1776316381234,19.731227022228786,29.11132838835024,32.29111784868761,28.104219625949614,26.5563581759846,23.980612543857447,28.2905221050778,16.58285912228029,27.89170139818535,27.98932282767409,17.403672883150932,8.705297662175962,34.107845323431434,22.34432242865326,35.17868889231128,22.134311751417528,26.742333857953373,9.952007534573672,28.077395537406243,5.583684307366241,8.348442884718322,8.205038161969426,34.667774640908654,24.589661427559534,24.753893380571878,26.35664390162718,26.391640443273012,19.28653491067135,21.320243703187685
4,8.293195122329546,4.371709649804873,7.737637074442511,4.6130509321105,-0.0,5.297763605778477,5.766159383663812,7.590175786156304,7.0115043272989,5.873352714940464,7.430103731860647,4.748380007722399,10.061122523070061,11.509917876227728,9.73116555182679,14.582383474513696,5.60768724460983,4.8682041125788045,10.478047214964338,10.620590492649448,9.490640952381582,7.495540298486659,7.153778168468254,7.594827126896405,14.10590007063447,10.363146573058822,11.127429254881852,11.524696652102001,15.257649844638726,15.587294269386295,19.000141905511395,9.359406183669577,6.184455857726803,10.537226686551625,5.976049058771972,8.08651620510925,7.092996022758654,8.026905783725859,8.974879755042444,29.518117375131187,36.75107871552077,43.32141291357829,19.132622405875942,36.97731253257191,33.227316809342334,33.77425417089248,26.119918680061755,27.764735032994892,19.67238384654693,15.90687283574792,29.56133487948187,40.542671498105776,18.505696548460705,10.47877282588667,27.219145628454324,21.966586911726576,28.256820134642396,18.59263817616738,25.10973273125694,11.33154642956998,25.96115953318866,7.9120540228523755,11.496509308193824,13.983668734692161,32.5544983042518,23.15224109841794,26.86613444139582,24.784661981890682,24.186446404582377,22.510046819135532,17.14623075521626
5,10.057302315421268,3.1014059047656986,4.773153948445715,4.12129569574545,5.297763605778477,-0.0,6.36039654350743,10.310661334845044,10.512700645809899,8.914801403797096,9.539941118519623,8.813040957375032,14.142386738550226,7.870001453184216,8.186710491952786,10.12052164309622,7.543503964107365,4.541432495483258,10.531869816595533,12.235611238124404,10.964127479532369,11.44395307547156,9.16763566385094,9.769814109831795,10.899962535954742,12.304549339442453,12.405008271941705,12.974873002135325,13.33138137455195,14.034067633040898,19.714779985376857,10.462669682376294,8.827143766709897,12.276729560493482,7.7875553078719,5.8437095504460626,6.237279039174825,8.476177577689173,8.9670463008887,23.287523851987086,34.080452106926344,35.7408465695757,21.89810285186236,42.12274503360689,39.0045470646259,35.988421358078064,22.415406856560722,20.671697680666554,27.285600621064663,14.011735911949353,34.98108750641273,43.388564678960066,18.589022005766203,7.915893697941915,25.88674156240575,25.80193659519465,26.224885885845293,24.601147032149132,21.35348040989495,11.032757992646582,23.17621917989399,8.653496513991206,8.930355857585788,10.104243340955962,28.850771569342392,21.774765399346432,22.967991902620096,25.3322390158784,23.235450563843266,16.651943950546396,18.30461597058043
6,7.338959953735768,4.594739680823484,7.647278850629155,7.306132561486563,5.766159383663812,6.36039654350743,-0.0,5.435282248405784,9.428859206623606,8.589475541341322,7.1788664583380655,8.978251719258141,15.628443053059382,11.939881309901521,14.246023623336201,13.490164965890544,10.162581045039175,7.67252724839187,11.098240264166492,12.57452066945925,11.132043558377717,8.053228771862258,8.425626664973924,13.103429517963981,12.829849763229799,11.202270660620282,9.101086256584297,10.623082742900714,15.456773052700674,13.868184917893899,16.315058507810946,10.12002619924028,9.693575938893296,10.61235609979268,9.461141259775502,6.907907896979987,9.005198499566864,8.458098572220505,10.313788677146626,27.070740215645426,38.20174062361937,41.524167938300984,14.421152062134853,44.66674518356385,41.391796430640305,41.90540093775435,21.330418304753543,29.553294686638765,23.071615533859582,16.666060542934936,39.127880343196104,45.91035901475575,31.12703724176821,11.22640755960586,24.095318441688036,33.597275131019195,24.042407531298302,19.210297968551544,19.127140283467767,11.30258278133437,18.44419237730294,7.817403838423172,12.200883863940799,12.159081585981918,25.786492576203973,20.568241569077507,26.72129358042664,25.708166751253543,27.429093416198413,14.348920040305547,16.28157942893032
7,8.592753089914362,7.890512214666202,11.569096959120284,10.22170646338504,7.590175786156304,10.310661334845044,5.435282248405784,-0.0,5.089867153820086,6.833652899851276,5.5316411532715115,7.66922776855364,15.418623511156099,17.079529415907004,19.09678286828193,17.43881311697444,12.02196791713415,11.120002726965007,9.338110788467896,9.220265587332788,6.5832490199544225,5.467592073902464,6.134111517986609,14.86516284240116,14.682679746077488,11.391682124798045,8.533749533851019,8.794468607853931,12.65089805086385,13.619282356534251,16.083396835223102,12.599233472079154,12.419500448651013,10.86447843879963,12.77748853030067,10.849875191308456,8.506834422265323,11.705896378025736,12.47039776754991,29.999328176278322,36.07404466629713,44.1526905600889,10.440794322556084,45.02176636399417,42.175741066286896,44.199458156759896,32.99069649072182,35.755047206814815,28.594070767544444,16.490279837614043,40.6181729048979,45.603565066695275,34.20127479042726,11.973144463678965,27.748525110285616,41.191905003897055,28.79096112746867,26.734119694945388,30.80690324133503,10.4275758264094,30.285003808403573,8.840648191769242,15.924236373530274,14.764414485388013,29.629909902254475,24.874686006050617,29.75711154784208,24.59450710964093,29.574538397579865,20.74401419844175,19.386109230651844
8,12.612519071972006,8.64625411139105,11.99563188697353,7.8047626237898,7.0115043272989,10.512700645809899,9.428859206623606,5.089867153820086,-0.0,6.976285604423193,6.348017924052754,12.235107380444955,17.74830680429255,17.94269283209612,19.727924903077046,17.130111277310302,10.300063280584423,12.007210553884061,6.736435173027291,7.400333830612986,5.160065188668842,3.455163799540605,11.379378694102183,13.534785904131159,18.676418979716278,15.134403679039014,9.377698184831461,6.829104343077409,10.383077955040775,11.546867618275032,14.007291679032033,18.75251042097329,14.221102368409003,17.385227576937528,15.902411826711628,9.995200943991597,8.926500279440754,10.619965456727906,11.056977135076117,28.94963332776233,42.3589374810534,42.75955999794773,16.706104829183097,35.16222128648103,31.76261387661239,31.080996847726936,28.6465302335732,31.43634877347237,30.689274200725244,17.200194148282446,29.0861292741711,38.443482227932726,24.093595492865756,11.751434343074603,34.03475296699523,23.53374254781798,36.20629841033406,22.983065349615966,27.991588926628708,12.429650321876238,27.316650334364738,11.75385807091363,17.665394414201064,15.387347662255543,36.58197697635345,28.15565339811944,28.15871186979593,28.665594825947068,32.75984281310849,24.33075658889454,27.91752225743707
9,5.931533977739444,8.414711556176739,10.640272502783906,8.813113143172307,5.873352714940464,8.914801403797096,8.589475541341322,6.833652899851276,6.976285604423193,-0.0,5.0746779889979035,4.880265513930829,12.726004014194633,14.080829402141005,12.498182997561813,12.73457026730714,9.036353721534198,8.082426636721735,11.504500774735511,11.213091554154044,9.823656093834574,8.499747418360254,7.133785350239794,13.153688653877083,17.653200438405392,16.04611337947606,11.090134335252836,9.026117587567411,13.689134595328797,15.958368358931692,17.16563562833794,6.414197993738918,7.329672481364962,13.997066867621145,9.824925585390682,12.480668226797375,10.798254336252729,12.120777820628419,11.392162236926247,27.624508909117747,39.81355397137115,37.364546647669606,19.13568197960484,47.82403964272937,45.767897609358634,41.473808640439564,26.987537609762875,26.07184970863323,36.622953937711166,15.938544058722476,42.639934164085986,42.237235187398596,29.74483671128945,11.69414981864304,35.07182984029191,38.19137527577738,35.129762015176944,31.29922928263138,27.8087135192059,13.546134769057485,26.548641258306528,12.162427074124684,12.668888502933,17.208384690194933,37.802540331673406,24.139391698297175,27.005803680457344,25.18404552661726,26.884548029981204,24.60733885890785,18.06887500592615
10,6.807238296415196,7.9896345067291366,11.152350016632504,9.854989717207223,7.430103731860647,9.539941118519623,7.1788664583380655,5.5316411532715115,6.348017924052754,5.0746779889979035,-0.0,8.13390829837357,14.986034886808875,15.610010486028791,12.10443252479041,15.815958614229652,11.21085661910898,11.358479842421039,9.033018554276492,10.347540897103906,5.2912287323861,7.630039360727676,4.993675252023951,14.18481615701115,16.009546172447852,9.247714261207523,9.558906240175261,7.889512022766259,12.284547520169374,13.354766343232436,16.10888580877763,9.896384844250015,10.565404775965227,10.778064507073486,12.561066126500876,12.07833733812944,10.185366332418356,10.14002224115152,13.39798285554084,24.408824447264642,41.046416662549895,41.771727212571605,19.69605072048219,39.29881532373052,34.5122744240929,37.67858806418191,36.79131150339747,31.56043581900061,34.84026854378405,11.280957756838193,33.20645707347041,40.9128557469399,25.389988604700328,8.783460424663316,34.01764755183188,35.77400055574787,35.346530941733334,30.321935003497746,35.07280415244783,11.880419659482612,34.4599287406199,9.845457844651925,13.706022416731175,13.896333341293419,36.997867079500814,25.23737317005887,29.570682794304222,22.70933189950533,23.108470304566215,20.73870590904609,18.82413565769646
11,8.870275192381815,7.560918643816254,9.317501329946703,7.993728930508836,4.748380007722399,8.813040957375032,8.978251719258141,7.66922776855364,12.235107380444955,4.880265513930829,8.13390829837357,-0.0,5.797043074399943,9.453001071876919,9.977175934444821,11.437125583179897,8.65272981921671,5.450534700304316,16.786658758123064,12.689307485406209,12.347278854223632,13.843557399475905,7.971618440605175,8.545480085299314,13.965501972430522,9.081588487876962,11.241150084756331,16.60997352918302,16.007905937907736,19.803496245005032,21.804371811412743,8.879679728550181,3.7572861725808346,9.811548757708403,4.6927024867758655,10.7268313813547,10.111550940730197,10.896082555538543,10.384722603458155,26.484481661258148,35.24459580032314,46.63963624276963,19.867426182308566,44.68122430513974,40.18558017768174,42.48671853374803,23.565853416376612,36.68721966279874,24.20008798290589,17.578335284223677,37.48379079532936,48.701643371613294,30.490315408972346,11.830849202449825,29.538968217672736,33.62791800500323,27.584711452182518,21.711562091782636,23.72971231990216,17.105178959539536,25.35037397982051,8.481212171965076,15.060672741070785,15.815364821144057,31.761420070726253,19.14615512762575,22.719098830402764,21.42384697990118,22.5651475982336,21.602370160815507,14.60472656571049
12,14.86883461368893,10.922688809644793,13.521176427824445,8.951298100093359,10.061122523070061,14.142386738550226,15.628443053059382,15.418623511156099,17.74830680429255,12.726004014194633,14.986034886808875,5.797043074399943,-0.0,10.482509020024795,12.625043236714047,10.380523999509242,11.15374076524151,6.414791122891738,20.205105155215875,17.900495516544073,18.058582247020944,19.510880446700153,14.252311867075333,9.066556054106297,14.459272516853646,13.928718243522207,17.009810581397083,25.696199361457747,19.909017413842598,20.066568323540768,23.335388049068737,18.30771266600678,9.296389266175625,10.874917802057263,6.552851351209923,14.485361467564694,10.827065416674152,13.160184080316768,14.20945116175891,22.919287113875352,42.14660196643166,30.378204218674778,27.379853570253793,37.20612269537092,37.24616299839691,32.69268317660982,24.739444436790297,26.502306318978434,24.447045899214356,22.242764219056383,29.9719242878813,38.029594697722516,20.500475869662882,15.016412464231644,26.80113244727011,26.1106014445031,27.0364225388136,25.87612545049422,25.439171969503644,22.126910429310215,30.582527741390678,11.709102943977925,17.629089633619298,18.329429398986758,31.18103072442741,14.128638310233022,20.066824081357012,19.929121036588686,21.10423717963055,21.221643537127687,12.446510166205032
13,15.816238765639413,9.484319404349835,8.460238612260472,12.097655158172431,11.509917876227728,7.870001453184216,11.939881309901521,17.079529415907004,17.94269283209612,14.080829402141005,15.610010486028791,9.453001071876919,10.482509020024795,-0.0,6.777143128203947,6.207350064053004,8.287346305731866,6.352889504422583,17.99976553020861,20.094369074073043,18.42427933886689,17.94079729846012,14.867545831548854,9.701426392656197,11.031730974282954,10.765198338126204,16.85432379657252,20.613297623939065,18.27711599280658,22.35271421103769,23.44861315921931,13.229358560937273,6.648152976552711,9.506724912186366,9.092302460000449,8.489246457756341,12.755840435849887,12.565862141183272,12.86276205924032,21.094004313336576,36.664025385945756,33.12806565816276,28.57494555520691,39.77701104882611,37.619059194374934,34.762185856564685,22.92328829522973,20.887299258510655,21.669514290098554,14.175131010271059,33.25428172609222,36.63879225604581,20.873912824514132,9.960287111221305,22.283551545404098,27.693565923572745,23.3241647382609,20.493288968817836,24.675538223473776,15.657073863128941,24.093216580692506,13.494243115688299,10.206883895772283,12.407020406103282,29.4767885617245,17.68895975776655,17.140705830341833,15.99055195838612,13.153465594942727,15.86282199358981,18.367904976200965
14,16.572486178424004,9.827227961512586,13.835862357716541,12.353617357754231,9.73116555182679,8.186710491952786,14.246023623336201,19.09678286828193,19.727924903077046,12.498182997561813,12.10443252479041,9.977175934444821,12.625043236714047,6.777143128203947,-0.0,11.039222448956446,10.621814136917758,9.381653863382862,19.228168934474255,20.76715193642178,15.674377881600346,20.65867568378742,12.771130507421912,11.380150142163071,13.893047526871086,12.261048426213904,19.52359908325203,20.10190483251152,20.57974814006523,24.662530710730934,22.880224134553778,9.542142475787855,7.910759567801961,12.241673623495455,10.656356387879232,12.991500287288623,14.623794349839777,11.769255671992594,18.27379035593728,21.82505012951089,40.27948024641561,33.130905713555705,31.634380364883235,41.403037553370375,33.5136818283582,32.15674050623633,27.119844839587792,24.216373456008945,21.978467927984994,14.154716518452862,31.580892311015607,36.797910891492954,20.703703831863084,11.376182924004757,20.09308440430565,26.515646517135632,20.90339081821353,21.903919151378943,27.98078392700279,17.54968088401428,26.4907643435238,14.634077405434677,11.329064068500234,13.811525838540039,31.66990581126155,15.410271860772642,18.20192933869489,14.23329392340103,11.659833372511022,20.70506897021675,13.520054275938497
15,18.0604064021655,11.308502064294233,9.731195423554247,15.560271707663016,14.582383474513696,10.12052164309622,13.490164965890544,17.43881311697444,17.130111277310302,12.73457026730714,15.815958614229652,11.437125583179897,10.380523999509242,6.207350064053004,11.039222448956446,-0.0,11.157970724045674,9.398292294035505,17.387725459419805,20.798076771452482,20.477217837205544,17.777966190362708,16.178093694845874,12.66916498034469,10.893316789925231,12.194962970314695,16.99379206481152,20.244631186878614,20.09849303722614,21.97183405971725,28.115375845756198,13.44085302402421,8.936674932334153,10.701499091664475,12.570422156174235,10.191252881761246,14.227138397693672,15.641204395187355,12.185221456730874,24.696740740111064,30.73528434810149,26.834121335731012,23.950055846405522,38.10185525041458,41.31317986455258,34.298571025841184,24.327458826557994,21.413282521572473,32.43090868000963,11.968642337623175,35.695950188243415,32.93975501929889,20.59977835787376,10.39571257551732,29.603118931083586,31.186817919560912,28.5686842673301,28.585761742294746,26.069610999186864,19.10191293628029,23.444812833249955,12.708443738740556,11.466530014522908,12.908300052702451,31.188126333810196,13.71887607256172,17.999909758741527,15.214726948190895,17.472064295475743,16.105889110052345,17.95475559565087
16,12.799558770063582,6.999703624550176,7.226942962079603,5.368195315966299,5.60768724460983,7.543503964107365,10.162581045039175,12.02196791713415,10.300063280584423,9.036353721534198,11.21085661910898,8.65272981921671,11.15374076524151,8.287346305731866,10.621814136917758,11.157970724045674,-0.0,6.377090266191664,11.959572755515246,13.936907608440954,16.49639923045728,10.126446064078808,13.860574829352714,7.8386219537739565,13.977611304256948,11.986749511446968,9.789905704001349,14.371798536750857,13.40905333690682,15.030651893384812,16.389189477261564,13.774231096045371,8.039111234149361,13.784396073444736,9.492415346105394,12.313457784375045,11.557698386165127,10.28139179695146,11.24139246019646,23.428587392456233,46.38464343946362,40.43755042293672,19.337996212852868,41.912578450456486,39.1772897993386,38.50491135625903,20.920374181466507,29.65425764848573,23.08839746731124,15.80211996916475,34.82802564277168,41.420151413914596,26.76622382097049,8.529137862268952,27.38965619818464,29.909053333982232,28.678768781195398,20.340111570479493,22.30089857208429,11.063305758793064,24.44122609040281,6.974767361307187,11.617880487801372,9.918185719706822,31.924846765270782,22.44413780560014,25.67503861426126,24.782061003219052,23.410402091908562,19.19353504180997,24.495056275904474
17,9.044805394804818,5.455654014662402,6.495852565931108,5.318799963041782,4.8682041125788045,4.541432495483258,7.67252724839187,11.120002726965007,12.007210553884061,8.082426636721735,11.358479842421039,5.450534700304316,6.414791122891738,6.352889504422583,9.381653863382862,9.398292294035505,6.377090266191664,-0.0,12.234800673911565,13.29077515184285,16.06813328511367,13.236106515646837,10.313279321968759,7.674487141699618,9.072134787486066,13.531809165966948,12.024564977024378,14.112784913242432,14.695051999883567,15.249992124504836,20.906723335210017,8.176907721499042,5.711393699241084,8.2716338311198,3.8639094374112206,9.547926512555625,8.259771565848693,9.625174801552673,8.33881544173974,23.299365750173518,31.33095696927455,33.905321950032516,20.359555097611153,35.12796085301034,34.07260985475922,27.26657617111919,26.126244629807708,24.94423282903093,20.99869410190718,12.690606563219575,30.146798523457203,32.96625279454081,13.495602285377128,7.96295799333549,29.47386926786778,22.433384968368657,31.17732605698653,20.185275474217242,26.509663090971717,9.216757613018741,28.97634545713171,7.036344778435664,7.483822896256484,11.414191936433925,31.77999882360942,13.378529580458107,18.819806313149925,16.98920714570173,19.925634946021905,15.748807314970326,14.986348733393305
18,11.293246758359505,8.490981059909412,12.928180713364192,11.569682775265367,10.478047214964338,10.531869816595533,11.098240264166492,9.338110788467896,6.736435173027291,11.504500774735511,9.033018554276492,16.786658758123064,20.205105155215875,17.99976553020861,19.228168934474255,17.387725459419805,11.959572755515246,12.234800673911565,-0.0,5.924580950703858,10.912879412608941,4.541449353583701,15.140006482047008,18.67845695415979,18.154479954099326,14.276970376818053,3.2661292409561153,4.624777021101378,8.666372944656352,2.975004715465828,9.020838135055435,16.75814548506492,15.251917558784506,17.88009082651795,17.965531195893437,12.951415560559491,11.642504955851384,14.707410201506077,13.61229666703874,27.157650495004493,41.94329132506306,34.731443095775774,11.584868856806368,38.62848282033059,36.245649323705194,37.692335802946566,26.446700844265496,24.893543839075985,30.596930615710104,15.46924237051473,34.72839707330357,39.45588759256253,29.21387902036241,9.3740762195747,29.80976328323961,32.527294941443316,33.36777451610632,25.386200591879263,24.135454279385876,11.810380831837266,23.609596172509242,10.419308145274268,13.859040223896319,12.561490986442012,29.847652048924772,27.022898610182576,33.018022293929114,30.973979386763787,32.65283337323934,21.561868136572638,22.060105221367763
19,13.669547180571524,9.590378105871265,16.297836987928086,9.66077474942951,10.620590492649448,12.235611238124404,12.57452066945925,9.220265587332788,7.400333830612986,11.213091554154044,10.347540897103906,12.689307485406209,17.900495516544073,20.094369074073043,20.76715193642178,20.798076771452482,13.936907608440954,13.29077515184285,5.924580950703858,-0.0,5.25354252481362,6.006627564460953,11.885205546593777,14.360271223808564,22.94174256588048,17.01051184431635,5.624364714362928,1.9798223283551277,7.344827004909964,6.784425683173335,5.454516844023993,17.621091688451184,17.21122412955649,20.501764723804495,15.967676829316002,13.703538945701547,11.87123661764077,13.752670913674077,18.44148995144798,30.944470889076314,42.035543205850324,47.60279145394064,17.35718771405947,35.67145198104976,30.562948762361323,34.98481568815743,35.999469652543134,33.54249988384636,27.890296572316654,18.94674743868219,29.537581077040127,42.7666321847698,23.69646797651655,13.666461241250811,38.2364541351816,25.179952618707983,41.36630682095512,23.20961293433319,33.384292323747324,13.961039671879423,34.63867068919975,13.273018112943932,18.473335997992518,20.084734833252686,38.30736501943957,30.97655205756722,35.02600481067907,31.016587858758626,35.03257509631268,24.621655192358187,27.253558985584014
20,11.980719100641114,8.88477544555295,15.793028555508656,11.31260912120383,9.490640952381582,10.964127479532369,11.132043558377717,6.5832490199544225,5.160065188668842,9.823656093834574,5.2912287323861,12.347278854223632,18.058582247020944,18.42427933886689,15.674377881600346,20.477217837205544,16.49639923045728,16.06813328511367,10.912879412608941,5.25354252481362,-0.0,7.2221951216001505,7.12003685326195,14.305259877054302,20.416637972053337,15.779495438661515,8.544307991407877,11.835468344400796,9.496799193892778,12.588092044926876,11.402292043017333,18.38242063586893,17.01578237159341,16.529421958974282,15.145769772850409,10.954309474714595,8.741038393318876,10.400761759037021,18.661730443661973,27.35539489512027,33.32028929944796,44.49201064764326,18.109888960050057,47.806870809493596,40.23341379706146,44.31202824822978,32.07927823571647,35.339706540977765,29.32810006774252,17.744771044252808,39.27944747088771,52.967252849777836,31.639135104727274,12.410782299937047,27.581826018819886,37.46253988259955,29.710387227075643,27.801139608739412,27.887875946439628,14.798858903539065,29.574060498507027,11.95764773608436,21.827849433080647,18.711929797238493,31.134277588720856,33.06552021763964,37.29777752153883,32.1614553734602,29.544621400219796,24.709187907408964,24.318272755690256
21,12.824304301621005,8.571457889363177,11.920006518039134,9.169840217936075,7.495540298486659,11.44395307547156,8.053228771862258,5.467592073902464,3.455163799540605,8.499747418360254,7.630039360727676,13.843557399475905,19.510880446700153,17.94079729846012,20.65867568378742,17.777966190362708,10.126446064078808,13.236106515646837,4.541449353583701,6.006627564460953,7.2221951216001505,-0.0,12.420970473726609,15.104095806254653,18.50970489955121,14.618539591041602,5.599984892899723,4.748440066802895,9.085009811924147,8.206436450746933,11.458044494480218,19.836437480989694,14.740517837720562,16.032923502101397,16.981950249897608,10.32723220290736,8.910733833165446,11.75678529501337,11.194117469404826,28.7340663280936,40.851303991265155,48.23042201297624,8.857138986669101,44.08587347194935,40.6821626718968,43.16535183576136,25.786301695846443,36.418552937185034,25.497167650460113,19.115807290037683,39.3553576648191,45.27085485668132,35.809587190642326,12.066094887378043,30.655483512490914,35.92641800525303,33.07657189446366,20.662802781501853,25.05009721912516,11.298489491925281,24.724582138683115,9.362555444341877,18.593556650847542,13.342637630139233,31.127382101348765,29.359482942898463,29.502609373396695,29.535788641096477,33.183891870980936,21.631305441073724,26.8572651353257
22,9.985216872487632,7.9948510973246885,11.298795556317806,9.623577687195306,7.153778168468254,9.16763566385094,8.425626664973924,6.134111517986609,11.379378694102183,7.133785350239794,4.993675252023951,7.971618440605175,14.252311867075333,14.867545831548854,12.771130507421912,16.178093694845874,13.860574829352714,10.313279321968759,15.140006482047008,11.885205546593777,7.12003685326195,12.420970473726609,-0.0,10.624482051748505,18.45454313909776,12.439856423546077,9.525558708760784,13.273734990282211,15.402371950846677,16.600396885022334,17.295700291962294,10.635530747816182,11.125230432278242,15.361504017969152,9.816459118853702,11.714789837334616,11.428979715362752,11.96640903717373,16.382903434307675,29.752495869439972,35.93492578557059,46.96871639130808,20.64407393091359,40.95866790404077,36.579420716827634,39.297155900398344,30.24348427674916,33.78267045094724,26.46514959662375,17.240663826660324,35.06743488764546,44.81925013748661,27.199283844607912,12.744101113102785,33.687418878222815,31.42434456854406,33.07687925775394,22.545842415357672,27.42075999253627,16.180095886535977,28.38852381391364,10.523615307193024,16.291574863859857,18.743381815214065,33.236833222968144,26.942500942368266,31.902090887185643,29.72652200406678,28.619478614471607,23.21868454212083,22.27089969854467
23,17.5229751366031,7.646647471923778,10.806380675941927,5.165239274373675,7.594827126896405,9.769814109831795,13.103429517963981,14.86516284240116,13.534785904131159,13.153688653877083,14.18481615701115,8.545480085299314,9.066556054106297,9.701426392656197,11.380150142163071,12.66916498034469,7.8386219537739565,7.674487141699618,18.67845695415979,14.360271223808564,14.305259877054302,15.104095806254653,10.624482051748505,-0.0,13.515266816945557,13.677762101287316,15.070228437077136,21.965441311841413,16.7776736757476,20.80596581882417,18.34802292539161,16.972732980968793,8.467673845530008,15.26789824126717,7.623197660271621,10.49255034963944,10.77022149789211,9.695300228490387,17.90675129801446,25.524384860865542,43.607961451744174,40.794282019967696,26.84715082614587,43.54123624575958,39.333088281557906,38.04253384596763,22.204985076907015,34.93956250666312,20.841245668840507,18.917911290938967,34.753114191174696,42.82886797624535,30.257266109155342,12.610126228866612,23.598217364428933,30.88428549829205,22.61352109054538,19.9861577603092,22.618579719074525,16.412908653664907,24.55002310490631,9.911348008569362,16.169018727944387,13.889129944733469,26.267524964750333,21.795153396034404,26.57208646330641,24.762991893827433,22.74111457048946,20.13427332109367,25.66891890273932
24,16.457545429680444,14.745213398574142,8.906109079585015,13.019057418651164,14.10590007063447,10.899962535954742,12.829849763229799,14.682679746077488,18.676418979716278,17.653200438405392,16.009546172447852,13.965501972430522,14.459272516853646,11.031730974282954,13.893047526871086,10.893316789925231,13.977611304256948,9.072134787486066,18.154479954099326,22.94174256588048,20.416637972053337,18.50970489955121,18.45454313909776,13.515266816945557,-0.0,14.931244542699561,16.721895189468768,23.390392273304137,23.84784652674006,23.461705673951467,29.7226325591171,17.168125521680174,12.049350983111745,9.651054668851637,11.220290440745728,14.028549978125701,12.952925265332524,15.240457175463414,8.715150157875692,27.35715679931298,27.456771449965494,25.816046380285684,21.798020079373302,37.221742771253204,42.80254180828733,33.1059810591195,27.85550807037085,22.769124563671944,29.399652475444903,11.468083217019046,37.210299133127265,29.298938668663556,19.57069652380212,10.713594711883982,24.235288975270333,34.442422070788766,23.881171152524924,28.93662697414066,27.54343772164994,11.339188318981964,27.034301784954007,14.306094195805214,8.488175923042014,9.881791003334083,27.60877226631569,18.28088301526235,17.067277561386664,20.094067869084043,22.611793599115884,21.191761576404677,20.420399131564345
25,16.021890632489402,10.739406813461903,13.375058808048616,12.299164881899571,10.363146573058822,12.304549339442453,11.202270660620282,11.391682124798045,15.134403679039014,16.04611337947606,9.247714261207523,9.081588487876962,13.928718243522207,10.765198338126204,12.261048426213904,12.194962970314695,11.986749511446968,13.531809165966948,14.276970376818053,17.01051184431635,15.779495438661515,14.618539591041602,12.439856423546077,13.677762101287316,14.931244542699561,-0.0,12.731068712805959,15.83636918348312,19.46489720039095,17.063306068917502,22.194461682654598,10.634500440994222,13.135570189877454,9.293780922825777,10.965795595517886,14.239047925393509,14.917775710650032,13.204718860002263,11.728279507406942,27.05877898364982,36.55594785951426,46.28188146356886,20.20845226261834,37.484840707319144,35.737829186885754,39.04150743648251,23.59837511480926,30.384017727145174,26.928042950984796,9.414756948709464,33.38685235753441,42.90445490771986,27.34484384670687,10.134568238958657,26.329748111701807,29.81924696836141,25.585694825885138,22.436458244097583,23.666279320451423,12.446738256916204,22.667818461561797,12.389826482619503,13.954857551148667,11.605858181578434,28.706356484720324,23.10997856963263,22.93745090511102,19.099166476266202,21.56328928066771,21.302697216355998,16.068981320071124
26,12.73090454035824,8.339102771815861,12.930413205512579,9.956516684704196,11.127429254881852,12.405008271941705,9.101086256584297,8.533749533851019,9.377698184831461,11.090134335252836,9.558906240175261,11.241150084756331,17.009810581397083,16.85432379657252,19.52359908325203,16.99379206481152,9.789905704001349,12.024564977024378,3.2661292409561153,5.624364714362928,8.544307991407877,5.599984892899723,9.525558708760784,15.070228437077136,16.721895189468768,12.731068712805959,-0.0,4.589493663162657,7.786768273641363,4.329149892883488,6.472380673953295,15.916963625797933,12.32669938212464,16.63428947523756,14.387772641054365,15.219686009580162,10.554821444903908,13.908211869893101,16.521702525596492,28.2688160941967,47.664872532842224,42.05023700769836,7.682199271549956,37.794682695632424,36.434504442447036,39.42592774699258,26.67491575914606,35.15783910780173,24.902400506496733,17.76824805503595,35.715560244792236,39.067623385531626,34.09392140928661,11.888650022190728,27.450443474957297,35.584743919744206,28.5295742747797,20.811051372163476,24.866819015073126,10.963486079031247,25.503427970012325,8.04631729467989,15.773347367807425,11.436763017308968,26.270745234486245,27.927174530749333,32.38235696663404,28.982568875419172,30.476711050532234,21.87581876814665,25.499526072094913
27,10.295715493184746,10.432356906625042,16.978418321717292,13.50552896889648,11.524696652102001,12.974873002135325,10.623082742900714,8.794468607853931,6.829104343077409,9.026117587567411,7.889512022766259,16.60997352918302,25.696199361457747,20.613297623939065,20.10190483251152,20.244631186878614,14.371798536750857,14.112784913242432,4.624777021101378,1.9798223283551277,11.835468344400796,4.748440066802895,13.273734990282211,21.965441311841413,23.390392273304137,15.83636918348312,4.589493663162657,-0.0,7.516881851283076,5.449346481930038,5.440312569205116,12.866345563618909,15.792549038408431,18.798950765096055,17.932084160980025,14.917242705672823,15.404395595427909,15.987326555106721,16.454477932972445,33.104499564204225,42.931689270624446,45.13399136953818,15.595691417666762,38.32865488362998,33.277900936990584,37.10643627627014,29.243048709213024,31.353753791796418,33.00738321695997,19.550652079393455,32.619395509933945,43.184258295249265,27.228295445056087,13.551647763696803,37.14346404518319,28.7272649479073,38.22396553901611,25.499346197876786,28.053435914999966,14.1825395447718,28.115083739288348,13.488398122131592,16.892235864747878,18.80280372834747,36.86530644159822,32.83367037752192,37.002488526574595,34.36472126973847,34.76872391656619,26.149528009930666,25.296524302046635
28,15.538909339753827,10.50140156173291,16.831356879766023,11.607713041018869,15.257649844638726,13.33138137455195,15.456773052700674,12.65089805086385,10.383077955040775,13.689134595328797,12.284547520169374,16.007905937907736,19.909017413842598,18.27711599280658,20.57974814006523,20.09849303722614,13.40905333690682,14.695051999883567,8.666372944656352,7.344827004909964,9.496799193892778,9.085009811924147,15.402371950846677,16.7776736757476,23.84784652674006,19.46489720039095,7.786768273641363,7.516881851283076,-0.0,9.671810120479293,9.664274869101359,18.513493990575515,18.731594901619257,23.231483931104965,19.1333013320636,14.373344551821784,13.450572642976793,13.097796457067705,19.38439328780083,30.31354457921875,42.58008181590136,42.21832811821295,19.25454324195833,38.853147699708884,34.94724265810871,34.32065751068019,34.98166398505269,29.947164395164723,35.2244739957309,18.15101182430175,33.580039858093855,41.57205642216399,20.46697452197035,12.283668412592949,41.220085657112776,27.330488037680393,44.589487282413735,27.721747390329636,33.96139872968999,14.846291771235054,34.037931467554316,14.633439498863375,16.569255870425,18.415915912007076,41.60221252379119,35.1823772171646,30.936798335244397,28.739502392080624,32.982216448975,23.446149049371428,30.535563595864772
29,14.547861633198375,12.024107663100608,17.1703227228522,14.517996924197684,15.587294269386295,14.034067633040898,13.868184917893899,13.619282356534251,11.546867618275032,15.958368358931692,13.354766343232436,19.803496245005032,20.066568323540768,22.35271421103769,24.662530710730934,21.97183405971725,15.030651893384812,15.249992124504836,2.975004715465828,6.784425683173335,12.588092044926876,8.206436450746933,16.600396885022334,20.80596581882417,23.461705673951467,17.063306068917502,4.329149892883488,5.449346481930038,9.671810120479293,-0.0,7.4089857237280174,21.293470895123406,18.123860186129683,22.812731780021775,22.264783256973708,16.99156655974448,12.95786891569903,14.7634031443715,20.356548173797872,32.11579963251217,43.75699673452481,43.601149837821175,11.158493108564942,41.08920082644447,37.98227719588131,38.924138882292766,27.018702008265976,35.691193425933605,27.259400722004855,18.2673579852718,37.45008538282085,40.61858067250756,34.13795487477823,11.480889153156458,31.191425607390023,34.60856189400376,35.8940884755066,21.1498238625203,22.90467482868701,13.372881939596533,23.099025726584827,12.125430960793818,16.68013339405899,13.380749088677227,29.966286063594538,34.349080221938436,35.44566102322814,33.04688431119714,35.79790226465418,23.174757242935044,27.870643276488998
