,0,1,2,3,4,5,6,7,8,9,10,11,12,13,14,15,16,17,18,19,20,21,22,23,24,25,26,27,28,29,30,31,32,33,34,35,36,37,38,39,40,41,42,43,44,45,46,47,48,49,50,51,52,53,54,55,56,57,58,59,60,61,62,63,64,65,66,67,68,69,70,71,72,73,74,75,76,77,78,79,80,81,82,83,84,85,86,87,88,89,90,91,92,93,94,95,96,97,98,99,100,101,102,103,104,105,106,107,108,109,110,111,112,113,114,115,116,117,118,119,120,121
0,-0.0,8.115198164809868,8.772929761470639,17.106765657572446,15.21770465211819,10.142426173984434,9.799844573366471,16.727529285496054,7.642358020653694,8.869035584459201,15.33162092598123,10.327489238796728,13.785732299841474,11.813701662451434,13.135454575150243,9.516468459297196,10.749098417253322,7.8999137420157375,11.325493362349746,15.72068195007381,9.117666731808447,11.26233701888073,12.243391018346722,9.036614782015125,12.650983941580822,13.433184530600455,12.804247970967797,11.579721198873159,9.612392758139977,12.06361469630362,11.497540650160875,12.036288456260591,15.595551806419486,11.319984834355251,11.628950134374884,6.187976785643869,13.773492665311347,17.15817675235425,18.694541482676378,16.98322210667736,6.649308253422629,12.732405006986971,7.11185425862879,6.146109387827801,9.859169057202202,17.716877059033003,15.833336756473473,12.75299094981264,15.706140488034098,11.93461368851486,9.515683430980335,18.551413277185254,11.06999991739514,12.08393527259057,20.953617440371982,13.335878639068628,13.910700467413804,16.92655537926759,14.26876819891384,16.2603038932886,21.773842610618527,22.080111293267734,13.222013728649916,16.950274870404147,10.505214659429258,22.007588327352877,15.144279040551792,11.549001363141425,11.841824939705033,15.291034124597555,11.183658694277042,11.298868905518997,15.109044765283869,13.383487472819489,15.098969196368051,18.097307263326275,13.587899319164974,19.066628842126143,18.608753541380263,13.817640098941828,10.368800083324167,16.816211170029266,10.114833735722376,12.192653080794797,10.08002889523776,12.907590104849845,10.319497644791408,6.713259444005769,13.389905653164694,18.25930093942295,13.596614950026673,10.943393046230167,7.513906538057362,8.0154931178777,11.999736860793023,12.011916131072327,13.872753145875697,20.125577271237297,19.83063777623052,15.744095659804866,15.843126933498297,13.089337544443469,11.079388538718302,14.193787596423237,15.766096328200957,7.618463450285822,15.530464209028011,9.381453474607724,15.837210054863476,14.489316147624756,9.231341492956298,16.1870539159681,2.941666188184838,5.398229260690897,9.102421285718647,11.578551315049324,7.621883591947887,14.129670589765302,10.555598473720002,13.999260852542031,17.19734434439259,17.90652264041205
1,8.115198164809868,-0.0,7.844177951499087,17.60989476813773,16.047688460328636,12.294674880328353,8.005083777452292,15.908146399764975,9.777015256527484,18.12125436038705,13.183579661892509,11.634165365037239,11.83488930255391,8.345945099613862,14.45742042878705,19.085692600174113,8.771416379149473,11.554289148124814,11.215852445728295,17.08396137731858,11.383919339150976,12.123421288452143,8.809610709914615,12.611643532677256,13.837175252083462,12.732939028358416,11.26474018347438,12.756381951519431,10.76996876154325,15.65990750086172,10.588189601890408,12.703546252207387,16.068118437626126,16.23307829408043,18.821831663503346,12.511926371206298,13.421878210031812,17.464066356575312,15.51811998525052,20.241570794793454,10.376665852370774,8.108033032350683,9.693125374252253,5.10191999592213,15.421061418688375,16.455376890808438,13.439796315005514,15.297694816716328,15.977199588542998,18.121846241894925,16.538987479040603,17.367216755753635,8.753340361752253,12.840430573083395,24.07235464296496,14.444135039836018,13.180535663846632,12.717114255682347,16.27174429927864,18.50196033598851,18.510799600300526,17.720537050344387,14.860835443748664,26.328374408991714,16.82368993528603,20.098107954286174,16.024060009051155,12.64196489734969,10.3521381299759,23.078131534646023,17.66425069331864,15.422949759165112,16.346196068660408,10.370659795739872,20.492629074246928,17.378000740427563,13.725300311348601,19.541711758105272,15.797807271157982,14.270010372910898,10.977827194246197,15.927230514775356,15.78796452975723,14.776816442032167,9.136214775969703,12.317400490572078,11.184354881106344,12.166587778896137,11.464627603947298,19.877169461057374,10.931337508458068,13.876323699160372,10.272825005689736,12.572418668538695,17.95217086086584,19.613871682734615,16.805837594347256,16.821203797209876,18.103703599951256,22.316410811391187,23.031109984904123,20.546112366737248,13.108292097123803,12.45484306439477,12.905143699607422,13.700190494511375,14.685646148747011,9.654134167688959,15.523077440818621,10.207546526388073,16.820511709258128,21.981383611524222,10.083462183487544,11.862856281193094,15.878890514726592,13.546883167526222,20.308270846506257,18.641982995481474,14.72355195099969,20.861557233611812,11.281152438842124,9.886686381028294
2,8.772929761470639,7.844177951499087,-0.0,10.895832195931751,13.897656894594597,7.208980559677919,7.4599861036511435,10.918024864698692,12.135386090745671,10.579137569476192,11.096177723668568,9.692951605641966,5.747886680865944,6.929859203153891,11.213993780654352,9.597895946865792,10.560496146559819,8.100901264512864,10.753563609246955,16.078399119648328,8.847621066949593,7.008193341282246,4.468787840396508,11.490779223552908,9.976818903463478,8.856974461779307,10.033684029665903,5.665308444212303,10.330037635233788,13.390286160997002,7.1185188321206745,10.743291086823811,13.62065263121866,10.51208171258754,11.975218923334292,8.339097070855408,11.563865939628567,12.492118081828355,14.595037657676306,17.067672757940617,9.41853689340022,10.091698441937035,11.27015975087759,7.976706069314952,6.3397693336376815,10.047063014647641,7.750863579946959,9.060973522793468,11.636968806301146,9.730828870559558,13.781406647113991,15.033930875257946,10.56535325911286,11.742496320477283,22.423446953849094,9.114947318660514,14.015113193607675,10.434683257457861,11.411452535125045,18.9169279928941,14.879074599890656,19.356502085548502,11.585845242247085,13.649574836675361,14.085785958224402,14.563181665876293,9.939962353764843,7.915669505459479,9.281787808525698,15.949396547646442,12.124584961076831,10.251315783446037,10.633456403051511,8.739657839930661,13.836574548958211,16.18574765240991,8.278326017316054,12.743728911868955,13.915776386532205,14.293440116082564,9.615637786322587,10.492531413746704,10.004433438983877,10.599286079390486,9.364283132287499,6.925656748394227,12.48767817006084,11.589396747799883,15.814511388496536,18.781366544615903,9.451299795986253,9.577198507190214,10.25042649744191,10.732571627297352,8.815577242962158,16.996796351893913,11.505271359258304,12.292952431668926,18.740192093353418,15.679487121322245,15.153670470081524,17.219819184511096,10.684440360073344,11.108423167676655,13.427853779671743,10.507840794428816,9.860727683287916,7.434901549997046,10.59895139911182,11.576663088949458,12.242935024941767,14.527081546389836,8.39732743909593,8.156623141935118,11.816233501906824,7.934317338058637,11.256958499161506,8.181898822352077,10.538594599553464,11.78170323369595,10.199195358487932,10.649004968384224
3,17.106765657572446,17.60989476813773,10.895832195931751,-0.0,14.172001241663818,12.879005521343718,11.540632249199614,12.928502233373159,28.511795751272295,14.854648610805341,25.44718988265865,10.888035743131418,14.719849915942909,13.400679992286317,16.94765517974151,11.506025942382177,12.881781745097765,16.15645652968732,18.58270744090775,19.07172983111772,31.228072852523336,10.64714965186558,8.071566279121178,16.129141248106365,13.44647713784601,19.40938804302413,15.43494647666495,8.933382492518671,30.849220389317395,29.23363704169434,16.439352060318356,20.712186402194565,10.747259944351296,17.27621725598017,29.13164659261331,13.515846822996227,14.15368648986877,28.862556131991674,18.2394692218959,45.83140232202795,13.643369493380508,20.940554285797866,10.551380581306425,19.486433640578984,9.716207164895872,24.9682903372797,27.107523145209047,22.313855259788586,19.59077918198284,16.855157159676985,15.580325996930778,39.04196636849725,16.287295797610735,17.46556515694778,42.68052403966016,19.94742886941658,28.86309515605891,18.64390122529427,13.222297622765492,28.809945988558308,23.57128717983392,39.060118921950036,14.972249684066728,27.582439066562685,30.61606348811962,22.25378323046266,29.274596675005075,16.00238016042228,13.623628875313274,24.638357786307875,31.35693781119221,11.747808225574637,17.20609883531161,17.117348392224375,16.831070893472546,30.321985291014396,12.679029744855386,14.330449471652134,43.852499438142694,39.12805741682666,13.726398989374713,18.042481972987638,20.008251527024424,25.47741576531947,31.993959836670417,13.970956476917811,16.623807496561135,19.021983781192684,41.622172462081416,22.179154142051626,20.83037272553965,18.085926296559915,11.799181029559685,15.255177817768638,15.265337558389367,23.134069526123582,25.915271569486936,16.446720262358017,45.38823697328335,34.62089475131124,17.848827146916058,21.984482743279234,31.34390903919404,34.28730722413496,34.3257297560943,13.239975831038132,27.856665741364814,15.24051710534885,26.54345897806215,22.260539615974075,17.65220889381523,23.621895664243674,13.04718858023643,19.465295151343216,13.786911663192688,28.52765471716507,24.514605675461247,13.996484216841154,19.759580167308897,23.927463736276657,22.63634127158578,17.87753511441702
4,15.21770465211819,16.047688460328636,13.897656894594597,14.172001241663818,-0.0,7.850635267977928,13.009275870946718,11.901257119727397,16.36514086387274,9.319347127823884,16.25184730687768,12.456689074608926,8.490778828810852,11.493295327998114,10.148830901906384,13.283568150044855,11.107856069273783,13.895708917902914,16.008719573194277,6.0737681483087105,18.585050453969345,9.49179805066926,14.278992217373784,15.44685240192085,14.66996092507429,20.358087377101807,23.13676658518472,16.25729908365657,11.106260778540337,10.386275789963292,16.847340378364358,14.65194517885061,10.538367894358382,22.12677758212569,13.179111300164667,15.224346076545668,18.479788698726434,20.52021963591098,13.658380580766162,21.295096037320448,10.018928860557727,16.769186376959464,12.42755920660111,12.41361433377464,10.862095740077056,21.27634971030716,13.90080985873617,16.754033496124244,19.127315170153942,14.177681096212781,23.330060959074746,20.57854373829669,12.79233749910057,14.313273478536033,21.39418593684093,22.761312111148488,19.80233688639173,15.13843612945141,18.849811865876404,9.247402985801632,17.78452267360259,14.974846560515548,23.976192926671104,27.080877225586278,11.386780085558508,13.019009673910942,18.82169945266917,14.843923964763517,8.052998713517,10.955417202420728,16.343359773065288,16.518815070908495,9.293494598843628,12.537650824020867,15.492054781772682,15.37763678273702,8.87556627116555,12.470045923286046,18.554976153470545,18.615932080302795,9.530473071467865,13.751995994408007,17.2497415007745,12.008636770526014,14.153258681593266,7.618505610117922,12.891186348489194,18.538080366754922,16.957001908525992,12.384271460955361,19.180529293318134,14.40505143112459,16.112796907510322,10.572233448547653,10.22203083582293,12.10856293109828,12.582457883540863,10.816902886568586,25.00859158175103,13.562316617413034,13.937685832908253,21.15246861519197,12.738176517045849,11.433227722708546,11.367433272200863,15.504399382587176,11.111057560690984,9.772768538758436,13.980951637701482,10.985028803308722,21.613754414605488,12.513625322144598,17.689560922080766,17.130716349093664,20.8148339983848,14.751574524800917,11.623056577848162,11.772136801865084,10.172858597171981,8.18191656046783,12.517881509058796,14.14653158568225
5,10.142426173984434,12.294674880328353,7.208980559677919,12.879005521343718,7.850635267977928,-0.0,7.476909346222691,11.604108866670169,10.744405369788046,7.5919330152835025,8.971894977078339,7.542855353689809,8.563718897332038,10.774167670435993,9.085521072216306,9.064807160709499,8.064799686627527,10.533894436154688,13.961303807043867,9.372485074013145,8.586196746463237,8.14833490711012,9.53143552845733,7.847285832451324,8.421383742336188,8.790444816631291,10.787789742050803,6.986950955786447,7.584561304296526,8.996404659187672,6.348777202968678,10.837234650188314,10.924620865137818,8.933607354888505,9.55293153263749,7.796243174209883,12.55858122980445,14.36383810448715,11.228352236983001,12.919923018272394,7.719174117699239,7.902725955254648,7.945649251601462,10.495842404612329,11.089239911513829,8.904980312572839,9.464112754756648,11.034942173817921,9.180366202599654,9.709014502069932,11.095351818727783,11.233561306115336,8.237352475660684,5.235545681767378,25.93105294562341,11.030012060446495,9.981271842647836,10.852787516208261,8.149659910305411,8.806067157455223,15.262203012435872,11.597102058265433,9.709840583082759,15.887585928365874,8.086253993707686,10.699217229762281,9.850763423884246,6.9855475265403255,9.311040134119617,11.339400588744857,9.626672641716665,8.032430239953452,9.077134372599124,7.029682503355591,8.737576091665352,11.441084294478419,4.990904493487613,10.440263349940052,9.591607834013034,19.313522952000792,13.823159242086184,10.372224728117637,9.978753971588448,7.138774933858317,9.956690074002605,8.593033266494826,6.693838032648395,10.39006421903524,10.176818352675854,12.234944465513946,9.882402527295794,11.674585278316217,8.421064169505884,6.698580410645401,12.589692904494774,10.39732302650078,9.436313198221931,9.452035553389148,13.304065958185484,10.953213332396233,8.735672114215197,10.48904270321707,9.912749928378595,5.2575173674974085,7.468101919796607,6.449703045469793,5.228854457763832,8.552141666156194,4.997822406971284,13.623337520859046,9.362752741654687,9.713055212831227,10.057235033122746,7.452712061953094,7.468431418182527,7.758368090113042,6.7622226009795146,7.364809919947715,12.914231885501058,10.092402513361904,11.734911330708238,12.601344213083179
6,9.799844573366471,8.005083777452292,7.4599861036511435,11.540632249199614,13.009275870946718,7.476909346222691,-0.0,8.080086288808362,15.360033007935977,13.422729205243632,12.90069932364868,5.530327941268109,9.121767062538714,6.461794125139948,11.647635598299448,10.879387182241649,7.446880144015479,10.609230388792493,12.566713442308462,15.945035634134378,13.626085349804486,4.819582101631182,7.115956106256926,9.528473683662131,14.32121276586706,11.092708401730857,11.545012157890435,8.526113747452591,7.070692816921691,15.312803371898907,7.571324335185124,10.864274469026068,11.347408336447543,13.337314276894807,13.263720408229078,11.767166849732483,8.382846486056149,12.956403983533923,17.43825953981981,20.125827106529577,11.214995733738517,8.258483886860958,10.331301625407987,7.8647268811140565,8.420391694179974,12.282844819445016,10.195045167673584,8.360115659326825,13.650687276736365,12.07048104475848,13.742019874472286,13.785785576919725,12.495735547126,11.424219104330444,33.90848100203421,11.032668171098026,8.281892325490327,11.530805017727985,8.961195925005235,16.72126241422854,17.364833427731586,17.995186306816922,13.52519456343977,10.864591765684821,15.228106878236265,14.145806498706898,13.371676683199926,7.100816163880253,9.729959926706119,17.059003043960125,10.667811579884107,11.739716228179844,12.412060393745422,10.795914511413221,18.33303594066358,15.121380070893089,7.0797559690023,11.283600404334058,13.896132659597459,21.85431229540777,11.913092308067768,15.69996507645868,12.481512350059743,10.09000741228685,13.694040221762378,9.202820736699483,11.060148637529476,10.873351787810021,14.884742825828535,17.475041243070006,13.108130961837643,7.8585058357287485,10.09338256026317,11.02157372226275,10.985337286283713,16.84276487334883,14.094402662012598,13.765350575143183,16.44887712566189,12.569230677079185,12.587343849511466,15.608192049403238,10.962022119975549,9.268122791966169,14.473654318808682,12.555754787587238,9.795169676015156,6.843606466969146,8.450576716463686,12.337114112468498,12.343024494436595,14.440423989415471,10.147567674097166,7.868880824808993,13.257908333667173,8.762085752122575,9.924859069065517,9.948761968914525,10.887678808545127,10.83255632334376,13.734072322031084,14.36486703223811
7,16.727529285496054,15.908146399764975,10.918024864698692,12.928502233373159,11.901257119727397,11.604108866670169,8.080086288808362,-0.0,14.8083066995612,11.722620415028757,19.586895094621358,8.731055938595969,12.259733615468003,17.413501975287478,9.097289468947759,8.264954435406242,13.947553366702918,11.91282602104709,12.743702625816995,14.857848917324706,15.157240581652205,9.412371659403167,8.488358570435917,11.519637684477017,12.758787478472371,14.474373026952405,13.613072272494179,9.056183127771497,13.526301907259699,15.18179582617659,7.103930241769668,17.50248061052765,10.290400202035094,14.304030185790745,16.879087041150136,9.681429225716894,12.175495644909208,16.340386595685498,11.877546180392772,18.447826599200656,11.118160739784583,10.695097403447448,9.07827582654582,17.948257292053263,11.704493285203235,14.011013859160917,15.070840300953837,7.369299415819707,13.80011174466142,6.823153835714971,13.060373560600965,12.304381770091707,14.446389029479729,16.032563226934823,19.976095817622667,17.43309297455519,17.599322266582686,12.376394853310437,10.974129898934024,13.527844172701531,15.194830361469219,18.007504038213792,16.438730042878333,14.884811448072009,15.240046944921751,14.261561077031923,14.894039020487304,9.0930223533648,8.461189940004134,11.740619295103805,11.735874895321894,8.812675557962864,9.65181536443693,13.749918078909403,10.768101154524643,15.128928223207831,7.579155851283193,9.99670977455301,13.712706265738614,16.778932315058604,10.007788604236858,19.166893075427026,9.183353745852735,12.709693721182768,12.431826341596004,13.427987546408195,13.916348904628187,14.297056043031024,17.703780836508688,12.659402954155079,15.277095078114314,11.877146436800485,11.170452167062944,10.358177809863047,11.261224427880387,14.69081921527653,15.8662343214417,16.699707485175832,17.351512279330837,14.188581552568168,13.069611128546022,15.442463963412543,16.8728051127491,16.093196721505546,17.383104421364095,11.704774427026553,16.894899343337332,10.208707979475015,10.970455080051751,9.810495596221111,14.744846043974636,12.87344027635251,14.754818789340103,11.096709639434302,11.513133371359581,8.108527732178212,12.514085273877113,11.41983583844718,9.6708683075624,15.684943558941939,16.42112863412268,14.372898342910105
8,7.642358020653694,9.777015256527484,12.135386090745671,28.511795751272295,16.36514086387274,10.744405369788046,15.360033007935977,14.8083066995612,-0.0,17.705341456408917,10.472370937818717,13.714741185221065,14.6492577836523,14.335662442449463,16.799694046054856,15.287092423343859,12.063716990511836,8.067478135973241,13.066039176542933,17.52283466726482,7.728404138483672,16.469646701378156,11.551402008461759,7.586232178326873,12.988766178274892,12.80537009895742,12.499949379602963,15.05144360846226,7.978480444061946,9.269024848174924,12.151926275440008,9.101085525308552,20.023162416520243,8.089946562245407,19.33282085406916,9.435777707424663,17.288711510959665,12.277158939900778,17.593349374747014,17.264822824264098,9.48975409305253,9.862002292289324,8.915331436168668,8.0951284667758,17.645855890189004,14.156081146924077,12.74294877651258,15.321994165527217,15.721151219881786,17.038152361352576,12.563367773496218,12.68718536114781,14.039526888946114,17.847252360293687,13.45039358720726,17.596050771494873,14.866079167145795,17.17333492856291,14.891404923161886,18.193705197310695,20.86741965527065,20.041458100263878,14.148642753253284,17.5918767284871,13.035198732618543,20.912080019705293,14.901272640784132,12.104292272347488,10.568012605954207,22.196990865013355,18.57537849894049,11.85814554046373,16.640082216926462,14.47466482801485,13.040760567993718,19.981360180737983,13.119837958537131,18.39788859058462,12.609147770267164,10.456398698561205,8.981276926282135,14.06939721328274,15.154635519879495,14.143174154408404,9.445755270699665,11.981158467467516,12.601771882310723,6.8129957628761355,10.293819916373048,13.610975993486024,12.405507518928497,13.206735777359807,11.907686872219205,10.234950445093187,20.59469050017422,15.210061768435908,11.826785203576964,20.92905325123099,18.536366539798063,20.904964269057924,20.64532358899358,14.345266867737521,13.53714813467118,13.783510896947808,14.918821889863402,10.424150328288558,16.414361592727754,9.845927316732924,13.026298331392914,12.853059862804708,13.107026345409759,16.11901979032136,9.853633929084088,8.53723108096982,7.3667096781609995,10.952471533568783,17.36395352359501,18.85268464819539,13.141786701738276,21.09525444543544,11.935224084170986,18.159772390437894
9,8.869035584459201,18.12125436038705,10.579137569476192,14.854648610805341,9.319347127823884,7.5919330152835025,13.422729205243632,11.722620415028757,17.705341456408917,-0.0,13.138883634661154,10.946264053510314,12.63076085008568,13.345067674714208,8.681914750190893,8.484432725599879,14.388941461992168,8.003884100397576,13.065910595201952,7.3618632668348365,14.709307448157697,11.506142837092776,12.358167127574934,11.249295736126584,8.139822321873622,11.919633627435855,16.171265223125676,8.445440154398147,10.842791049544008,9.56136623944691,10.762154742365162,16.750069776309637,11.33545332352747,12.834705997290692,8.597085367145116,9.989013966779398,15.154360244974159,16.915709615116903,12.751941337649708,14.669739122397965,7.316887481410261,17.423969820520515,11.198047341735386,13.527782381389857,8.03870447696414,11.598381635210519,14.28202225577699,11.91851427472067,11.264840670889184,9.387515474233728,12.23777000278446,16.41571358641372,8.70136022888307,13.378923146405404,22.43962405323787,13.579527647565664,14.087494312896606,12.57710029341824,10.843380211149148,8.892485964997409,18.48323179795431,16.4154682964005,15.733503203144867,24.956817483845235,8.859261529497115,13.925839334381076,11.09170930151131,12.200035727687872,11.289937035435928,5.9593945321820705,11.880259578833035,6.595172839524558,10.975627642275962,9.670357527121785,7.605249211203799,10.383854942201387,8.13982017218422,9.360997558271013,16.491517117837862,13.591100650800788,13.44202097398225,12.797966615242313,5.737741715531463,9.763027902651991,8.651037347616493,10.666486887298278,9.207341450326757,13.901152218453937,12.72436750412291,17.296467410871703,9.42933804250068,12.6338327843111,9.948696737727225,8.204622256487175,8.54927448153674,13.062315158556522,12.29788401068764,15.867692949070939,15.836054596098608,10.556769794923362,9.777522512221895,11.60539222585546,10.434094558352337,10.469224460388457,11.046702849538898,8.672341964354857,9.196670482752184,6.2700551867324466,11.576142691139435,10.299542014072848,11.549105181538929,10.09755328993437,8.340160012024741,9.614101599119104,12.450614773594022,10.618162844905088,5.83283824399,8.292076296674447,9.164928543158775,8.988070123555403,14.831294552374946,16.279004308145126
10,15.33162092598123,13.183579661892509,11.096177723668568,25.44718988265865,16.25184730687768,8.971894977078339,12.90069932364868,19.586895094621358,10.472370937818717,13.138883634661154,-0.0,11.942671735435383,11.992808958513312,10.53280011880907,11.08628038900039,13.121384295044718,9.197672373523675,9.451495174556102,12.774169446621984,14.527866696435495,9.888140420781628,12.778223955148363,12.3080041591975,8.283454402126615,13.154034923576189,10.437684355241563,12.15003296175047,14.38822179587391,9.562094256342817,11.572577425539873,12.892253099970691,10.796253695548575,17.156676331827445,6.584775890665014,13.716215672313213,12.982800414042595,14.827261235967939,11.491437063102332,16.938468715423337,11.010619543343543,9.704540947253355,13.125364814778626,11.990915343817841,14.02395877514193,14.327400476914626,10.221086290045056,8.54320019095955,15.846696464782156,9.451712826215722,14.944158473352607,15.150678462693847,11.665743214099754,12.139232078004005,15.071739841536411,11.734330859167217,15.294545286779146,11.773769359678406,15.813802058009568,12.612328370299041,12.773795522134618,17.339676292771085,14.161391907034972,14.136284352165804,17.817599307162098,8.949074656234549,16.201247997037132,8.910988660892153,10.884337783184947,9.831453653421628,18.010087665325052,12.534754088210626,13.609698446334459,15.097178481054844,12.633864962224242,14.764697807282197,13.467547114325935,12.702273744514494,17.1523850508651,12.780416133748075,16.946338839513224,13.600671304439539,6.18739058050451,12.550866211150694,9.640587360210896,14.258153742413649,9.283111047226559,9.273347275793997,10.958952546323868,8.836679855825107,14.990838429694874,7.822163473265269,8.711730005398252,10.663629324459924,9.395781549043747,13.889143310470741,11.410515843022864,7.806946383059083,16.885973215990777,11.164954439086356,14.659981886301697,11.545537972291788,7.957615571691593,9.148789158067846,9.238115852684123,10.354969599170866,12.91427207518212,6.167617077695151,9.813764507577243,8.635334095621035,17.04938166872235,7.869312126698945,11.534805933928519,12.669486637207454,8.783142032820155,11.252411907058368,13.545278291134114,12.680254401200836,12.081846157611793,12.884250197965136,11.958530013191401,11.117952439313356,20.03248561431671
11,10.327489238796728,11.634165365037239,9.692951605641966,10.888035743131418,12.456689074608926,7.542855353689809,5.530327941268109,8.731055938595969,13.714741185221065,10.946264053510314,11.942671735435383,-0.0,10.335702233819944,9.149424204592982,6.07438186663231,10.378213829291578,9.15378179070212,8.15771666458275,14.302581144613711,10.279494179176318,15.154800682078994,5.6278007820989835,7.5644129216486355,8.24125003871619,10.836131028297014,11.6562475594315,11.429549226455688,8.719522589214208,6.910809570921188,14.08210556112058,7.541064707300367,11.602736722899062,9.99471770501357,9.434689335274316,10.858942675426652,14.285438076745617,9.876745849904676,10.892005407289766,18.161407992886364,17.576389946324564,7.286655098907586,11.08289120174907,10.533726196355966,10.093983321294056,9.487488700048099,9.161692888557937,10.11713309615642,7.440940096884955,10.625828586905842,11.016934864471759,12.400489851927176,12.100192885935199,9.475441880884707,13.56506915545259,19.516874773749212,10.5206171480682,8.833866860186758,11.256109913217836,5.588576033920685,8.437693022784465,17.110451268580697,15.574476124801771,13.321457261018448,16.93824471590609,10.93486539795122,11.166211977504087,10.09861766644331,6.013438993275041,9.79144062403593,12.606932182047684,10.56396680569488,7.757727597836639,10.251430195486128,10.562858487789027,16.29594629064878,11.22579330122114,7.039739315487575,10.23376151028902,15.685644088022793,19.27294574659274,11.299734971152187,14.802537873536734,8.088316051006093,8.476037269717622,11.730327693386396,9.965650360714482,7.523319747587283,9.241076473102241,15.557305234513693,13.302187971648856,9.49656498014707,9.099015469838326,7.666161041821754,7.895664966941946,13.069194115027734,16.384835031427077,13.018378112699937,13.257464979547736,14.063124870680557,10.963641009058623,7.686124922090093,9.029945644282442,11.183205376298057,11.045422962433866,12.44958836405825,11.336979631076415,9.181834447508647,5.474209243599181,7.46272024600665,11.270106451115877,11.134477783341605,12.536356432050264,8.04602098802493,6.9558665781116495,11.184700402272057,10.76872785919773,7.9203745529961465,7.96732555235408,10.787072829127386,10.518120564826688,12.31030744760962,15.98949954698524
12,13.785732299841474,11.83488930255391,5.747886680865944,14.719849915942909,8.490778828810852,8.563718897332038,9.121767062538714,12.259733615468003,14.6492577836523,12.63076085008568,11.992808958513312,10.335702233819944,-0.0,11.335049588859786,7.6138370454067665,10.466645939613468,11.037723346750058,8.292313984461437,14.67038478463107,11.796431893906236,11.150890466027256,6.658695824195429,6.810056087683749,12.494522118016565,8.099446100685652,9.927257820049917,12.210858444232004,7.948327237676833,12.24863388277559,14.071012858430318,8.373356492974038,12.367831432168332,14.274522311054989,12.249217809453748,10.566026097836307,12.052975310693766,13.200676001905778,13.751453625346844,14.999495258104693,16.115967590650808,11.458679858477405,13.180004041557655,15.368985071015539,11.562771042201389,7.582387730565898,11.721675192343218,8.582326359318289,9.784067742173663,13.409123982888643,10.41940546394948,16.099277579123733,13.924512711537645,9.259361171318172,16.838063131385525,29.081903264828384,10.573910796478586,16.015984118565473,12.625238010390108,11.128657616778831,11.675761577905106,15.526194100196662,15.916019359466645,15.16406185380395,12.711570869936283,12.689706276900344,14.573437189645343,12.446044485774308,10.234558907637204,9.404035256902224,13.357454171344951,13.586464015470321,10.153392177215911,7.44660721988331,9.340373865132477,15.740818244825817,15.36101000600364,9.85930740869586,12.163060648845708,14.301089023837648,17.742287530797267,11.055393315401432,10.117439247677984,9.55518353827176,8.06929134907718,11.181852114063352,5.822140593554498,12.008516697888288,10.670746719072781,17.607206652039928,8.789009678565952,11.307501998233244,7.587773421165154,12.302429280036499,10.490471860718527,10.06255312217208,15.602883677250604,6.017093644118253,11.939842950366685,17.34967843674174,13.963316559592604,11.879751823206542,12.124837795867819,11.458004098825038,12.161066871132107,12.88093838228014,11.046852198455033,10.028263035646775,8.491892790437763,10.09932170309375,9.414009857710738,12.37401792596901,13.596731124129963,12.574150283283396,10.10326200298378,16.288272140310944,9.90423295327751,13.340853819792324,9.713542527071471,9.491560748441623,8.394679433450047,9.94164819409189,13.361039733891456
13,11.813701662451434,8.345945099613862,6.929859203153891,13.400679992286317,11.493295327998114,10.774167670435993,6.461794125139948,17.413501975287478,14.335662442449463,13.345067674714208,10.53280011880907,9.149424204592982,11.335049588859786,-0.0,8.703799580399886,15.956684681892614,8.083653203340633,10.907173492843333,12.017518942753584,11.564795543260628,14.336272626088405,8.144710726289375,10.360088259401191,10.995095120155428,11.912596868521446,12.317896414441604,12.058440807394424,11.563845435706964,12.319299288850935,24.955666410408426,12.91907408590837,13.076679039269798,13.16627448270876,15.235653254984047,14.692421622524897,14.53683735946468,11.031602770997933,17.76756725417064,18.28408331124498,21.299988545610468,8.71199675502368,12.206084568264796,10.970057895626782,10.27814074230769,9.573700790509,15.128109596582004,12.503428934631454,15.552375958041662,11.660247669707848,15.132063921438215,15.84680527514309,20.11226868658668,9.083178660369311,13.328242812255933,25.910171562254327,13.46835175380264,12.88413116445802,12.474736832725492,12.227466216879177,14.890342274306509,18.028932446017887,18.290653033043572,15.00032880012612,19.222862050586308,14.164592581772046,14.835199789963186,13.93739259944791,10.722868355120184,9.771582466641073,17.857682970783014,13.656710188627086,14.443027949299028,14.587002241845317,11.994420982263788,20.487236983256402,13.517939593081119,10.134282182759867,15.481260966145232,21.839574619173966,20.411935881884688,8.53283921825251,14.304416332683413,12.372417195596073,11.864507523608813,14.513161069745319,10.029780534097256,9.06097017172073,11.624089312151758,16.795187737167133,18.090038160485793,11.021554635414276,8.977488186714144,10.00092121567315,10.248378971068947,9.270618424804619,17.373240137666286,14.662465415005116,14.848029536888372,20.345185088044932,17.71762196165578,15.376843587489576,15.525750634461216,11.583577782690305,12.499942227702572,13.555053272920643,11.953797396428346,8.905524554702088,7.352758025205126,14.112520051874041,11.409506216345742,13.583988583563265,18.75646655434921,10.255195765604512,10.075657233738964,17.36735080950505,14.682113136595413,13.757291950761546,12.51951585883872,12.165845222052052,12.814082787767077,13.639747039795783,10.423594438407825
14,13.135454575150243,14.45742042878705,11.213993780654352,16.94765517974151,10.148830901906384,9.085521072216306,11.647635598299448,9.097289468947759,16.799694046054856,8.681914750190893,11.08628038900039,6.07438186663231,7.6138370454067665,8.703799580399886,-0.0,12.179940154475554,10.642202160655737,8.216642206306695,10.89357089710485,7.135737396233453,15.937242790690004,7.809733328128721,10.215304288268063,10.47788736787403,6.129331574021968,10.608281889228886,13.537327836663323,7.750538515268601,11.042967729283063,13.23904819114974,9.613203251096264,16.08182127157428,11.655140546311204,12.391839614142954,10.965442778643679,14.218065459309841,10.167201358451846,11.229102499351717,14.173755430378222,13.539683693037132,5.329288962651167,16.691399866282843,13.90261224282312,12.423598070785797,10.64712566716931,8.518063878599488,11.976193604424278,9.205428218846452,9.217262002807093,10.499519647707213,11.729126775538035,11.673831641612423,7.047551970335428,15.226508067325083,17.187052770542895,9.987996155759863,11.442213255051815,9.08137043840065,7.916924380094949,6.935991969625561,15.645949516610296,14.16186028395505,14.837016173072124,31.853044910965266,9.475071073857205,8.99713386738073,10.266602626809771,12.003790229626972,7.808081356866263,11.47567806409071,10.370533358869654,7.201865911352749,9.172799891615828,9.848202795102809,15.213042728449667,9.955016067162608,9.359770577533318,10.156455142951982,13.481027630272587,12.994668225835547,12.40355170613073,10.932225600695075,4.8421294658795135,8.239582215809238,8.979103701604325,8.376242202772353,6.854266405785704,12.70455322240138,14.850791139070433,12.493997893652022,7.219599094871634,5.9940918979085165,8.758670588184819,6.7285575732621155,9.610578239285568,14.728263551785348,10.611872490700279,12.049784770644965,11.294903154658327,11.065105453768913,8.903239378506196,7.433429783956494,10.309670077936653,11.637039954359606,9.208465784110505,9.470030742213284,8.452400463825319,5.56039511240223,10.473540266208197,9.900044509449794,10.78144713781389,12.62334257186555,7.232276749998769,8.369798227820757,15.930952019739,14.305059659447231,10.866673572104718,6.566792425781902,8.481213199003982,8.092754625500245,10.8932949946665,15.805375607279165
15,9.516468459297196,19.085692600174113,9.597895946865792,11.506025942382177,13.283568150044855,9.064807160709499,10.879387182241649,8.264954435406242,15.287092423343859,8.484432725599879,13.121384295044718,10.378213829291578,10.466645939613468,15.956684681892614,12.179940154475554,-0.0,13.399185880062333,8.237259899811047,15.416294492560013,13.968451355963976,13.131924856695347,9.398442159016039,9.454883162874276,8.562491793265199,8.517523217461157,8.736220366177658,14.077185719995912,5.9960472465647054,11.823282679342384,12.512846663521367,7.895831409022957,12.191051894400376,9.426015374316608,10.486110942236488,12.515738648381934,7.269672238808466,13.134302550016656,12.029705768294876,12.545054063856599,18.314312733942266,8.260528063997961,15.610483398768926,9.809275371823434,12.904598881846571,7.296971447507111,12.74531957367894,12.337188102091982,6.001419340583883,11.891472796838343,5.733634572359123,9.793495848497919,15.025454234389738,10.962923734699896,13.849348020109261,24.5345003548554,9.99228340548561,14.285884386656546,13.99172278684677,7.485952528808279,14.47704152524609,14.274798320493915,18.665518512134003,11.376066923832377,13.760411793698223,12.703829316645486,15.130380519890732,12.013340250822566,10.092721862560575,11.111719219188995,10.775892715857761,11.859366154054321,5.766753563597501,10.026983645697685,8.34345090843811,9.194998087649155,14.875575170226197,8.252910203958253,10.858403044234981,18.553136134622534,16.24386309274719,11.987289500976878,13.349396275780952,6.903362483096346,10.549282846092268,10.274405004290946,7.609761844646633,10.792441439491242,10.501632024787394,15.214768549300155,14.666420946859553,12.442742944684191,11.652536109590121,8.38574923643023,9.334272197521546,9.573105085752244,8.937236151362107,11.561988688617559,14.815324510571598,19.903567112198253,13.400957291634956,12.00582948218001,11.443415344223862,9.538495745721805,11.652443359465888,15.980000362003292,6.771202307388561,12.078338053623762,8.264759537637723,12.190875257986475,13.174008318568939,6.754056783695891,10.365312095980187,9.27709585733692,6.684603606572899,10.753460966535195,10.2088124471324,8.797909934263348,10.893096467052816,5.590968476046576,8.129452038601652,13.462736631725805,18.810649372405507
16,10.749098417253322,8.771416379149473,10.560496146559819,12.881781745097765,11.107856069273783,8.064799686627527,7.446880144015479,13.947553366702918,12.063716990511836,14.388941461992168,9.197672373523675,9.15378179070212,11.037723346750058,8.083653203340633,10.642202160655737,13.399185880062333,-0.0,7.381234394796493,11.333763196684512,13.52379314089101,13.149340668511675,11.4338716723344,8.831325391966056,5.083590245706553,14.035958494012045,9.375876696750966,8.454233992760633,10.938142138862244,7.561522000878843,13.368953835112773,7.6495046132987525,11.151535874430976,10.138345075437012,9.428098090095883,15.576546780976514,11.425090703336556,8.689731252854287,17.56897322889427,14.197247069830825,21.52706868906848,10.49884648477733,7.8777528721341605,9.333006047780305,11.37199257465922,12.772747949121978,9.509495167125914,12.86694739308725,13.864496545530194,8.931486018278205,15.455516120048701,16.38253104326417,13.632132312743742,11.430965386985292,9.550030890566303,29.13468691690475,14.039269686913746,8.664903501059557,12.396195016799272,10.074290146009092,11.207691672325645,20.244255383475274,16.377111490491604,15.470892995839069,11.6399414617028,11.70554895346711,18.72715162416706,14.089217708015797,7.528502734053304,10.140287690529814,15.602353015497844,16.070187257837713,9.917220004905621,12.768791087847552,11.556683364823881,16.431778224583,15.479036124663144,10.932426875173404,12.186107130678309,16.757367175398738,20.04149614994032,10.175662986397532,14.402412388766104,10.674463362514398,9.75366431245346,14.549542082545054,11.928877630509088,7.000418365904181,9.916415540667998,14.661918135516038,11.328635168994792,12.433083399514402,5.999243246780392,7.837892581623242,7.2403504334339,15.007339283169676,14.3771859639815,12.557674269006553,17.322836400924306,17.32963987537334,16.079742329534902,12.552910440074418,9.165371563823374,14.066315240837776,11.743549069507385,15.133859479496605,15.184206140517842,9.451881993228259,7.384516847297284,8.196056436261369,11.622959112694357,10.440143542778266,12.845473796846262,9.241323840235282,6.231763395811713,10.736605724132454,14.127978161102796,16.116005589800732,10.039562633581602,11.62681779858225,15.532619001711893,12.248081421222196,16.518553440225098
