,0,1,2,3,4,5,6,7,8,9,10,11,12,13,14,15,16,17,18,19,20,21,22,23,24,25,26,27,28,29,30,31,32,33,34,35,36,37,38,39,40,41,42,43,44,45,46,47,48,49,50,51,52,53,54,55,56,57,58,59,60,61,62,63,64,65,66,67,68,69,70,71,72,73,74,75,76,77,78,79,80
0,-0.0,12.322317021789278,24.529277306266614,21.724055308182155,18.964507291662635,22.973421167322332,21.366184369306165,19.53609908282985,20.30353237612458,25.831779657663528,22.642056368443967,19.44609113474022,18.808821997501187,17.286995496097923,15.630968336295592,8.924976059383754,7.843210344073894,12.353962994608542,14.86853123821376,11.821046708177132,22.07045698883109,16.912862281996176,21.504256769146263,28.491055581112597,16.42297385277706,20.04973860513219,15.196113058274523,6.929060821106075,11.367796591092556,6.584856029484383,13.331900672506226,16.898943128952975,16.29179520517132,28.380693858916374,5.014776329953115,5.376506727241117,7.322006573898808,8.791702978406404,4.593898075189948,12.206643771225677,15.737323917877132,18.54329390885636,17.68488464070025,24.96264761081394,28.813368809944343,24.48569874613366,26.991786592376965,26.379547942555853,35.96676730691563,15.375252901574056,16.18918932855849,14.19812377172981,13.960158272374734,16.411379423140502,13.65954467881379,11.393839111161308,12.65963505976005,27.62655616527455,20.735781109482577,10.422137757190693,11.502443275259413,22.402385254812057,28.122040701963687,19.13722587565668,13.354772190365482,11.68025562471639,13.626192771183842,11.764305331170736,12.483946551208332,4.358044206938403,4.536513340402102,7.081509840530994,7.576668105344105,8.978763824456617,8.296427581968516,12.810227663715386,8.198973293349281,5.313311551821468,7.183653626388041,19.162264773451746,3.7603822657406765
1,12.322317021789278,-0.0,24.985529352449067,22.308006852492195,20.146566998693586,22.615694080260084,23.889951580395955,24.157378875667096,22.549779222367373,26.862654504229198,28.465594830402157,26.4864308549549,24.80417068546571,26.449068185378028,26.05869991408716,15.58394491849132,14.479406320341075,16.99498905965645,18.0699018147103,16.800830237369883,28.299051901970522,23.900793093511137,28.662691754762324,32.55719905985999,24.55153799977862,26.95957041263647,23.95076311127412,14.718052553622977,16.118291750681184,13.242811182134247,16.403279877190844,24.234246342973016,25.76288306769541,33.93294840452827,15.205355191554279,13.603298757146444,15.75492338740317,19.44291903619062,12.961227792537136,14.199767400304323,18.210211131413267,26.895737222273713,25.358909563834192,30.678656880764866,30.747661149894828,29.013392853943518,32.45662072003862,30.34578526666392,39.97567388790467,23.684679801378806,25.21592041181041,20.19854953325607,18.454800672929995,20.92493339744606,22.30489765425212,15.91820047436492,16.547114882916745,32.976067522272075,28.386768469837516,14.935101199736005,17.19707846488739,28.685582034222215,34.665731902327174,26.138733994743173,24.56727229843656,16.2994202304488,19.48954109749633,16.615395262653117,16.5737824420619,12.430767395567875,13.458704049888937,14.461481169862168,13.87941718499204,14.724440572588165,18.623125173586924,24.793536813748023,19.634639130105338,13.61824465629464,16.979476630994238,15.486694413849829,12.58505793059499
2,24.529277306266614,24.985529352449067,-0.0,4.715079436870095,9.888745049192542,13.835343983543986,17.836261145004617,18.34256954055994,14.235882035434432,20.814453313852876,32.030177085533644,31.426375984566974,27.958945585305933,30.43970846711605,27.130771232143523,29.226304180198145,25.317166563601027,30.110123622906826,27.14342039420014,28.170623827618552,29.45526293983246,28.500018375404398,30.832395811323217,32.396232578977134,28.296042185880196,31.27632198719466,29.851911038879884,25.674184400248947,27.358553358182572,26.85806792932343,26.853061650326627,26.571514291149825,31.722788386507254,33.50038933439775,26.60109404507159,25.874833624331703,26.94182007346768,30.673182096476076,26.19338232337474,26.163861273531445,28.00405049131395,30.609544141783804,29.168054532834876,33.30569170650231,32.31571714327706,31.637050433455656,35.90888778920959,34.637996391050564,31.255429946619785,28.83459966198144,30.967843418707474,27.32275649701438,29.2652529268431,32.74511153269759,29.770450179898756,26.64938340581203,28.32229200559959,29.4630108808617,26.878220162922247,27.676565734766413,30.943377237621384,34.28482133017473,30.14215703242999,33.3426275410957,31.6921318481017,27.20525252496022,30.67964586498299,26.72988082274962,26.08714877663368,27.22378752315637,26.961106940888545,30.224774904705495,28.314203675798115,26.747186050727667,31.41812230423578,31.057841132506965,30.68094211457362,29.800696596216,28.935644735872366,33.83432829755385,29.843637664753878
3,21.724055308182155,22.308006852492195,4.715079436870095,-0.0,5.776405293210794,8.550375630528654,12.029610856151438,15.888767083826874,9.497887439714226,14.389957168467811,26.47909847806318,22.011973350882798,20.226966005282655,23.233149523711997,22.338355722800415,22.01297672316916,19.92565445377593,22.241473544093786,20.61067718921661,22.054804835212625,22.267281027584193,23.642941900415767,23.24711964443415,25.985560756510488,22.5337851562439,22.613941823609483,22.56627342365026,20.621266292809057,21.173618977979462,22.48974515332775,21.17846213297597,20.53835651807932,24.490605671353006,25.512214080252292,23.058901695557587,21.455655867827158,22.657754103159768,24.49597694900677,21.16748371876777,22.041929836768798,20.615428313921413,24.13524113129321,22.2401088865441,26.284100099829104,24.363383402953676,24.269529179401136,29.475436108650296,27.225803843093555,23.4975818980471,22.744716520849583,24.43707603783128,20.898846159156808,22.095669731763266,23.911951674688776,22.67465536077216,21.71156691949574,22.897667406736563,25.14798438236604,21.631349188603807,21.98129845744693,24.018122074493224,25.307910778358647,24.361675450281652,24.335924300329072,25.13808002199971,21.769935050929874,22.481175882498533,21.324174336738565,20.019268134152544,22.29992475025062,22.809546974201044,24.28730406557835,22.38962625213455,21.94720616611481,24.295299411965562,23.57980564273967,23.940433738541195,24.301812146064172,24.11364229395456,31.26097871696932,25.020220230041765
4,18.964507291662635,20.146566998693586,9.888745049192542,5.776405293210794,-0.0,4.669858039918652,7.718634201605576,11.699846359366923,5.9831642804737495,8.099250197424173,17.46835998943652,16.094746909659897,15.279298854900707,14.78218506258718,18.229414495566775,14.970068392953722,15.331680132638,15.998599860830243,14.981305473344637,16.250261980719767,18.520344705569862,17.35100576935153,16.66432210808864,16.791958458275747,16.343902489878197,17.182105275865077,16.906369971633115,16.229356438436973,16.14531436278039,18.198626926204216,16.629563009257915,16.026964502555288,17.223620817881674,17.1791322856032,17.62013454654387,18.178627526625558,18.432015512045975,20.206166514652093,17.11589031625581,17.801391701007663,14.037480581708099,16.59668710076459,16.9415051978739,16.99772259339247,16.47846767523029,17.424856974671982,19.2543370480501,18.8730526403821,19.482715907391515,17.007423239587492,17.860270910437084,15.458505011736149,14.72418947633762,16.302250170571988,16.70249724470605,15.798473747699951,16.37971024492468,16.76262885302157,14.037243308277752,15.80280540619128,16.273132215837435,19.45738522955894,14.891066280021127,16.49216864854182,15.68720501188073,15.579757100827784,15.939784694156849,14.54830361061662,14.420630999617035,17.74844125869959,18.267784764285967,17.788836067005796,16.26832934375176,17.34766355386796,16.993642003247906,17.89877744900617,17.246148571320628,18.1442994768227,20.374731878318478,28.173160029826477,20.691391444902212
5,22.973421167322332,22.615694080260084,13.835343983543986,8.550375630528654,4.669858039918652,-0.0,4.516759046653501,11.3200498546407,3.334248007292167,4.726044335945469,15.672682173979013,16.746359520675984,14.12727306495513,16.45766175436566,19.752690748339653,16.931953284023706,16.52337559847215,16.72191892180802,15.534398439403954,16.855314412287203,17.99869003488136,16.223785715850298,16.540623506838564,16.944635488653613,17.27892224375773,16.829870880305435,15.999370869371605,17.557906129903795,15.588083287809422,20.950279541280224,18.33792609992202,15.819336516702974,17.39232947909147,17.344175518620062,22.00046931134268,19.813753623943455,20.325125875991812,24.733427273608505,21.76056409053294,22.30464967993227,15.994939332994157,17.38876069297992,15.556830383298898,15.909275982781086,15.147924370238702,17.372300115811747,18.100328523416753,17.885453061992333,18.2154883618446,17.879943087646698,17.76062577797338,14.385503598995982,13.918601367417514,15.188796820707287,17.2308225097995,14.95136070768876,16.261691659071346,17.097283780463716,15.529495262804515,16.63570469801269,16.83659935529785,17.99447454320312,16.31970745850352,15.39356121075685,18.297897109759003,16.834228530687497,16.817342719275192,16.650722411745143,16.483070559299634,23.084466190598715,21.8464889018651,20.352271704092637,19.296869674837158,20.198589880179828,21.459848361564834,19.60051873894962,20.9568925064079,22.748357128933005,23.892758065656647,34.72016578461249,24.92758973633151
6,21.366184369306165,23.889951580395955,17.836261145004617,12.029610856151438,7.718634201605576,4.516759046653501,-0.0,6.5013460769214735,3.3994293517561136,2.0464448302676623,8.76306802864831,9.823139419895924,8.569926713307648,9.432586489513083,13.13107615715406,13.332463021753107,14.290668821020992,14.062051807389196,12.008716318744364,13.857125028452865,11.8834993528108,9.989226632742492,9.42782711819736,10.195287285848142,10.788085762566663,9.92612853541822,10.45007253918282,14.94335521802357,14.590465276357877,17.4876795038433,15.873275585094277,10.422072659699943,10.110170866298251,12.607774244422279,19.720409182409387,18.979286941899975,19.06961552763758,21.70159262173502,19.062214852436355,16.70287359184126,12.86223555223513,10.306174160693637,9.448019434970695,10.0965894064635,9.946248777943415,10.219108693682156,12.629707436814536,12.720697622184675,11.424029966771505,11.867405759585218,9.893902889631422,9.176863336504633,11.018300065632253,10.266182697411075,12.422551246121737,11.081466030002424,12.82160865316999,9.705260864490986,10.115745201627819,16.506493923438523,12.463190306724256,10.31143261435882,8.655538505568797,10.20226349790904,12.653793984098298,13.631709524960542,12.518826271995087,12.80784209030189,13.119868321076753,22.254521635652406,19.550732010226408,17.352911417166197,16.460418895261224,17.319194074291307,19.370597139220624,13.604030524163383,16.40142384490214,19.785418069371616,22.08277240756203,31.419798989602658,23.405244552484262
7,19.53609908282985,24.157378875667096,18.34256954055994,15.888767083826874,11.699846359366923,11.3200498546407,6.5013460769214735,-0.0,9.005151782572357,5.931635076436211,9.337217321695501,10.426818059397085,9.852189467768216,10.55420847526995,11.375370294266837,14.714147403697382,16.050851769835106,16.167106176473325,12.769742582482259,15.234987761989478,12.26779572462608,9.46666365114519,11.050353257653684,11.215429214488024,10.075056297711493,10.84302728514347,11.43802242871441,16.461301352398056,16.879124931855674,20.187840763600686,17.95105032833214,11.689428068540058,9.99349419031135,10.545780232173403,21.223746844454382,19.25970385970198,18.663371838752177,20.102274854883948,21.02539686398966,22.40622779461029,14.342315158331013,10.7190750342065,11.411597185136449,11.888710194853303,11.42608218100811,12.706903600274522,12.785893633832709,12.374267910562802,12.288793661023636,11.606668772010607,10.4246994050657,9.189266718454832,12.082293791589448,11.775317273727293,14.052962002966312,11.960514085685231,13.90444425881701,9.924281921111453,12.464278551988587,20.183691939089712,13.70905523344256,12.378945733843267,9.802330414876222,13.362048069567628,12.127026230426653,14.857477568830555,13.552769905501007,12.764933404488238,14.45192871811553,21.806919537469376,18.22022952223444,18.364536190319026,17.70572267075604,18.46960676148603,22.35294926968,15.468047844735032,19.72362396830068,21.023306040927366,22.889854980955718,41.24326203185437,23.1708336167971
8,20.30353237612458,22.549779222367373,14.235882035434432,9.497887439714226,5.9831642804737495,3.334248007292167,3.3994293517561136,9.005151782572357,-0.0,5.195535945495701,11.597739552893358,11.875689474554006,10.457503177568109,12.662845956411743,14.698260331793815,14.090843143190968,14.454682855273333,14.310540411534998,13.551241076056636,15.169516468847785,13.669220108362786,13.69244900244077,13.11515853301375,14.538904072432647,13.738331803385186,11.603493945400492,11.308438399408638,15.869712072213309,14.356905075396675,18.889263009710774,17.275784015832834,12.589419586581155,13.132508437716963,16.05526385374545,20.20252750984962,17.63913863214152,19.62495786285396,21.15993009094846,19.974138244907884,19.246211958161442,14.16742671666168,14.223128923170014,12.470440944820792,14.73942761705919,13.646556972594539,13.900654547240569,17.109944473508914,15.608238830344453,12.246154078370365,13.724946266016918,12.208692621341434,11.27324020903626,12.170495903899711,12.088833335730389,14.49177715180303,12.615218306306865,14.698973497380573,13.266146241537232,10.848065105182682,15.532427726011413,14.33772394051068,12.905180992271696,13.028095082355405,14.136254433256754,15.84092991065876,14.86088312693861,14.06873861835597,14.909451132986622,14.775972762465186,21.191992089514546,19.737048599882023,18.013679243310953,17.164287863769943,18.280762104924825,20.049816986899437,15.488839223633954,17.93850582324385,19.952732647011437,21.364776652333635,31.37197030995998,21.486499343280425
9,25.831779657663528,26.862654504229198,20.814453313852876,14.389957168467811,8.099250197424173,4.726044335945469,2.0464448302676623,5.931635076436211,5.195535945495701,-0.0,9.360694275289383,10.795388070896527,10.159984704069723,10.352480032183474,16.099822676875316,16.144752177461104,15.27009618094725,15.798260880768952,13.739173912221508,15.844512516481505,13.376274107941844,10.986283752724402,9.743413554515852,10.316050870465865,12.419988896513114,11.325628793426409,12.113200321545312,17.011831724867786,15.645015086354034,22.00386343867798,18.39076278158166,12.538092715564032,10.547102882665994,12.57390796303857,21.706709008182756,21.061602989219168,21.42623277261166,26.02920331340106,24.19717701656572,24.992354465208848,14.814690903550053,11.525464594485712,10.76126648010518,10.15441001120063,10.034745572161174,11.07299248058316,12.056310800603763,12.564825607495926,12.900697587591107,14.77349971598844,11.20014585803851,10.809967981593612,13.68163280811485,11.9044460274232,16.19112048414212,14.648786810925024,16.802064968662386,10.957893849511134,11.93774301837188,16.20855379346747,16.07285604655309,11.19516082875443,10.1558731630135,11.666372725758382,14.6287930128963,17.14618927640658,16.65531196674931,16.677829154990665,16.87882511473886,24.22916856192078,22.440076789765687,20.986356886434557,20.228426970371448,20.59767260579834,21.929314621659515,17.544252112435906,21.400249524121453,23.777467112748337,26.11800311321504,36.18066884516623,26.641843593814873
10,22.642056368443967,28.465594830402157,32.030177085533644,26.47909847806318,17.46835998943652,15.672682173979013,8.76306802864831,9.337217321695501,11.597739552893358,9.360694275289383,-0.0,3.910301965731929,4.717816315117094,3.0765091716079755,8.800551520482609,13.377416296587862,16.70746588115261,15.737462074626764,12.710517858820879,15.623791327357656,6.336027746405365,3.991717168172006,3.2782969806511826,3.99175328347076,6.587321349302509,4.876221083369388,6.408653735454327,15.468333855089316,18.415415229779416,18.55655665292705,17.625115624312656,8.280883365160504,2.731997927908963,7.080057302199775,22.106394744781277,21.58557204529549,20.912709216688448,19.68281125454196,19.642011136214673,16.9634844661548,14.004821801895138,4.479829418768997,4.9398498129572666,5.3301083679406105,4.709810002985361,4.965780206777688,6.680101988473351,8.442062832773935,8.113805101900954,9.453572012603361,3.2871077186104127,5.556831970858673,10.163324036183024,5.801235562447466,11.786575672496367,9.62116749576009,13.04180899164666,4.8446238679737235,9.052526211991132,21.352686992517032,11.388442923495102,4.722573676708258,4.684684542153746,6.161867564505502,8.773280362537825,13.645839536714277,11.901064025984176,11.499585690076367,12.875811415532812,23.1622208008312,20.379858167655755,18.99557956280749,18.066520144148324,19.6580853325705,21.55155149810676,11.27693209816514,17.081512302879176,20.321694912412784,21.35369330589595,37.84956524245491,23.841720769747567
11,19.44609113474022,26.4864308549549,31.426375984566974,22.011973350882798,16.094746909659897,16.746359520675984,9.823139419895924,10.426818059397085,11.875689474554006,10.795388070896527,3.910301965731929,-0.0,1.891708863712083,3.1447890618734498,7.382051863317748,8.861413732566781,12.826572691630158,11.526748873179672,7.490161204183553,9.890083349150599,6.754727392083061,2.7837047913010435,2.5951941424393854,5.559962016508475,2.842817356798155,1.329032230314806,5.284390778503271,14.529592071278286,15.09058981240686,18.543026863896554,15.004095056450117,3.0077561793030063,2.881057468289284,10.981120614187752,19.605030699453177,18.00316036062934,18.734477263715462,18.43977844664234,16.97686254748635,21.660111186528137,8.856982984051548,3.4304798326744823,2.3877869978894735,6.421157845855991,6.570397557621192,4.8429657600214036,9.390792710809007,11.146195149560102,12.68336565868168,4.22754263492002,2.8587756190330103,2.4571408629642697,7.532756546765056,3.998680064886368,5.044869631691286,6.435994453012735,7.464281144542554,8.240478857726329,9.746184663821458,19.590171506117514,6.06037496138022,4.069626410848192,6.924874116000769,4.378931849177446,7.18853574664155,9.76666894757524,5.847723693686096,6.782498907439771,8.541685347879492,23.66786838851789,15.99308658827721,13.232537582412071,12.935335720190542,14.53857548636117,16.8992786798639,7.280912429850327,12.787011991128262,18.100108634550974,18.591742377677864,30.664615173274335,21.753870060619313
12,18.808821997501187,24.80417068546571,27.958945585305933,20.226966005282655,15.279298854900707,14.12727306495513,8.569926713307648,9.852189467768216,10.457503177568109,10.159984704069723,4.717816315117094,1.891708863712083,-0.0,3.625639787390945,7.407102700190038,8.018135879780635,11.211183462825336,10.131604678371108,6.713567820996608,8.995354462992905,3.4535148649903618,3.2573492082157567,3.067775743846801,6.319495253316906,3.4569988683954507,1.114131780130164,4.75253379246182,12.484716239734771,13.703677988379397,16.127904937346077,13.056354869084487,3.287733827193348,3.59009988009928,13.974413920096271,18.76085503599049,16.62019416428935,16.89267381129407,18.55501903126768,15.330531677900677,18.991159423917722,7.802036363619118,4.244671042232234,1.9889216978273907,7.565561833217076,7.342850679249986,5.057236559018083,9.924496202892575,13.70382351761299,14.419043300354636,3.7541222991333982,3.227866727874026,2.6188764429352087,6.678654167343167,2.937715744579822,4.38318486739724,5.3629248683430415,5.677281616720575,8.402691066402614,10.644447021783865,17.845022716549202,4.984465723512566,3.9908193211812435,8.484610344180807,4.366310072283939,7.606425366834388,8.214658909687627,6.168335047841911,5.611084970148792,7.189669382648604,21.536278529087955,14.825620076749331,12.07305111922115,11.639526831535303,13.321326305993082,15.532867703806398,7.609929008820803,13.106631102708155,16.798331594406545,17.59606801015448,30.700848019668076,20.336815921148922
13,17.286995496097923,26.449068185378028,30.43970846711605,23.233149523711997,14.78218506258718,16.45766175436566,9.432586489513083,10.55420847526995,12.662845956411743,10.352480032183474,3.0765091716079755,3.1447890618734498,3.625639787390945,-0.0,8.999571320268391,10.822429505808664,14.059679224975827,12.664360558683502,8.928717663692094,11.694396492774851,3.8586962275738768,2.714860665712875,2.2809577432976993,3.2492434888844297,3.656086224818365,3.626316863412686,7.778089757229567,14.146474381693764,15.360970110197796,16.22434806883769,13.842713365256754,5.97036985308411,3.328969417900333,10.110551364945312,18.49242238163286,19.7864957447011,18.183620851023534,16.646283986314366,17.712984581272803,15.75210703017284,10.032742127744202,2.6380824891846633,3.0303956907301832,3.4507433670395,4.85350254268784,3.4414017783029,5.183530124464534,8.934749277855756,10.465857483030598,6.828171692177933,3.848974483633876,4.507693193164879,9.168783863474967,2.9023185125784523,6.148578547637713,8.824667850400923,7.990495251092221,3.8912390525073097,8.515420994672569,20.040727360998055,7.326160850721357,2.8156829212559917,3.4682008204690242,2.5385412859950454,6.732863134864671,10.786103163741519,7.617906352835987,8.261501825371061,9.232023481410792,23.57845037417739,18.753027295322013,15.301735155702985,14.798546417205985,15.890947609299982,17.929697639352078,8.685119824373537,15.19346963357242,17.666763086171848,21.245817422643622,34.12288370697062,20.24615160756762
14,15.630968336295592,26.05869991408716,27.130771232143523,22.338355722800415,18.229414495566775,19.752690748339653,13.13107615715406,11.375370294266837,14.698260331793815,16.099822676875316,8.800551520482609,7.382051863317748,7.407102700190038,8.999571320268391,-0.0,11.156208463658363,13.983414788108549,15.039596393977535,10.423286312987994,13.929915741859636,8.428937991526402,6.943617291865233,11.194364686267736,13.049344763424534,5.0036800715122185,6.242206738598993,5.434489933152118,14.236426417276578,17.20335098344003,14.695843141749336,15.72457725972177,4.778287331528129,8.01569507249903,18.71608359046281,19.3556892179993,18.181186110988232,18.764021620946217,11.614327301960422,12.913973876976176,16.68204988392793,12.639102483257966,9.186673011925606,9.286994784446135,14.379921738835238,14.549510011052064,12.142041612045334,15.438081672801804,17.185776134025186,18.727103984935827,3.280623251471019,4.744994760240248,3.9037905261928385,11.735517438708898,7.439817502066744,6.900237258213429,6.043917811549085,8.576921848954306,11.985676314952293,10.71256702367796,21.318589178587676,8.299211574310087,10.288155053350419,13.252209819820564,12.55083826709138,5.1940523828785405,11.439854127752387,7.45299057496079,7.230362004307512,10.385524648061757,21.74402033804277,16.19380422427463,14.93524168228966,14.506615831270459,16.196401262564788,20.10398212704263,6.149805581078432,11.752017754840079,17.221899450276354,18.61032337025018,31.022773855614012,18.996488752312064
15,8.924976059383754,15.58394491849132,29.226304180198145,22.01297672316916,14.970068392953722,16.931953284023706,13.332463021753107,14.714147403697382,14.090843143190968,16.144752177461104,13.377416296587862,8.861413732566781,8.018135879780635,10.822429505808664,11.156208463658363,-0.0,2.6063818569596604,2.4999722804292133,3.33867800587281,2.9952998675656,11.280815754662683,10.738020512917373,11.631176634222939,15.571743446792706,8.949143780072339,9.263272236589867,8.261328429088495,4.161577193639547,3.8156938893262917,8.038425804637699,4.8607758469249855,7.261952388454888,11.027070486595607,19.273895015226778,7.74376319621199,6.4180957456913115,6.221403600895156,13.387724069076146,10.250195920934914,14.581623735401742,4.0682492044687315,12.436572576638083,10.091495940937904,16.14006973978634,15.800560305136315,12.044325925737628,18.07565496382498,18.790464785726282,24.600466204006388,8.781696439568432,10.197209026746222,5.602146250405209,3.1843416423647772,7.428933449777602,8.218356827533812,4.713781396799614,6.750928963316533,18.997297815885823,14.04420898627017,6.017315699389238,5.551640392204034,13.357478055164204,18.53488813407175,10.521458621764895,8.677660421960711,4.954641180217117,4.9138763728885,5.313373682563546,4.851495850920234,8.2759477877163,4.79731089217493,4.4935586189365555,3.8264502974430714,4.152852158013593,5.709964965729998,8.928776322782571,7.621537556520457,7.407658482143334,11.501764159870076,20.989223574409365,9.341248911546648
16,7.843210344073894,14.479406320341075,25.317166563601027,19.92565445377593,15.331680132638,16.52337559847215,14.290668821020992,16.050851769835106,14.454682855273333,15.27009618094725,16.70746588115261,12.826572691630158,11.211183462825336,14.059679224975827,13.983414788108549,2.6063818569596604,-0.0,2.689164297910837,4.138497576417855,4.158369448262495,14.841043565820785,12.827048364166114,14.375142973487248,18.808183064379424,11.699021754418757,12.99605430267825,11.221591185177356,1.8750855400692854,2.9306502131966234,5.108442177397403,3.310047503682423,10.739014723198094,14.341170899018723,17.778544373176597,7.480794974559102,4.472205140041528,5.0953006826152105,14.06532276225405,8.163119030080011,9.449315767696705,4.761190381195697,14.841905030725343,12.294216572256515,18.6871622810472,17.948717427809857,15.389105693957402,20.7542098615664,16.29523073446713,24.783034865288503,11.34938356524119,13.221441104098245,8.298729027851316,5.277950468850976,8.840352823445155,9.583274510501345,4.970958739776664,6.568287623568371,22.426370679396932,16.95863413816153,4.865085138160393,5.877048231452789,16.193493711299976,22.00219937857814,12.363488638221861,12.345884618039245,4.841923056194898,8.285944528236358,5.463122280906822,4.69278222224653,6.518682814903475,4.637802079485361,5.093607134464201,3.7208547534769045,4.088522764857654,5.854114180249302,12.305198038998789,9.82588749827627,6.862083494856805,11.542007014236876,19.829304716275825,7.863178512426307
17,12.353962994608542,16.99498905965645,30.110123622906826,22.241473544093786,15.998599860830243,16.72191892180802,14.062051807389196,16.167106176473325,14.310540411534998,15.798260880768952,15.737462074626764,11.526748873179672,10.131604678371108,12.664360558683502,15.039596393977535,2.4999722804292133,2.689164297910837,-0.0,2.81651340823737,2.937623541058399,13.734318942435378,10.957194905746102,12.703924890442815,16.632566659004784,11.931978193740578,12.036810116428109,11.368173941977817,3.8537334860463104,2.7558111290612666,7.824361370046658,2.853556638455179,10.020590324023708,12.129728494712325,19.65000273189307,8.675842601340547,8.257705366641515,7.457815966010963,17.035976098779425,9.919943356957335,11.947733958360713,3.341384475906169,12.898553138745806,10.932035766486457,16.306149328586816,16.224182745746567,13.779121747701874,18.285310592736938,17.792299020009022,25.451484356590367,11.79212644227044,13.206615976682794,7.58697787375223,3.951215998311131,7.885187816624647,9.567966249082035,5.297120747706068,5.81004887248862,20.984514835398784,16.27893262153489,5.563931131098386,4.579884190984773,14.05398754422772,20.164319326901495,9.030541009953653,11.190436841695448,4.554597652523257,6.915813074104589,5.630529255438365,5.039566410829507,10.396759770522442,7.648617690640836,6.280371326785956,4.7269854391435935,4.875281661298975,5.246454518070337,11.988192050698645,7.807241314470429,8.870188733006517,11.884918163054122,19.555408696080622,12.389674428615598
18,14.86853123821376,18.0699018147103,27.14342039420014,20.61067718921661,14.981305473344637,15.534398439403954,12.008716318744364,12.769742582482259,13.551241076056636,13.739173912221508,12.710517858820879,7.490161204183553,6.713567820996608,8.928717663692094,10.423286312987994,3.33867800587281,4.138497576417855,2.81651340823737,-0.0,2.049439315046402,9.364098161063612,8.349338575993874,9.384284252573654,13.5744907007819,7.609969595632926,7.693202592663093,7.777604162816382,5.933585655588956,3.492860569721828,9.213148960463565,4.2822081798308815,5.560965379374304,9.535046307433296,16.277477864687587,13.742642004949237,9.67099800962927,7.835981025919358,18.21330946989459,11.593596955688154,15.323915962870664,1.6224751732195335,9.619418992449333,7.509471693616188,13.555242744697722,13.828132059175742,10.213680992915604,15.915398298409215,15.276134129142683,22.038154716187464,7.3530621945559025,9.715185626425678,4.895752558830788,2.090350126956966,6.026367479007189,6.182431698760888,4.807175741565319,5.117518539451977,17.77686056733398,15.86389051832614,6.696938337174523,4.163227863307304,10.823448703385708,16.868840771715615,7.2194314278535305,10.270597207691075,4.4648147109334895,3.9753167235077513,4.699234322090511,4.264663955345782,11.816775799175147,8.495738938178247,5.8604347777791155,4.849289855750283,5.192681992663054,7.906599556684417,9.826744385655251,12.205689636474311,10.865313442499279,15.650780194418726,25.42207458161891,15.745717804857001
19,11.821046708177132,16.800830237369883,28.170623827618552,22.054804835212625,16.250261980719767,16.855314412287203,13.857125028452865,15.234987761989478,15.169516468847785,15.844512516481505,15.623791327357656,9.890083349150599,8.995354462992905,11.694396492774851,13.929915741859636,2.9952998675656,4.158369448262495,2.937623541058399,2.049439315046402,-0.0,11.911916058917198,9.199727353835042,11.922867294063625,16.29065072821065,10.581478613645016,10.571028660120358,9.978303826377047,6.09438382101422,3.2345922657583177,9.15500718582224,3.8710602506306673,8.320175173223195,10.887767523200433,19.53741108834236,11.209457469097513,8.800915539386844,7.3941438954848895,15.887725978136977,12.007487482460174,15.541312952942388,1.5479743715035055,11.143115704795992,9.716416338067786,15.466093301477837,15.892903904527028,12.696653370523391,17.956910658331356,17.81462598307828,25.79520678498046,10.683436726881357,12.670079492806787,6.469008863033745,3.056142283230559,6.525997931498337,7.8591982344548965,5.530196167064974,4.021246459179412,20.606181469329904,17.353202669955134,5.578084456772786,3.1096463274459927,12.525086322359412,20.029704405054556,7.717266185538777,10.00410014040892,3.551633018663928,3.8480868403105326,4.303548491002692,3.6225814153089635,10.641083342729052,7.419515883419201,4.649815556850076,4.286946889167325,4.800473138342725,5.620864127217039,11.910540526680093,10.426242791746805,8.668827022747468,14.159611182089613,23.499021552644653,12.97959311425352
20,22.07045698883109,28.299051901970522,29.45526293983246,22.267281027584193,18.520344705569862,17.99869003488136,11.8834993528108,12.26779572462608,13.669220108362786,13.376274107941844,6.336027746405365,6.754727392083061,3.4535148649903618,3.8586962275738768,8.428937991526402,11.280815754662683,14.841043565820785,13.734318942435378,9.364098161063612,11.911916058917198,-0.0,6.078387261077583,5.56678625737517,5.858369244194185,5.370486419578933,4.016186797005551,7.555674404048936,14.401120438428192,16.975145844996025,17.051142811805178,15.115568734772502,6.10120706477621,6.678182110640913,16.282212507543452,22.207247320667342,20.340406402843758,20.289504405182438,22.716025105340186,18.485332085926633,18.633987520452603,10.943696967233308,5.382308299384378,3.8932753476602144,7.948661099003105,7.802826496896773,5.802364344421276,9.547498516074912,14.771503380913552,15.825198121730345,6.923079384078804,5.391609581899557,4.962544924059042,10.207875836790196,3.9668165374415274,6.383466843479091,7.6710517458313285,7.612344462468955,7.377791781610233,12.827582420572789,21.250765258038026,8.447186659746897,3.9929104463390486,7.975464597940106,4.439905653375102,8.984873895823105,10.636692835559376,7.654042817868553,8.187247869692014,9.618452107643728,24.6935623997175,18.6194213426791,15.176547460275456,14.779929132368327,16.013018310791466,18.97236423867747,8.75987649290225,14.804098080655384,19.762724014846686,22.05745331056056,34.62298004301085,23.931418067957093
21,16.912862281996176,23.900793093511137,28.500018375404398,23.642941900415767,17.35100576935153,16.223785715850298,9.989226632742492,9.46666365114519,13.69244900244077,10.986283752724402,3.991717168172006,2.7837047913010435,3.2573492082157567,2.714860665712875,6.943617291865233,10.738020512917373,12.827048364166114,10.957194905746102,8.349338575993874,9.199727353835042,6.078387261077583,-0.0,2.062545129371075,4.0904014667974185,4.433552495552158,3.103121897057631,9.256861183040812,13.71051754488095,12.934791478018173,16.600939464584442,11.8742682213727,4.775377707548669,2.241969386355113,12.048244010273969,14.761142329288255,15.671945496854368,14.099961278404898,16.9278425057906,16.429980117134118,18.151837229679703,8.213950532181489,0.9404553210088793,2.074098678530408,4.655055150256263,6.031324062131622,4.43776023263621,7.1723488835696845,10.876412397701834,13.147859662468372,4.734668326466951,4.619830448570262,5.772897009315749,7.847270005722852,3.946472459917601,5.556317793955255,10.030946692304841,6.833298089605428,6.23160414156051,10.322434649463977,17.448714590984427,5.748318378391645,2.956599862553108,5.209360999113018,3.646959158691422,8.10936124983439,10.605639209911127,7.867077121452768,8.652375131120657,9.358324395184022,19.221040421426636,14.466851062686914,13.703372373875132,13.930123608853402,15.406555506146017,14.596093312884973,8.762371789946261,14.837211457433938,16.483919259032202,19.392800673267423,30.71605343112125,17.520832024955848
22,21.504256769146263,28.662691754762324,30.832395811323217,23.24711964443415,16.66432210808864,16.540623506838564,9.42782711819736,11.050353257653684,13.11515853301375,9.743413554515852,3.2782969806511826,2.5951941424393854,3.067775743846801,2.2809577432976993,11.194364686267736,11.631176634222939,14.375142973487248,12.703924890442815,9.384284252573654,11.922867294063625,5.56678625737517,2.062545129371075,-0.0,2.870760333370127,4.492228934295829,3.136991982077228,9.091907234886353,14.583380941580621,15.691098615979486,17.17065557158654,14.075359571135778,5.944154032113238,3.271164060204797,9.037753167463036,19.998901825370996,21.29415671764733,19.23597098198148,21.528914001360512,19.149897108840236,16.415537891075896,10.182961033615339,2.0992308225128555,2.3868727248171107,3.5314213841817623,4.12418305000604,3.232434472273604,5.843138562848557,8.906948777574057,10.12654453258121,7.596792435791614,4.899644871703627,5.292055529202473,9.612304548987778,3.7014926670957036,6.335305737955977,9.589511676991208,8.411949021467395,5.075984076534663,10.509001574786597,20.267778517688434,7.6477311131336005,2.538678983035283,4.609305633273023,3.2797336752887323,8.610432866173841,11.442528743303185,8.494763585424046,8.92353159947224,9.64076692695463,24.928993487917207,19.9551210505682,16.192839307093436,15.511243730567948,16.43908613803063,18.238018462743536,9.661623414579397,16.96777184022259,19.63854420286306,23.192932252628342,36.45840632699652,23.311521637268072
23,28.491055581112597,32.55719905985999,32.396232578977134,25.985560756510488,16.791958458275747,16.944635488653613,10.195287285848142,11.215429214488024,14.538904072432647,10.316050870465865,3.99175328347076,5.559962016508475,6.319495253316906,3.2492434888844297,13.049344763424534,15.571743446792706,18.808183064379424,16.632566659004784,13.5744907007819,16.29065072821065,5.858369244194185,4.0904014667974185,2.870760333370127,-0.0,7.592975855512944,6.562704094665069,11.095756441472473,18.077211285209422,19.077996856502356,21.55826025937999,18.317961292874767,10.226145198398942,6.041009810201199,7.699592748210839,25.998699062333287,25.81187072957818,23.580365607230675,27.09031447969341,24.156154727290005,19.64380694617395,14.539167368996141,3.5255362037546853,5.129007032700163,1.2020571989681956,2.911604778469185,2.9427082751514995,3.059987994125874,6.1757111850105435,8.23281083150824,11.806512263930543,7.18477169980346,7.441968714909001,11.076125902665822,6.02470533845091,12.732340755173619,12.398686781747486,13.764678890840191,3.222091917041933,15.052249461657711,22.244437106943494,12.524070005956261,2.967085153142019,2.378726269200333,4.777826481965875,11.881204913893841,14.788493883150508,13.15414459750224,13.050871656495596,14.296896223870762,27.134113350010683,24.14121907164854,21.139854825744553,19.974477580708612,21.064194498502413,22.982789305314384,14.752646900950511,20.873716137835107,23.762596389426626,27.061090797519935,42.609871099620314,30.077909578002508
24,16.42297385277706,24.55153799977862,28.296042185880196,22.5337851562439,16.343902489878197,17.27892224375773,10.788085762566663,10.075056297711493,13.738331803385186,12.419988896513114,6.587321349302509,2.842817356798155,3.4569988683954507,3.656086224818365,5.0036800715122185,8.949143780072339,11.699021754418757,11.931978193740578,7.609969595632926,10.581478613645016,5.370486419578933,4.433552495552158,4.492228934295829,7.592975855512944,-0.0,3.5802086236680437,4.889121083710197,11.643575774501041,13.98672677732983,13.255432113992653,12.440486436489484,4.978726246262084,4.684987603867442,14.333237329410206,18.31862801643883,17.412083437350773,15.61076050006199,16.254002446587297,14.62059450573939,16.536721451100213,9.182920242351852,5.007484770005257,3.730291003751316,8.199201603548547,9.270526605010087,5.462628184381215,10.640735280265808,13.190947463836926,16.025554069366184,2.742597717421135,3.2347358093653593,1.4872628662319876,8.297957008852258,2.799862884696668,3.654540676196333,5.500294845821952,6.7301185355007185,10.139125167521614,12.294352621048944,17.60553008211876,6.196283929939233,4.832422657899911,9.370540234295998,4.705276997647433,5.536049684467903,9.407169942969675,6.079131527289542,5.946297363401015,7.9815496084909725,19.71637191913046,15.093099503119799,12.764677196852071,12.426184633009699,13.663999037047201,16.929403066732718,8.541802777816073,13.514865910498658,15.569877465072752,18.603798965878607,32.99040032720523,19.241930651058155
25,20.04973860513219,26.95957041263647,31.27632198719466,22.613941823609483,17.182105275865077,16.829870880305435,9.92612853541822,10.84302728514347,11.603493945400492,11.325628793426409,4.876221083369388,1.329032230314806,1.114131780130164,3.626316863412686,6.242206738598993,9.263272236589867,12.99605430267825,12.036810116428109,7.693202592663093,10.571028660120358,4.016186797005551,3.103121897057631,3.136991982077228,6.562704094665069,3.5802086236680437,-0.0,4.410604193536916,14.578633834984796,15.893092620153455,18.132203274127924,15.52942062384068,2.60780971292196,3.7175295053397703,12.829868795178973,21.65373634539905,18.333297977550284,19.049468381651437,19.065346436894917,16.435032046921147,21.066482642244576,9.293757813544397,4.16569380391024,2.339235524410947,7.642374708969992,7.2576927577263035,4.903898993736853,9.981978877155678,12.328703036963212,13.167111388496398,3.5261861128595715,3.4906670101501174,2.554841296335541,8.205875271473609,3.22892374154842,4.44535672005172,6.081182050900298,6.834075505468132,8.42040040156352,11.529042503546648,20.54026723825416,6.023109102105448,3.7816821195795547,8.121416767273749,4.907948607862768,9.364397322689328,9.806617264390823,5.9856981170814585,6.622486699432376,8.588152582293839,23.88382701956827,16.113252879566765,13.752570710599848,13.495966193573143,15.248530232356769,18.216545711261645,8.262694740102535,14.95025034923849,18.989867166045237,18.827308713180347,33.09850371332337,21.949055309983496
