,0,1,2,3,4,5,6,7,8,9,10,11,12,13,14,15,16,17,18,19,20,21,22,23,24,25,26,27,28,29,30,31,32,33,34,35,36,37,38,39,40,41,42,43,44,45,46,47,48,49
0,-0.0,8.573208005329013,9.885613369654825,12.198744813352864,3.8696685947939313,12.15315832712939,2.5021217460676892,7.461323389191031,5.954499893062395,5.455122764838555,9.71142204925498,10.054174096675531,7.045185695920952,9.736247453869879,8.246050884608469,5.583586650632498,9.466646525504297,9.820635234669446,5.582719020079468,10.541857901533458,6.511155455986566,6.080280940370775,4.0975886840765945,4.053924249991634,4.458758596897953,5.989040353823008,4.205514136253144,11.357332242562098,12.217694011932156,20.21966324006431,13.784683222493681,8.876787330628632,22.4662364381526,17.37548190954017,14.770029061887703,14.329329242159378,15.222144483091368,12.328311914056584,14.365728941860478,12.81375804078438,14.162556606713363,12.564050605499908,11.0860436197935,10.170616732417361,7.19517585847196,3.3475268540035885,21.799039439365302,10.979624712768793,11.780645064355303,6.009891491439089
1,8.573208005329013,-0.0,5.407813942394553,3.580823126361193,5.089384673614669,15.91640826338082,7.503398869531803,6.253237985966901,6.262952407590002,6.315908395516821,7.507434982439484,7.070749177416732,5.4684127027345255,6.954016233570841,13.51672890513736,5.468223630136821,5.7538371729492885,6.570397569543696,6.636700655196489,6.44448970501366,4.602840591471337,8.35999257608528,8.731628505969017,8.501406391450448,8.342304458951201,5.8976450075860285,5.693809063279882,11.38198343858311,14.186824687533376,22.262917279660197,15.141759489351617,7.1842762916461735,19.869531346947976,16.871142472730664,17.283962804630082,13.643546206934504,11.710734672886275,14.891379015771843,13.85617507736378,14.960444488845699,10.738517283494573,9.857695016136358,6.764407243358474,8.203951196038426,7.872568539390559,9.189381762283826,24.235309009075962,6.976784081234454,8.221951981157641,6.597324089647534
2,9.885613369654825,5.407813942394553,-0.0,4.636568624051797,5.529927225832262,23.711147390379086,11.100109002259414,7.251906737188263,9.050855580695012,6.811821866746993,5.675027296185204,4.332648897876526,6.73007132180391,7.8675703548603275,16.70615802324283,5.293719950309795,3.1543906139476476,3.884295438089326,7.430471375837527,4.969904828070676,7.307653320756189,7.9209612472555575,12.051260452682634,11.760713195384607,10.9101096335204,8.63705905515423,7.994370813394536,8.434365276302008,9.87440087846182,11.199775570043574,11.071650802883505,3.8095266023487815,10.809545500792606,12.197477145506161,12.294736108577442,8.255061372700558,7.1204449588119125,17.37378507438057,8.865935098884792,11.2291604888253,8.344956837559243,6.041210027058019,6.836176643060068,5.519074861873576,11.638841572058455,10.582793079074039,26.49257976692206,9.26447978739125,11.773374507795126,6.258116722067583
3,12.198744813352864,3.580823126361193,4.636568624051797,-0.0,5.145073263460845,22.20374463755287,9.715465128991312,4.253153318055106,4.753305855378457,5.8631306379793,4.230912612991512,6.491742183895199,6.203416181260207,6.165111999441651,16.471256979798913,5.147247359642128,3.5114258220028027,5.045242995633454,5.1090779198900576,5.463414055014871,4.24316860405242,7.633666387369677,8.121028815102239,9.088898779970641,8.59624361795834,7.062054260054963,7.501619260789062,8.300546555715439,10.856208391008588,16.529187084843887,11.902967982576829,4.97724431318709,13.61872020534774,13.933735870626917,13.33312236440334,10.561374705967587,10.394418183666724,13.542266496409987,10.798049393587522,11.919351944444537,7.303573271889911,6.790837295584682,4.455732764246475,6.679284892338233,6.71781502517575,11.033731496543872,27.550163385894347,5.655226721475053,7.449996961710568,5.421946518565207
4,3.8696685947939313,5.089384673614669,5.529927225832262,5.145073263460845,-0.0,18.704463362467237,6.092569815363902,3.154817301452847,5.218406131938499,5.082054283464371,6.380271106792643,7.960619548729813,6.705835902334674,6.805984197501676,12.00114598002847,3.6395254917886946,6.432182366652269,7.617413497389497,5.641965871084277,9.327750848196393,4.692173654823751,5.267114284574471,5.8009560964339775,6.674283358912519,5.928361122078693,5.4407698990471545,4.1685124255975845,8.894249538587026,11.491934544353612,19.356025360395133,12.97117893068177,6.695973749061811,18.354020905139535,15.250190740621003,12.506763537045813,14.727613482371556,14.70709395881955,13.762074359409263,13.73077469681559,12.671590624634861,8.451744959227678,10.027410260900218,9.272882812978072,7.434360499533711,6.7763767388458485,7.042308590806435,23.463813315704538,4.821967474899373,7.995727739281673,4.347953194256136
5,12.15315832712939,15.91640826338082,23.711147390379086,22.20374463755287,18.704463362467237,-0.0,16.536212372212937,22.43255977952246,22.413699289928147,19.453654894905526,33.288714163464654,25.511032335091084,28.427985647362142,22.55889633262005,23.754080628300613,22.68651822044882,24.801971357121637,22.910813786759103,24.522783176701367,20.114600694120515,26.9257724382581,17.641814586138494,11.950345782183621,13.435118457018337,14.714629338687148,23.202581344849538,23.11451244558627,23.01209629668498,22.069905201283785,31.989137311342823,24.48023064203956,24.80033617135854,36.153712017977234,31.01412924620671,27.633351857462948,27.421663059882576,27.483436414968832,18.322915336774397,27.468580088274134,22.891418157297604,28.14348020473725,25.72612631989031,28.98850441499427,23.413417470292647,8.88578173622109,16.153430417546353,24.44908363700015,24.165013068591374,15.652468297367767,15.828131446449369
6,2.5021217460676892,7.503398869531803,11.100109002259414,9.715465128991312,6.092569815363902,16.536212372212937,-0.0,5.27572918599985,4.863771808735035,7.000531530188698,8.326351504426125,10.41824879196833,8.98310063485709,10.447939025624025,8.171444343499788,5.251612536322094,9.173551747771512,8.460574703811604,4.973398741378341,10.101066052822281,6.496191394687712,4.813717015070104,3.45083352789831,2.897799544566156,3.8842112904722708,5.068730584480577,4.640116263933415,10.289875484050665,11.649984624779751,20.882883660865975,13.188123138305631,9.942271459161098,22.02234411103025,15.449679324080517,18.2823611889085,14.937197105367964,14.47326632893706,8.784567090029174,14.784343860397932,13.428132762368135,12.981348677613434,12.925066747517993,10.772494243462138,9.81821255348651,7.7280920864639455,3.8795754025658535,20.852130749377736,8.11973009184815,8.869868008020871,4.80446634832563
7,7.461323389191031,6.253237985966901,7.251906737188263,4.253153318055106,3.154817301452847,22.43255977952246,5.27572918599985,-0.0,5.6523904376891485,2.6500501471918803,6.586065402887487,7.3915838083746666,5.650339669884783,7.590337236647406,9.648796054395117,4.158048495827644,5.914982333622961,8.232683518814083,2.914484783040701,8.155427335607085,4.27272980044006,3.342659403949584,5.648947781482255,6.492690124850822,6.887096472950889,5.274970000611812,4.84982275672572,9.572898214148188,13.448149003267908,17.92268219567749,14.074268018306164,5.973115775873361,16.498390986960338,16.08709506016593,15.113649439248967,12.73368478591903,14.64718324815526,10.466975872432895,13.591038854232094,14.172355071533168,8.338295889691144,8.655005430291077,7.554018390233913,6.840024709332923,3.678256091083259,7.1257511110804845,21.649259400033767,4.315583793203747,9.62505458533957,5.434638350160922
8,5.954499893062395,6.262952407590002,9.050855580695012,4.753305855378457,5.218406131938499,22.413699289928147,4.863771808735035,5.6523904376891485,-0.0,4.535763222011217,3.538993764968531,6.802539390651503,4.112581699694875,8.090365350727861,11.226889784958603,4.164597247354414,6.871175973069831,6.995170598457497,5.230261498353367,7.184677027165557,6.587069862042818,8.313016700235083,5.880620279426255,6.8438890282710965,6.5519646330740775,7.252733174846432,5.648946310809982,8.718386051808993,9.01024098131187,16.86078069492303,11.316688549032099,7.949833437511893,15.848847161818421,13.6678400593664,14.482774436195024,12.686078997606144,12.048391632659474,15.689125233935266,12.099773350755349,10.859495733112185,9.669291730962918,8.535054116505457,6.1565609734323425,7.488349600338521,5.884087299533036,5.743583035844553,28.514119780504075,8.335920718383985,8.580126179941008,7.476800793739282
9,5.455122764838555,6.315908395516821,6.811821866746993,5.8631306379793,5.082054283464371,19.453654894905526,7.000531530188698,2.6500501471918803,4.535763222011217,-0.0,4.355137202457524,4.796549044448583,5.866570993664369,5.717786168143899,7.816179012783537,4.23074056569908,5.637008965936456,6.988936258115291,2.5819052650779266,6.868155272343223,5.467567296823813,4.551022428828646,4.7915028115457154,8.67556231103742,8.494520259684554,8.915388786188336,6.8618318896768296,11.266998501332834,10.89901248413417,18.703072761433894,12.352349502718157,6.438021682325199,18.069275088844503,12.762204173061562,14.732232398823399,10.950425695625926,11.036887253402355,9.602479263241761,11.765119046143408,10.97797383650817,8.37623297881522,8.516673890734218,6.757685463751891,5.316638541167197,2.852421156851438,7.830422441552447,20.597297780308462,8.044247890345284,12.902522640934558,7.368485935935116
10,9.71142204925498,7.507434982439484,5.675027296185204,4.230912612991512,6.380271106792643,33.288714163464654,8.326351504426125,6.586065402887487,3.538993764968531,4.355137202457524,-0.0,3.208636951976284,3.5096241530775867,7.287372656610844,12.169732698731265,4.033429715792197,4.136439511521312,5.730434799255657,6.317539550647735,6.324324558276493,8.215550712488167,9.480130151334079,10.087425089107082,11.443319842508402,11.259429326484307,8.34769104482003,7.775055546379416,10.010761900940983,10.026572952287927,13.681556915345066,10.304082978595934,5.889198770951406,13.057876773518622,11.043378092875903,11.458285374276679,10.066682299423242,9.216356341273869,18.518109704790582,8.834905464640308,8.669408510360675,6.627698585418655,5.643659403691187,5.595052713503585,5.058187346499731,8.667559738778792,9.383500652013822,29.080307595506866,10.147571382776926,13.934511141130502,10.4237612196099
11,10.054174096675531,7.070749177416732,4.332648897876526,6.491742183895199,7.960619548729813,25.511032335091084,10.41824879196833,7.3915838083746666,6.802539390651503,4.796549044448583,3.208636951976284,-0.0,4.604604131440915,9.121115412790152,13.948913698620315,6.304808277009346,4.121270151362711,5.93958330526819,6.747492886322526,5.6124687487788965,9.682418101125345,10.299654941243952,8.997490025758237,12.304198787200141,11.943975216639439,10.382222576478123,9.425554774510434,10.98890216412718,11.333695354689777,13.089335604936736,10.079348411614696,4.5064642676222,11.438913908657387,8.808820336751433,9.501688196321666,6.2364459317221215,5.730023766877906,16.932596961977037,6.843065667360673,7.3184922947825015,5.149918562209578,4.4153032609029115,5.99840694699878,4.740464082181223,8.694368568693818,9.818382970568244,24.26706137995609,12.497103295810977,15.619487881436502,10.204067744337754
12,7.045185695920952,5.4684127027345255,6.73007132180391,6.203416181260207,6.705835902334674,28.427985647362142,8.98310063485709,5.650339669884783,4.112581699694875,5.866570993664369,3.5096241530775867,4.604604131440915,-0.0,6.829599054430789,12.004844469129937,4.0175201076392195,4.850249286606378,5.778291594356115,5.904464042787976,6.1181794142380586,4.9827295585246185,10.952022544282105,8.763858147241097,10.438939555132716,10.357834230954452,7.703961061961196,6.1391382000103425,11.60971533569081,13.307071419811052,17.02550138054073,12.159111007610937,6.1152456903908154,18.407614668293057,18.36525392604896,18.996114497495743,13.062552326955725,10.309902624249377,18.188844853406422,13.827218434449634,13.850112551216233,10.85930149033175,7.617579868664155,3.790592079996625,5.937218090197802,7.869541560752145,8.936762949287376,17.38786053709941,10.30068460018737,11.014938486970214,8.1554704082675
13,9.736247453869879,6.954016233570841,7.8675703548603275,6.165111999441651,6.805984197501676,22.55889633262005,10.447939025624025,7.590337236647406,8.090365350727861,5.717786168143899,7.287372656610844,9.121115412790152,6.829599054430789,-0.0,11.146428191845276,6.026137048767538,8.18480823473655,9.704940548321856,8.012613396982601,7.182936411902976,7.159826054442053,9.338648036865465,9.788673160459075,10.639263202804024,12.326173961346175,12.609191006721971,9.807811120205473,17.895809619731693,19.590016275273737,28.346715442081575,21.11322294435565,9.918606008258934,25.10151726684148,22.071554079861098,22.547052102774096,16.470084116156222,15.071001158800302,19.389489086452674,18.207899293518448,19.070397300731436,14.660604703639946,13.66772691207088,9.060767981623938,7.714485825715916,7.237181919920824,13.91244964145092,27.689009630220017,12.361731773605817,13.794240035616752,11.932921880093389
14,8.246050884608469,13.51672890513736,16.70615802324283,16.471256979798913,12.00114598002847,23.754080628300613,8.171444343499788,9.648796054395117,11.226889784958603,7.816179012783537,12.169732698731265,13.948913698620315,12.004844469129937,11.146428191845276,-0.0,9.016372516895178,16.6946057804706,15.742092071398018,8.917556645630267,16.420118443869413,12.851084918794623,7.281787460636597,9.988359621934107,9.466701947533268,14.675407616198815,12.938894211092473,11.980457443469673,22.930475146970785,22.846785938144624,32.9501625378248,22.651936135086302,16.287267764229437,36.4360045683969,29.54232130313583,30.59899867698608,25.950629757713255,22.579665570692253,12.464876441962994,26.354501514084337,23.49392375367367,21.514852126758274,21.358846687241943,17.303322442747888,12.695825090159369,8.021674615248578,12.279592180212404,23.290873123413444,15.685957841775755,17.458138503253096,13.031803199153872
15,5.583586650632498,5.468223630136821,5.293719950309795,5.147247359642128,3.6395254917886946,22.68651822044882,5.251612536322094,4.158048495827644,4.164597247354414,4.23074056569908,4.033429715792197,6.304808277009346,4.0175201076392195,6.026137048767538,9.016372516895178,-0.0,3.5395030629762916,5.216716304694819,4.416793725420212,4.651740460007339,5.750402446726241,6.157423508399648,5.66868539397716,5.777267884443571,6.8072030556603655,5.537506134468413,4.879030766018172,9.103576022115032,9.884986060242488,16.01327813284884,10.660434660920147,4.343507681532975,16.310378569453082,12.499966625632844,13.748775393055277,10.692601322947683,10.039528742653829,15.199906379645201,10.963121015870788,10.841950680197542,8.057758683249158,6.877958407939743,5.083099094621305,6.32686798384805,6.492961918764719,6.0415643302111635,22.958398144467587,7.422271827141064,8.700413086770586,5.405911620007911
16,9.466646525504297,5.7538371729492885,3.1543906139476476,3.5114258220028027,6.432182366652269,24.801971357121637,9.173551747771512,5.914982333622961,6.871175973069831,5.637008965936456,4.136439511521312,4.121270151362711,4.850249286606378,8.18480823473655,16.6946057804706,3.5395030629762916,-0.0,2.9293746063658883,4.76503252885169,3.3647532264191065,5.858162350815994,8.509728509957037,8.451084816247647,8.752583817471091,8.37624256433779,7.964414024001254,6.991638949234655,6.276855742433115,9.741190930054685,11.301020159805288,9.088264510245466,2.9687748715443307,10.3242157017088,10.820122739339606,10.020854729838826,6.1587233796038765,7.041363965941357,12.49939317497251,7.189018769052205,9.209244102973594,5.230418436241167,4.290615017367087,3.9028523398915773,5.554597416340887,10.231907684903156,8.017400751989623,19.034376031379182,9.402470527873161,9.590097884950483,5.916298775237288
17,9.820635234669446,6.570397569543696,3.884295438089326,5.045242995633454,7.617413497389497,22.910813786759103,8.460574703811604,8.232683518814083,6.995170598457497,6.988936258115291,5.730434799255657,5.93958330526819,5.778291594356115,9.704940548321856,15.742092071398018,5.216716304694819,2.9293746063658883,-0.0,7.105800897929456,3.499917414374565,8.470688220852983,9.81975483904294,8.195633620728014,8.611704383703684,7.717002568108457,6.148573308592481,6.923524793361272,6.290855519173755,6.666090307339079,8.149331593920559,6.648997848640497,3.5894020676563776,7.2385823190116865,8.066808444901497,8.709501504864253,6.4039546974937345,4.047914627065737,17.26808433933093,5.985773459301752,6.7391024028357895,5.635713358308936,4.519556740107777,4.563055220633692,6.278958579340525,9.914785876665992,7.284347318066245,25.350043668943922,9.080966662232374,8.759066212065848,6.287402388974543
18,5.582719020079468,6.636700655196489,7.430471375837527,5.1090779198900576,5.641965871084277,24.522783176701367,4.973398741378341,2.914484783040701,5.230261498353367,2.5819052650779266,6.317539550647735,6.747492886322526,5.904464042787976,8.012613396982601,8.917556645630267,4.416793725420212,4.76503252885169,7.105800897929456,-0.0,5.398028275298616,4.757054113669202,4.63741327542125,6.032733406361878,6.808885878868401,7.27808169910761,6.33736136333633,5.3390632376864335,9.810724459931773,12.932726173675444,17.028884842938762,13.426849787830998,6.733992381517254,16.357445511316293,15.869135769357383,15.928897142126035,10.232219415651373,12.040724827935268,7.55647223221907,12.443953929495219,14.3440520176003,9.982357224046115,7.832040024657022,5.1865860121466465,6.75407855900811,4.3967695371901545,5.735214222371968,16.31257132849581,6.710256175660289,9.735400030028945,5.743126392164371
19,10.541857901533458,6.44448970501366,4.969904828070676,5.463414055014871,9.327750848196393,20.114600694120515,10.101066052822281,8.155427335607085,7.184677027165557,6.868155272343223,6.324324558276493,5.6124687487788965,6.1181794142380586,7.182936411902976,16.420118443869413,4.651740460007339,3.3647532264191065,3.499917414374565,5.398028275298616,-0.0,7.151340126449156,8.974946652529951,8.11194283748168,9.27695718240243,9.514878101942378,8.033651737674171,8.62217683650483,9.723655112635548,11.057492894687163,13.834069090933802,11.220893740847048,4.652381160300017,10.969162290046421,12.656751142638997,12.421696627826577,8.355788244392041,7.05713067170643,14.048992826939395,10.215766754655776,11.32308058981034,8.02712348963857,6.812262973003354,4.829137195211118,6.601289674855755,10.614488680055716,8.717986749411752,24.213790150312676,6.468774452976471,9.60712332056807,6.284154641284785
20,6.511155455986566,4.602840591471337,7.307653320756189,4.24316860405242,4.692173654823751,26.9257724382581,6.496191394687712,4.27272980044006,6.587069862042818,5.467567296823813,8.215550712488167,9.682418101125345,4.9827295585246185,7.159826054442053,12.851084918794623,5.750402446726241,5.858162350815994,8.470688220852983,4.757054113669202,7.151340126449156,-0.0,7.053834649974496,7.714144892953275,7.424707175199018,6.917618020568571,5.975336456027625,3.8128711883395727,11.901471653858719,17.957397218771792,21.11525266015997,18.91838302438372,7.2210303181413105,19.489577915159572,21.727974514110695,19.666497502550957,14.201529861887352,15.681414365477128,11.523869145409815,15.776050669323306,19.186657604112966,12.770373416826175,10.282030027349593,6.122946134387155,7.077856045390849,6.703230849219959,8.513568855829105,15.210615183091836,4.903906785439277,7.119076240924542,5.693460929705827
21,6.080280940370775,8.35999257608528,7.9209612472555575,7.633666387369677,5.267114284574471,17.641814586138494,4.813717015070104,3.342659403949584,8.313016700235083,4.551022428828646,9.480130151334079,10.299654941243952,10.952022544282105,9.338648036865465,7.281787460636597,6.157423508399648,8.509728509957037,9.81975483904294,4.63741327542125,8.974946652529951,7.053834649974496,-0.0,6.5928163094744745,5.2585516341856575,6.5997552641728126,7.269883749229377,5.955911256843781,11.711492277903577,15.839992517370787,23.21691552358471,16.36533908243991,9.496190116089466,20.87674657587784,18.977428025173637,17.60935874943321,16.013387700492245,16.6542853805838,7.26135137642702,18.101381300646622,17.445433486315373,12.346358377306968,13.646932444252382,11.014610866645294,9.16283665729489,5.746640717487091,6.666777823019009,20.688542509128514,6.111788940514334,9.110120436591046,5.307185178960115
22,4.0975886840765945,8.731628505969017,12.051260452682634,8.121028815102239,5.8009560964339775,11.950345782183621,3.45083352789831,5.648947781482255,5.880620279426255,4.7915028115457154,10.087425089107082,8.997490025758237,8.763858147241097,9.788673160459075,9.988359621934107,5.66868539397716,8.451084816247647,8.195633620728014,6.032733406361878,8.11194283748168,7.714144892953275,6.5928163094744745,-0.0,4.687807098257947,6.55172329253627,7.539413464452753,6.202681491817543,13.6881351368276,16.233997833788266,23.04745826469522,18.310600646206716,9.887283461405001,22.239324500702256,20.027049720253267,20.554660516322237,16.601914747323768,15.512616243409312,12.231517995340274,16.29059354663737,16.880325501547258,14.600731520897138,12.79797905394088,9.37869081592999,11.903275068832261,5.871860563588436,7.003588199776511,23.411295415636204,8.095596091909762,9.545941581344564,6.962195770183151
23,4.053924249991634,8.501406391450448,11.760713195384607,9.088898779970641,6.674283358912519,13.435118457018337,2.897799544566156,6.492690124850822,6.8438890282710965,8.67556231103742,11.443319842508402,12.304198787200141,10.438939555132716,10.639263202804024,9.466701947533268,5.777267884443571,8.752583817471091,8.611704383703684,6.808885878868401,9.27695718240243,7.424707175199018,5.2585516341856575,4.687807098257947,-0.0,3.851423944151681,5.995816360429634,5.580307377412338,9.970232594361654,11.34826895065985,20.193447206306644,13.557960258731667,9.200358651819814,21.567801811532384,15.885666251747782,18.33735816318658,15.3237784647894,14.937432466811911,10.71590074438303,14.734192300700254,14.44895198646502,12.473696956754955,11.45022058743718,10.271312570180884,11.992097877292263,9.560339960173884,4.392592538221565,20.160791382055475,7.384494809818211,6.1106823871305975,4.777500867950287
24,4.458758596897953,8.342304458951201,10.9101096335204,8.59624361795834,5.928361122078693,14.714629338687148,3.8842112904722708,6.887096472950889,6.5519646330740775,8.494520259684554,11.259429326484307,11.943975216639439,10.357834230954452,12.326173961346175,14.675407616198815,6.8072030556603655,8.37624256433779,7.717002568108457,7.27808169910761,9.514878101942378,6.917618020568571,6.5997552641728126,6.55172329253627,3.851423944151681,-0.0,4.969839896865981,4.016288112406436,6.453743494502878,8.976809981681475,16.638166709197126,11.715886968871295,8.53778606766671,17.47138144094617,13.676445652715676,14.751628070916286,12.867640794723663,13.360546232402402,8.827048631138913,12.815401680297798,12.89297342483396,11.359086502448747,10.287702507887078,9.14950082729619,9.83572827418028,9.386281016005329,2.6773381368635403,16.08864552875706,6.874198734986263,6.037422423384649,3.9282126091081686
25,5.989040353823008,5.8976450075860285,8.63705905515423,7.062054260054963,5.4407698990471545,23.202581344849538,5.068730584480577,5.274970000611812,7.252733174846432,8.915388786188336,8.34769104482003,10.382222576478123,7.703961061961196,12.609191006721971,12.938894211092473,5.537506134468413,7.964414024001254,6.148573308592481,6.33736136333633,8.033651737674171,5.975336456027625,7.269883749229377,7.539413464452753,5.995816360429634,4.969839896865981,-0.0,1.8896233345005709,5.409639942202847,7.9646689973542655,15.41929892101648,9.435964742662353,7.319777253863706,15.403000279744116,11.681427977412962,14.046073020209304,11.556981873665526,9.50702155959374,10.760002550896957,11.11447029234879,11.6504465960811,8.918411873848756,9.062257334232285,6.6390971665430545,10.398270871701062,9.403052102141,4.948518075809899,18.496855282295243,4.977624568935563,6.0245778461879675,2.521882844035901
26,4.205514136253144,5.693809063279882,7.994370813394536,7.501619260789062,4.1685124255975845,23.11451244558627,4.640116263933415,4.84982275672572,5.648946310809982,6.8618318896768296,7.775055546379416,9.425554774510434,6.1391382000103425,9.807811120205473,11.980457443469673,4.879030766018172,6.991638949234655,6.923524793361272,5.3390632376864335,8.62217683650483,3.8128711883395727,5.955911256843781,6.202681491817543,5.580307377412338,4.016288112406436,1.8896233345005709,-0.0,6.598378438777874,9.450913151746688,15.80576429607839,10.859544155183958,6.077722313460493,17.287127097185934,13.826119193405422,12.849548894781648,11.39959858753803,12.228351737741264,12.204164514331959,11.17639836948955,11.447639299096679,8.991557593088308,8.280123646864093,6.288062720274135,7.853270217375738,6.5386371910820085,4.952594456505855,13.678607591658404,5.487742058005403,6.631112072243404,3.1284225290670293
27,11.357332242562098,11.38198343858311,8.434365276302008,8.300546555715439,8.894249538587026,23.01209629668498,10.289875484050665,9.572898214148188,8.718386051808993,11.266998501332834,10.010761900940983,10.98890216412718,11.60971533569081,17.895809619731693,22.930475146970785,9.103576022115032,6.276855742433115,6.290855519173755,9.810724459931773,9.723655112635548,11.901471653858719,11.711492277903577,13.6881351368276,9.970232594361654,6.453743494502878,5.409639942202847,6.598378438777874,-0.0,4.5839071307529435,8.751258653716103,7.044378304262179,7.797117513354264,8.138330617150347,9.637326590743532,10.813231031810268,8.53651277292335,8.495529853968947,14.150156407011002,8.732848377774694,10.420567101808956,8.38600553196151,6.7429924414695135,6.472999864510132,9.319690454442773,11.488636938297615,7.686560581615805,22.378800085514474,7.708269063160937,6.385030606511492,6.047239260848918
28,12.217694011932156,14.186824687533376,9.87440087846182,10.856208391008588,11.491934544353612,22.069905201283785,11.649984624779751,13.448149003267908,9.01024098131187,10.89901248413417,10.026572952287927,11.333695354689777,13.307071419811052,19.590016275273737,22.846785938144624,9.884986060242488,9.741190930054685,6.666090307339079,12.932726173675444,11.057492894687163,17.957397218771792,15.839992517370787,16.233997833788266,11.34826895065985,8.976809981681475,7.9646689973542655,9.450913151746688,4.5839071307529435,-0.0,4.804146701871062,4.439967401439368,8.56159983254127,7.054879972485814,6.752056635006971,7.886117062869834,12.300323991234704,8.533130360894637,24.613737725981647,5.70942223006346,5.910136856444962,7.136357241120739,7.2759886464374475,9.513117416743484,12.473897234641088,12.375406379114343,9.256296498562635,31.45936066312113,15.069557671127576,10.092652783254414,10.383097530952988
29,20.21966324006431,22.262917279660197,11.199775570043574,16.529187084843887,19.356025360395133,31.989137311342823,20.882883660865975,17.92268219567749,16.86078069492303,18.703072761433894,13.681556915345066,13.089335604936736,17.02550138054073,28.346715442081575,32.9501625378248,16.01327813284884,11.301020159805288,8.149331593920559,17.028884842938762,13.834069090933802,21.11525266015997,23.21691552358471,23.04745826469522,20.193447206306644,16.638166709197126,15.41929892101648,15.80576429607839,8.751258653716103,4.804146701871062,-0.0,5.947028721228123,9.100323037436482,10.906117822220747,8.678288824188899,9.352616332949035,10.435008146124561,7.857218323883138,26.942250340390977,5.355662784093375,7.269533850049286,8.48551332924949,5.712089380435494,10.154015724404701,14.296305384111227,18.31996705443738,16.07594051455092,29.561483545347645,21.728254123057948,15.96001877506762,13.969522422687877
30,13.784683222493681,15.141759489351617,11.071650802883505,11.902967982576829,12.97117893068177,24.48023064203956,13.188123138305631,14.074268018306164,11.316688549032099,12.352349502718157,10.304082978595934,10.079348411614696,12.159111007610937,21.11322294435565,22.651936135086302,10.660434660920147,9.088264510245466,6.648997848640497,13.426849787830998,11.220893740847048,18.91838302438372,16.36533908243991,18.310600646206716,13.557960258731667,11.715886968871295,9.435964742662353,10.859544155183958,7.044378304262179,4.439967401439368,5.947028721228123,-0.0,7.514101818412679,5.52259113898448,4.256665246367602,5.277345198069386,9.239377189934777,5.125520357675134,24.812134484018074,4.218508671166713,4.3308251094238885,6.246370383564549,7.398382972731935,9.453418094339781,12.509655461530054,14.147027145773373,11.179361429375163,30.114384614198464,15.309808720981584,12.196150027599435,11.177071991697462
31,8.876787330628632,7.1842762916461735,3.8095266023487815,4.97724431318709,6.695973749061811,24.80033617135854,9.942271459161098,5.973115775873361,7.949833437511893,6.438021682325199,5.889198770951406,4.5064642676222,6.1152456903908154,9.918606008258934,16.287267764229437,4.343507681532975,2.9687748715443307,3.5894020676563776,6.733992381517254,4.652381160300017,7.2210303181413105,9.496190116089466,9.887283461405001,9.200358651819814,8.53778606766671,7.319777253863706,6.077722313460493,7.797117513354264,8.56159983254127,9.100323037436482,7.514101818412679,-0.0,8.378734820383976,9.277917042526168,8.735203971076519,5.516822825273513,6.266755729359028,15.560197130226058,6.31599105946148,7.669744461717486,3.812357621525078,2.6668439244492115,3.583539636089051,5.081019715673349,7.764215786691733,8.654183204398699,16.416350851818397,9.268974368304773,8.800063868762464,6.035921995234554
32,22.4662364381526,19.869531346947976,10.809545500792606,13.61872020534774,18.354020905139535,36.153712017977234,22.02234411103025,16.498390986960338,15.848847161818421,18.069275088844503,13.057876773518622,11.438913908657387,18.407614668293057,25.10151726684148,36.4360045683969,16.310378569453082,10.3242157017088,7.2385823190116865,16.357445511316293,10.969162290046421,19.489577915159572,20.87674657587784,22.239324500702256,21.567801811532384,17.47138144094617,15.403000279744116,17.287127097185934,8.138330617150347,7.054879972485814,10.906117822220747,5.52259113898448,8.378734820383976,-0.0,5.228539422270594,6.8144659470479105,8.513907903892349,4.586412025681428,25.355409348230072,5.910190398131983,7.043028407586826,6.063049683111372,7.15720115943999,9.22579852799572,12.552621336477365,17.624072013808973,18.92560653426186,35.23593936501515,12.73466253112423,14.527113343103478,13.09751716092871
33,17.37548190954017,16.871142472730664,12.197477145506161,13.933735870626917,15.250190740621003,31.01412924620671,15.449679324080517,16.08709506016593,13.6678400593664,12.762204173061562,11.043378092875903,8.808820336751433,18.36525392604896,22.071554079861098,29.54232130313583,12.499966625632844,10.820122739339606,8.066808444901497,15.869135769357383,12.656751142638997,21.727974514110695,18.977428025173637,20.027049720253267,15.885666251747782,13.676445652715676,11.681427977412962,13.826119193405422,9.637326590743532,6.752056635006971,8.678288824188899,4.256665246367602,9.277917042526168,5.228539422270594,-0.0,4.327948334458157,10.279671859873599,5.014036788032468,27.46814670294655,3.5148716167511718,3.2034906033328068,6.507476133636995,9.31468134787342,12.461218028707124,13.630106133566164,15.728644956499389,13.42157318472252,36.594504761973674,17.37298699966404,15.754378379943503,14.094363090527345
34,14.770029061887703,17.283962804630082,12.294736108577442,13.33312236440334,12.506763537045813,27.633351857462948,18.2823611889085,15.113649439248967,14.482774436195024,14.732232398823399,11.458285374276679,9.501688196321666,18.996114497495743,22.547052102774096,30.59899867698608,13.748775393055277,10.020854729838826,8.709501504864253,15.928897142126035,12.421696627826577,19.666497502550957,17.60935874943321,20.554660516322237,18.33735816318658,14.751628070916286,14.046073020209304,12.849548894781648,10.813231031810268,7.886117062869834,9.352616332949035,5.277345198069386,8.735203971076519,6.8144659470479105,4.327948334458157,-0.0,8.302855281044314,5.334464544984594,27.93466739525396,4.800212989349866,2.6331231890694795,6.815061258119341,9.578227300102782,13.120603513739974,14.696923965103247,18.199256939787688,16.31137223019551,27.22974797388737,16.297072531960513,15.96667791649085,12.821664503704719
35,14.329329242159378,13.643546206934504,8.255061372700558,10.561374705967587,14.727613482371556,27.421663059882576,14.937197105367964,12.73368478591903,12.686078997606144,10.950425695625926,10.066682299423242,6.2364459317221215,13.062552326955725,16.470084116156222,25.950629757713255,10.692601322947683,6.1587233796038765,6.4039546974937345,10.232219415651373,8.355788244392041,14.201529861887352,16.013387700492245,16.601914747323768,15.3237784647894,12.867640794723663,11.556981873665526,11.39959858753803,8.53651277292335,12.300323991234704,10.435008146124561,9.239377189934777,5.516822825273513,8.513907903892349,10.279671859873599,8.302855281044314,-0.0,6.572479414467328,15.401402403693961,6.470620842964091,9.504089400363144,4.88035221048197,4.865784204114572,6.848338373239535,7.396516884104636,12.525213415798415,10.522848684015628,17.559778143033668,12.717178665125672,13.761150045237033,10.910834165862157
36,15.222144483091368,11.710734672886275,7.1204449588119125,10.394418183666724,14.70709395881955,27.483436414968832,14.47326632893706,14.64718324815526,12.048391632659474,11.036887253402355,9.216356341273869,5.730023766877906,10.309902624249377,15.071001158800302,22.579665570692253,10.039528742653829,7.041363965941357,4.047914627065737,12.040724827935268,7.05713067170643,15.681414365477128,16.6542853805838,15.512616243409312,14.937432466811911,13.360546232402402,9.50702155959374,12.228351737741264,8.495529853968947,8.533130360894637,7.857218323883138,5.125520357675134,6.266755729359028,4.586412025681428,5.014036788032468,5.334464544984594,6.572479414467328,-0.0,22.49177098892567,3.3749135459082265,3.8290422367244985,4.837211684822126,6.301225512745629,7.4638662525447526,7.114666496727715,13.956869821625824,11.456375418219658,30.9840624579631,12.3229679068476,14.268960083276806,12.26262920257773
37,12.328311914056584,14.891379015771843,17.37378507438057,13.542266496409987,13.762074359409263,18.322915336774397,8.784567090029174,10.466975872432895,15.689125233935266,9.602479263241761,18.518109704790582,16.932596961977037,18.188844853406422,19.389489086452674,12.464876441962994,15.199906379645201,12.49939317497251,17.26808433933093,7.55647223221907,14.048992826939395,11.523869145409815,7.26135137642702,12.231517995340274,10.71590074438303,8.827048631138913,10.760002550896957,12.204164514331959,14.150156407011002,24.613737725981647,26.942250340390977,24.812134484018074,15.560197130226058,25.355409348230072,27.46814670294655,27.93466739525396,15.401402403693961,22.49177098892567,-0.0,22.95674193585317,27.887506405241197,20.76372846154299,18.804858853589863,13.819660071741305,15.476737733820778,8.71029678034767,9.052149684656685,12.869569613669764,11.759018037619994,13.007792802913041,9.471000365762311
38,14.365728941860478,13.85617507736378,8.865935098884792,10.798049393587522,13.73077469681559,27.468580088274134,14.784343860397932,13.591038854232094,12.099773350755349,11.765119046143408,8.834905464640308,6.843065667360673,13.827218434449634,18.207899293518448,26.354501514084337,10.963121015870788,7.189018769052205,5.985773459301752,12.443953929495219,10.215766754655776,15.776050669323306,18.101381300646622,16.29059354663737,14.734192300700254,12.815401680297798,11.11447029234879,11.17639836948955,8.732848377774694,5.70942223006346,5.355662784093375,4.218508671166713,6.31599105946148,5.910190398131983,3.5148716167511718,4.800212989349866,6.470620842964091,3.3749135459082265,22.95674193585317,-0.0,3.0028225152485195,4.539342861257131,4.4010536506210025,8.279254996040189,11.492361122363803,13.758117891872192,11.620005532848207,24.93741048933632,17.000368177079277,13.662695527902063,12.161984868485149
39,12.81375804078438,14.960444488845699,11.2291604888253,11.919351944444537,12.671590624634861,22.891418157297604,13.428132762368135,14.172355071533168,10.859495733112185,10.97797383650817,8.669408510360675,7.3184922947825015,13.850112551216233,19.070397300731436,23.49392375367367,10.841950680197542,9.209244102973594,6.7391024028357895,14.3440520176003,11.32308058981034,19.186657604112966,17.445433486315373,16.880325501547258,14.44895198646502,12.89297342483396,11.6504465960811,11.447639299096679,10.420567101808956,5.910136856444962,7.269533850049286,4.3308251094238885,7.669744461717486,7.043028407586826,3.2034906033328068,2.6331231890694795,9.504089400363144,3.8290422367244985,27.887506405241197,3.0028225152485195,-0.0,4.688107755094285,7.2911131096722945,10.73690586419554,12.591792808383087,13.086776812901824,12.172783459639804,32.59337048345009,18.228468285064586,15.223761167949377,13.116468759559183
40,14.162556606713363,10.738517283494573,8.344956837559243,7.303573271889911,8.451744959227678,28.14348020473725,12.981348677613434,8.338295889691144,9.669291730962918,8.37623297881522,6.627698585418655,5.149918562209578,10.85930149033175,14.660604703639946,21.514852126758274,8.057758683249158,5.230418436241167,5.635713358308936,9.982357224046115,8.02712348963857,12.770373416826175,12.346358377306968,14.600731520897138,12.473696956754955,11.359086502448747,8.918411873848756,8.991557593088308,8.38600553196151,7.136357241120739,8.48551332924949,6.246370383564549,3.812357621525078,6.063049683111372,6.507476133636995,6.815061258119341,4.88035221048197,4.837211684822126,20.76372846154299,4.539342861257131,4.688107755094285,-0.0,2.774154514874482,5.929419971991804,9.236790246202046,8.585946175708134,12.981562724751061,28.285350779616806,10.820493667456237,10.975963663238623,9.217803115361642
41,12.564050605499908,9.857695016136358,6.041210027058019,6.790837295584682,10.027410260900218,25.72612631989031,12.925066747517993,8.655005430291077,8.535054116505457,8.516673890734218,5.643659403691187,4.4153032609029115,7.617579868664155,13.66772691207088,21.358846687241943,6.877958407939743,4.290615017367087,4.519556740107777,7.832040024657022,6.812262973003354,10.282030027349593,13.646932444252382,12.79797905394088,11.45022058743718,10.287702507887078,9.062257334232285,8.280123646864093,6.7429924414695135,7.2759886464374475,5.712089380435494,7.398382972731935,2.6668439244492115,7.15720115943999,9.31468134787342,9.578227300102782,4.865784204114572,6.301225512745629,18.804858853589863,4.4010536506210025,7.2911131096722945,2.774154514874482,-0.0,3.9994660862725016,6.769334496028508,9.608824846853418,10.904735121280147,22.803055228550082,13.172698161977578,10.280654068181526,8.296536418920288
42,11.0860436197935,6.764407243358474,6.836176643060068,4.455732764246475,9.272882812978072,28.98850441499427,10.772494243462138,7.554018390233913,6.1565609734323425,6.757685463751891,5.595052713503585,5.99840694699878,3.790592079996625,9.060767981623938,17.303322442747888,5.083099094621305,3.9028523398915773,4.563055220633692,5.1865860121466465,4.829137195211118,6.122946134387155,11.014610866645294,9.37869081592999,10.271312570180884,9.14950082729619,6.6390971665430545,6.288062720274135,6.472999864510132,9.513117416743484,10.154015724404701,9.453418094339781,3.583539636089051,9.22579852799572,12.461218028707124,13.120603513739974,6.848338373239535,7.4638662525447526,13.819660071741305,8.279254996040189,10.73690586419554,5.929419971991804,3.9994660862725016,-0.0,4.848780414230777,7.97674255324966,9.047178699816177,20.254811690058542,6.96301866831446,7.99496369806534,6.736578032984406
