,0,1,2,3,4,5,6,7,8,9,10,11,12,13,14,15,16,17,18,19,20,21,22,23,24,25,26,27,28,29,30,31,32,33,34,35,36,37,38,39,40,41,42,43,44,45,46,47,48,49,50,51,52,53,54,55,56,57,58,59,60,61,62,63,64,65,66,67,68,69,70,71
0,-0.0,3.347540178369416,4.5406265126183225,2.1653337861920834,6.291746612325541,4.296524348328713,2.94503865103433,3.904427448800297,2.7488825613962287,7.851987686903515,5.416358338965042,4.745093612694983,3.7251740513447467,4.071758087727027,4.679255321922024,6.221693899191709,5.121684432565445,8.773153512645365,6.785905342393165,4.578292882270254,15.77568152889394,12.172414155356403,11.902008198718601,10.359068512471666,7.656623305231589,20.79665830924303,11.984708715032363,10.194241433202661,17.701465303317313,16.674865824080026,8.910268776461558,11.338390323159425,7.50589638771339,11.129168171504507,6.841287287219103,2.924231719629099,11.628282790862954,10.203179935347363,16.856214552240292,6.799608587519526,14.55705370661318,14.445907312913697,14.206230845575819,17.587548874769592,9.080662384964816,11.70870523453602,11.46008043875157,8.93817655674373,14.335059774227568,17.52327897715476,6.84387799540609,7.749065362143504,11.55060615817365,16.62808445353679,13.246335295583489,8.23615424573009,7.909956702605272,6.875099285303444,5.554196261325248,5.039665123248455,5.00012331227536,16.972732044372602,11.087654039102022,9.868441430925655,12.324034557143502,5.517253156389415,8.263639741782345,4.753603135654178,10.605973190294424,4.566094169504556,35.885493943655696,23.747953263242067
1,3.347540178369416,-0.0,8.477155247947426,3.8038561894445198,7.176945411176005,2.782964336981058,4.418558538679707,4.196275835455734,3.4069548032358394,9.01375540588378,6.373128417102964,5.19192418489953,5.0059327634257675,4.498089681344184,6.496873896852334,5.108735159742587,2.5547075708755345,11.053656891834702,8.809433127896815,6.948785656264655,9.388441022874431,11.99382717087535,11.87820677677321,15.129230561412562,12.385672382889867,21.286019731936545,17.56589582710164,14.51014914214556,19.24697359139092,17.72939428760888,11.998720605645524,14.87895703153,11.685709945751599,15.152309754384957,10.90543341483984,2.044331171556599,17.346956040756282,14.354991157086463,18.697578951792224,9.924213470217467,15.682395559753957,16.691938470130435,15.833858367512581,19.30570661749596,12.944750063522866,11.246352758486767,12.332659143819589,9.905744053322426,13.367837783804065,15.80657090919709,7.901631368048656,11.16862687744427,12.861178086053702,17.159060916840065,14.116884639712294,11.07768999604496,11.320974688036896,8.40381925298717,8.06103777289132,6.791560498412181,6.537547869578851,9.810480531558643,7.841036666515112,7.528686776956726,7.753519061904734,6.964776201116607,8.12760176503828,5.232419596373658,5.148404954848942,8.002176871892061,22.875589942565398,16.38985329456011
2,4.5406265126183225,8.477155247947426,-0.0,5.5180800933882415,9.895352307509306,6.629810072461868,5.293309015324234,5.870188026596446,7.014787341624201,12.289734826737018,8.350662145962668,7.106675957173739,5.586859401522509,6.966768219432745,8.103163323281713,9.030133878822463,7.580028586332954,7.88712980641091,7.424780872167849,6.8370491316550615,22.274186488690123,16.38691796970218,9.900018556276834,11.083592385004026,8.637611229817164,16.41311954277907,15.028952768652333,10.920697085272785,13.087697184815866,11.855960279047403,11.620280263095967,13.311231262954818,9.141271925756325,13.42704687976464,8.332878322515143,7.714971914358221,13.607526637785643,13.776560912113641,15.053658942477648,8.821224507945429,11.294471330014517,15.069448662488306,12.940227017816206,13.053300298794545,10.886916488648101,8.470578208468272,7.555842837621609,12.280032189555069,7.5435641467408345,9.128312687279207,10.212771154963047,8.847756160464257,8.446936768755803,14.199813831246693,12.638924271855732,7.932154996642132,8.963775122700245,10.517358904971891,8.297858346259856,6.032341302609847,7.529494603595021,16.46002436578188,13.193857097786044,12.585716663713951,13.124758986022647,5.927596360996363,9.559670738317134,6.652898400595757,12.662926321503162,7.392369670127609,40.92596510756595,27.14580080865886
3,2.1653337861920834,3.8038561894445198,5.5180800933882415,-0.0,4.580227760780163,3.0067839021270037,1.3056409778261713,2.4832844795645594,1.1573960072494756,5.6897630804738935,3.7668449212150255,3.3495626242637564,2.1831487733293273,2.7611519980287493,4.746912088848493,5.1900537008535945,4.445950585753212,6.66849701525373,6.431506515721512,5.009624435961199,12.355737971808736,11.755407450143588,10.44964739800758,10.474010298716355,9.181134617902073,18.36689712736735,13.122166394374608,10.898783324358737,19.80573365467916,19.03133490813439,8.430011874414774,10.712257927531354,7.805794493126877,10.048371592555036,7.906745952260856,3.343986729673035,10.802258037623659,10.501023693902644,17.955339423785286,7.524070038889617,16.238954364614216,13.409092806504265,15.367494985416558,19.44529236209959,10.333144880151531,13.283682906157305,12.233813362593985,9.481544671918645,16.540514833866332,20.17500683649557,5.523841318873025,7.736299087639965,12.873180403031684,18.237178270072956,13.699764338284053,9.289844848093095,8.12107238980721,6.238052816792998,6.61306203848443,5.523102182292004,5.582151976699475,16.194021111602027,11.731996263377509,10.693576656347858,11.82557293292146,8.335285002451798,8.871144278139063,5.73955320379314,9.551459613872739,5.139146983822548,32.036038979630284,20.89356826932265
4,6.291746612325541,7.176945411176005,9.895352307509306,4.580227760780163,-0.0,3.9350956739591165,3.481504505292928,3.1219497035018215,3.233083869660279,2.5985737458422267,2.0601159586193516,2.0819959509876953,3.0670792904444637,2.862200743380161,5.522591392157046,4.618453426520382,6.371540664638791,5.928379010763941,4.891985474323404,3.831381787137321,6.982786951238357,9.598192401722974,7.994337537306089,8.76006449684021,12.821846961999766,17.06492415272811,14.030583878978058,13.5114571407666,19.347271767799008,19.379717506198247,8.92046008028076,12.395160613362055,9.399916846553431,12.1465956580739,11.630145228462602,6.658799767182827,12.922031307990453,12.488290871174872,17.662704931970115,10.269859538814478,16.303825855663998,15.379041308067805,16.122255946795697,19.271761122626955,14.097861780271929,11.899430298769088,10.965610228709199,9.551118084170135,16.036642289571567,18.754404470105452,5.363593040449744,7.704400892047613,12.603199625802132,18.09542368887922,13.084194422840303,11.718244015971914,8.034155092255517,6.964757449045703,7.377773906630729,8.686701329635731,7.784782506561823,10.828475281745764,9.226947931154523,8.855385091272517,8.80354494862776,10.837106170300883,11.821513637498521,9.763033814749067,7.338559101592403,6.282454226554155,24.33528852401331,12.014428463300533
5,4.296524348328713,2.782964336981058,6.629810072461868,3.0067839021270037,3.9350956739591165,-0.0,1.7604134065832255,0.8443227684014792,1.6687650616096976,4.702286938818099,2.2474510998977473,1.722501306425813,1.4807060247452968,1.1352909235677606,5.29334955855656,2.8604135931011734,2.3016170615190448,7.3782253556191435,5.760176703425181,4.107334039126677,8.089074314007641,12.764254308762125,10.131801086962932,11.352441233068433,14.74437369081245,16.18265265975213,17.914606984184253,15.944949239574436,20.59867442079068,20.21899582904495,11.402467128352235,14.657407986155999,11.801944067235077,14.951229777830664,13.389128260257845,3.7375945996570508,15.639849574096948,15.048268521358043,19.456665754886394,11.65045297050288,17.00427732680455,17.75249732208941,17.752518468506576,20.385809240838004,16.265512229816604,11.19565395674881,10.650976619747675,10.69856999414086,14.356274989195851,16.70692232052687,5.270656253183887,8.570404277259895,13.174062732722696,19.71503971931025,14.025940875708468,12.935914051802108,8.904232263166683,6.841380192500869,7.334802637306016,6.97423294463425,5.509301882601258,8.817623222853957,8.912588127859763,8.82672794663207,8.322193235291973,8.31861806226284,10.081253248077598,6.969326085837501,6.280900548235547,5.959865585896685,21.436334230501963,13.771627976087473
6,2.94503865103433,4.418558538679707,5.293309015324234,1.3056409778261713,3.481504505292928,1.7604134065832255,-0.0,1.288995654798519,0.7864393589988051,4.931144700319637,2.1756754821202446,1.867472049183894,1.0107164085274831,1.536076585183954,4.9102132325658605,4.110191566107081,3.7296251687921798,7.215579125118265,5.457122227741359,4.903941730166054,12.465228969284611,11.78397134128767,9.648474061848662,10.2984016424924,11.065733761317963,16.511629408018994,14.011227040782627,12.570179323994795,20.049013896354484,19.39470362646815,10.022586320693707,11.648849736643973,9.282630727225378,11.341355555460316,9.752688143672557,4.177803391607416,12.011975796150969,12.146636771640793,17.801745044878455,8.920956503753217,16.580970604204794,14.421987324182886,16.211280473196027,19.72260833725339,12.336269577652601,12.784760994831034,11.890778293337105,9.804261718053553,16.226698767930234,19.627206119088434,6.090031249243679,8.153038187505118,13.097148743723565,18.721242243540665,14.04764541815636,10.505551342806621,8.480527495371232,6.593128230866738,6.912579007288795,6.015581398101558,5.879750442584375,13.12178236934315,10.76392288545606,10.011585197007628,10.215217854335105,7.807104791860906,10.188986813055463,6.561133855210535,8.36320191644068,5.055261448948891,30.998950392609,17.27381966404838
7,3.904427448800297,4.196275835455734,5.870188026596446,2.4832844795645594,3.1219497035018215,0.8443227684014792,1.288995654798519,-0.0,1.2746188754902967,4.2012229769240985,1.716154711237003,1.1011193943586433,0.8476082824957553,0.6637580299255791,4.834931124868675,3.279959456817566,2.5057161935500423,6.405596492343165,5.176800461273221,3.960654360255293,10.340463016075796,12.518287532231644,9.568764594170252,9.754672213601282,13.357509592348535,16.177959710688906,16.059053784423778,14.348926259103276,19.54074522410306,19.2083208313063,10.19966574613877,13.099782385392427,10.349629512487681,13.121934376383217,12.092677304923468,3.977184122901967,13.666661893565497,13.368212587507296,18.187944086217982,10.550402956181415,16.00293652208905,16.3920116659664,16.592980846976257,19.27445141644319,14.806250481873803,10.970995707325967,10.155807003830567,9.813539572546409,14.292437213826577,17.068047085129837,4.834579857587176,7.4200011744943275,12.375571940695043,18.732972276569036,13.27155472698456,11.779674682251292,7.810494710042507,6.287497246116135,6.747056010088335,6.256150855352729,5.136844443559528,9.266794081649005,9.651665102238466,9.436148898916162,8.271862432817024,8.612812352757308,9.773451113133847,7.215274270960714,6.972103309886366,5.005027503874812,25.031187009375188,14.327304810652276
8,2.7488825613962287,3.4069548032358394,7.014787341624201,1.1573960072494756,3.233083869660279,1.6687650616096976,0.7864393589988051,1.2746188754902967,-0.0,5.333025890965264,2.8443624747566196,2.075098796284841,1.3926342883568568,1.5909693920464874,4.627106685358958,3.579647457709612,3.160125498750299,6.518370050184145,5.405096297172406,4.745845243150982,9.738326633100469,10.667459482268622,9.34795130414896,9.881916861947872,10.773180892895676,16.12298849771643,13.957732884489605,12.158139003892611,20.05534257852073,19.328175441148126,8.925278510538316,11.502556870292985,8.7279480414073,11.248082212341801,9.426495943680699,3.4615161978062683,12.124997183898271,11.40886976558258,18.2106356340208,8.622218862887825,16.405148055943354,14.118206607867348,15.770281044424907,19.735456369462163,12.043947339317063,12.74716254636967,11.782150021818381,9.589779400277672,16.144640241485696,19.39624748752914,4.991670263516511,7.790427310901073,12.958324866076884,18.320096689957857,13.544588759015731,10.27950131846424,8.070014899358394,5.943141503203843,6.6776149818682615,6.024350768914919,5.497503563175056,12.627611813768834,10.202546258552927,9.50188367500691,9.677235103529073,6.728136338523898,9.37556287075779,6.268160553836083,7.481969236727231,4.927044271687001,24.588347307563712,15.73684195741233
9,7.851987686903515,9.01375540588378,12.289734826737018,5.6897630804738935,2.5985737458422267,4.702286938818099,4.931144700319637,4.2012229769240985,5.333025890965264,-0.0,2.3784597881239313,3.109450224835444,4.1858689673799825,3.718657186077289,6.291708470683149,6.068208915609365,6.3208024365407764,6.436756528052517,4.411762962324411,3.7317925445995184,6.783502264107149,11.29161604676415,9.262063293720201,9.016572417124275,15.320857497890108,13.751576851046453,15.44557891589716,15.593446870756228,19.29954038939763,19.94501026023996,10.224645764399765,13.47467382672077,11.131980162016285,13.458109778388884,14.219714046273406,6.908434777243108,14.124749284951317,14.798866344563516,17.672402929175075,12.662520985705955,16.375023527013912,16.895305430097824,17.17589891911166,19.482141158310256,15.884296476989137,11.022141121293412,10.073141539134635,10.242746781730698,15.206351856241284,18.199214931586365,5.956463638921093,7.6271719503921656,12.474119646363048,18.585117112754784,13.656343115475096,13.194347135855462,8.565417745171688,8.521872118366572,8.444919564125309,9.088249594866063,7.502630985763879,8.012360616586697,11.175725555156436,11.08961405675734,9.047371802609668,13.467037035790872,12.489941690634797,9.534641159189436,8.028413481697344,8.52889008514115,21.935895450897824,8.96036149884924
10,5.416358338965042,6.373128417102964,8.350662145962668,3.7668449212150255,2.0601159586193516,2.2474510998977473,2.1756754821202446,1.716154711237003,2.8443624747566196,2.3784597881239313,-0.0,0.7980293735551386,1.4860006127838665,1.147463981456395,5.055995745694485,3.9447860493589846,4.478392677464931,6.012032914363325,5.138656192001898,3.8551339421852853,9.209938826667146,12.231230362920325,9.334882203138129,9.566167957025534,14.36570189410011,17.03981615332863,15.940368545115103,15.044643890577566,19.46083582721985,19.462215804325282,10.23455583436834,13.830572725058882,10.853789826545215,13.573174572474649,13.08988898514943,5.21968267475741,14.010753889364533,13.996721348476889,17.909062624298166,11.373608632348144,16.125486526594102,17.266952086598593,16.88048675869182,19.329686115814933,15.686891748089138,10.63107967440809,9.923780227818876,9.913501886623573,14.241585159846222,17.479514498373995,5.206585597290597,7.2787129745030885,12.356067364238784,18.8060845813283,13.123012761845283,12.593984846727832,7.847663486039187,6.580771594106278,7.140204054528929,7.405943051216931,5.934633779762726,8.457504011193347,9.510318213971209,9.252417743681402,7.765514955148579,10.114055614097579,11.111758586406566,7.877895284828544,6.833453235464642,5.7425792360749375,25.7327018551813,12.254905158644764
11,4.745093612694983,5.19192418489953,7.106675957173739,3.3495626242637564,2.0819959509876953,1.722501306425813,1.867472049183894,1.1011193943586433,2.075098796284841,3.109450224835444,0.7980293735551386,-0.0,1.2819962919230452,0.9175105955339665,4.666037708169454,3.2336552296761383,3.8804808122849357,5.981953096363171,5.071249976143334,3.7428111418707726,9.530935304552061,12.15214478680014,8.829904564861119,9.280558481712186,13.44967794154455,17.273089808679824,15.499874480096324,14.506819798463436,18.57345146531094,18.4128878498039,9.998566702225354,13.484193495436738,10.430549826553634,13.067499875982207,12.337165355472731,4.6372194780980776,14.250755130603364,13.570233898460899,17.0066130556344,10.647852214190378,15.217883113067126,16.968934049893182,15.999362360116605,18.385901457688473,14.85084767855462,9.961011130309949,9.63179021376746,9.308960000987499,13.292287259713056,16.214085004455242,4.809512885667064,7.266888733539123,11.629581178333744,17.838559268033464,12.427254447350306,11.727013571168142,7.629532233792264,6.045642163909929,6.428939965519863,6.581622346053288,5.317496668371175,8.580158258145211,8.205613282905773,7.8712679360528215,7.227069405831811,8.469093892516094,10.378024808075383,7.484217861065805,6.462812489565855,5.284129991106746,25.267302629619902,11.905833376261077
12,3.7251740513447467,5.0059327634257675,5.586859401522509,2.1831487733293273,3.0670792904444637,1.4807060247452968,1.0107164085274831,0.8476082824957553,1.3926342883568568,4.1858689673799825,1.4860006127838665,1.2819962919230452,-0.0,0.728334469771271,4.493229387977919,3.6746062194483886,3.5182745832173654,6.591276471937983,5.060382845540616,4.007144317955942,11.514067382038483,11.827044217462504,9.342248350500837,9.04744901962986,12.023955439923139,16.84908357368678,14.346292867432199,13.063352109850936,17.69185080414821,17.377501944381738,9.718779222600899,12.143746372477244,9.626406487428298,11.81053390815663,10.828901306339885,4.241900026434321,12.247243903058207,12.344448268870005,16.16879078867402,9.334308305705665,14.464920258825918,15.342969179444054,15.086810794503378,17.441489951104696,13.396276929127788,9.823853757621738,9.261223248399823,8.83408527049306,13.202448896369898,15.96055246942641,5.3251373433853475,7.096540937741621,11.126406868330232,17.110970658581934,12.087929653192996,10.598069643121885,7.445804767033914,5.909283443709893,6.2663656101008565,5.796195020657591,5.164428015681397,9.418744166839145,8.879946544142427,8.582093554396607,8.040061347842506,11.256286747121882,9.685724945793462,6.602044002061002,7.119623003365643,4.6191288547889195,28.588979745810686,15.094950680391499
13,4.071758087727027,4.498089681344184,6.966768219432745,2.7611519980287493,2.862200743380161,1.1352909235677606,1.536076585183954,0.6637580299255791,1.5909693920464874,3.718657186077289,1.147463981456395,0.9175105955339665,0.728334469771271,-0.0,4.268521857337249,2.8909350575748567,2.9770779930263243,6.247236852883446,5.7127366644416275,4.0876434773856625,9.999719557109263,11.991036199971202,9.122674433173318,10.005613832906342,13.017044742622499,16.764750137304137,15.165197835466978,13.72089893067457,18.037491353994294,17.8059589442327,9.677198850855671,13.085010077262268,9.934619547651046,12.854392750223704,11.721747632334727,3.642835718975019,13.370015927094554,12.607816664338632,16.69479641028959,10.079214365981974,14.686805342123336,16.192991170352855,15.484016878426507,17.88455006775133,14.295638874336468,9.478464517025724,9.180757225775766,8.925456383297888,12.664134700913579,15.509880936264798,4.57647771786458,6.728010493604287,11.210572683340816,17.46187495150739,12.046544346102332,11.223454451382949,7.108422934148523,5.658208915294237,6.271590695479421,6.121145581363768,4.826035664387579,8.057011900448384,7.891055742484289,7.563710066641111,6.582670996935104,7.799084889715394,9.292469919564246,6.7093164833951775,5.715877692343294,4.475915710398688,25.61395295463486,13.15579496833495
14,4.679255321922024,6.496873896852334,8.103163323281713,4.746912088848493,5.522591392157046,5.29334955855656,4.9102132325658605,4.834931124868675,4.627106685358958,6.291708470683149,5.055995745694485,4.666037708169454,4.493229387977919,4.268521857337249,-0.0,6.61733102475642,6.285212401154989,4.2722075199210705,4.858242767577924,4.191845478800233,10.462466360371941,7.375695593197838,7.054144471640884,7.253793990730234,4.304769846780695,15.156812374582893,5.558590892818984,4.437158730594371,6.97104304396425,6.778782890865352,4.18214188363764,6.1578920041716545,3.5236691853299473,5.532882260192729,3.0467895532420215,3.64791837699364,6.952066493327869,4.367376043946607,6.208681546540897,2.6741545277612384,4.916962112522763,8.216536173743552,5.207019427963007,7.107814086828501,4.267933970512491,2.695535334741725,5.219560845067971,2.547215239284513,6.324516775402224,8.515605607010395,3.6461343641041775,2.939309752502736,3.4054768406565197,6.039244448865155,4.195543779807968,3.379873643160429,3.4431589823930144,2.064851722117566,3.2519086770665107,3.8047890744676462,3.133928509046134,10.327478207542777,7.051396120951135,6.948603846019235,7.29841907082446,5.853596342024402,5.814949553507068,4.19793600503725,6.643841406295578,2.019137703874208,28.17076171369537,16.7594258024049
15,6.221693899191709,5.108735159742587,9.030133878822463,5.1900537008535945,4.618453426520382,2.8604135931011734,4.110191566107081,3.279959456817566,3.579647457709612,6.068208915609365,3.9447860493589846,3.2336552296761383,3.6746062194483886,2.8909350575748567,6.61733102475642,-0.0,2.2022904007706594,5.564815474066217,7.711468057515161,4.621181213848314,10.493867036763044,16.639873799077904,10.639704877496825,14.351913769510988,19.11227618232621,13.0633276358906,21.7159612782489,19.490100610884873,24.374142950236177,23.891740777524966,13.540239392707111,19.861732843255382,14.666911350389627,20.58986695866323,17.7234613973634,4.47470431396007,20.862037899820123,18.13292580586441,23.745012367949084,15.24827489487423,19.653472853869935,23.613914156971873,21.120922265289167,24.37928095091071,20.96939147613691,12.026938260394862,12.730314998587996,13.454238509076669,14.771090650752642,17.314517503385428,5.169096630558744,9.336538238820058,15.156725214619838,23.727378486873665,15.765822129799387,16.258007824414953,9.769776484477864,7.506701503800024,8.575719446547385,8.624768510376303,6.312421899363962,7.99321421377589,8.032828598216229,7.523603566659157,7.372627491117572,8.845349345127033,11.330383265143551,8.452479621844304,5.988833680582664,6.23349401114856,24.48666596351413,12.356537612616824
16,5.121684432565445,2.5547075708755345,7.580028586332954,4.445950585753212,6.371540664638791,2.3016170615190448,3.7296251687921798,2.5057161935500423,3.160125498750299,6.3208024365407764,4.478392677464931,3.8804808122849357,3.5182745832173654,2.9770779930263243,6.285212401154989,2.2022904007706594,-0.0,7.619204940052833,7.0538821207192814,5.431587596095343,12.371446637199545,16.818761408610182,12.79754660985344,13.378370128496584,17.365957910739606,15.587779269328909,20.308064540159386,18.12457171694508,22.28688028783537,21.808872013577506,13.091134713743777,17.64658599765012,13.806979800265285,18.446443078875607,15.944262992907413,3.453808866660972,18.421768579392413,17.02273927888775,21.74213536960074,13.768815564132854,18.129269817225374,21.72636170583254,19.41155497192459,22.24008203408262,18.642061493906986,11.0966602649496,11.152678859104682,12.155342557827723,13.607829980952287,15.94511843258124,4.712110893499577,8.789288090733175,13.883984142055436,21.349489986833373,15.08081334479707,14.625586690996242,9.096877094176405,7.782490941256841,8.155865758518086,7.541203869021273,5.668604271276618,7.242552471842659,7.588736520851512,7.248341349876633,6.562448421654397,8.960114514613037,10.046710749382646,7.071899521769052,5.183956235433241,6.662285316387045,21.935420534337506,12.603822907608903
17,8.773153512645365,11.053656891834702,7.88712980641091,6.66849701525373,5.928379010763941,7.3782253556191435,7.215579125118265,6.405596492343165,6.518370050184145,6.436756528052517,6.012032914363325,5.981953096363171,6.591276471937983,6.247236852883446,4.2722075199210705,5.564815474066217,7.619204940052833,-0.0,4.049878474605755,4.532791863433754,10.545623963732998,5.647883814452695,3.0250234525812854,8.37855677891371,6.668069374988289,9.551333087336547,8.181641521845437,6.331318079616524,9.803551542048396,10.647865587484326,3.306568983541553,6.5509678718894815,3.509570893922454,7.213008174277299,6.75215550565228,7.326024658569588,9.17043280497738,6.69470044297359,9.468414477689958,6.022809009301076,7.381163794037012,8.523397271175401,7.528486929596221,9.811795932028941,7.873356402078722,5.448013554999249,5.99433998997725,5.987538203516715,10.281151559474099,12.045838340953374,2.849984850706794,4.061364738561883,5.431425949058346,8.969622094480194,5.4284810972273005,6.023294203386177,5.706639237690623,4.145516339879741,6.822954649700285,7.190698188438196,4.753161856093889,11.58184939178038,7.447644893778264,7.159902684756357,8.187471220699853,10.153456367551385,11.384954616347033,10.33855162791908,7.5468539845041915,4.96236109423355,30.741351027917904,19.072481457011666
18,6.785905342393165,8.809433127896815,7.424780872167849,6.431506515721512,4.891985474323404,5.760176703425181,5.457122227741359,5.176800461273221,5.405096297172406,4.411762962324411,5.138656192001898,5.071249976143334,5.060382845540616,5.7127366644416275,4.858242767577924,7.711468057515161,7.0538821207192814,4.049878474605755,-0.0,3.636635445885076,6.8819990031908365,6.121985969924454,4.866405348017371,3.8049392594564626,10.102998973588553,9.240693990522274,9.878587479786317,10.228281834441624,13.661249911787765,14.608974599605244,6.000686033755371,7.856481907949138,7.221519983558138,8.211393817629206,9.406022910546485,8.06474082540828,9.553185363812979,9.997315236841041,12.042737514085456,8.56294767581512,12.017118430598194,10.81486793211703,11.724235215307427,13.486492450143839,11.694146814665897,7.755477425295135,7.240119661543948,8.687134110958036,12.712142403090725,14.481872872707003,4.19933490778214,5.143981379775103,8.775092003433656,12.877498867158012,9.148060376204857,9.36667778833972,6.808046582552831,7.347712984622482,7.732694221262122,8.482339116420787,7.233184063983793,8.300546124830296,11.811958068277466,12.566485754781123,9.785369296661742,10.116332871517642,11.74930743242874,10.360614741803312,8.26029197307837,6.963268343690935,22.162559347359352,11.354136779919724
19,4.578292882270254,6.948785656264655,6.8370491316550615,5.009624435961199,3.831381787137321,4.107334039126677,4.903941730166054,3.960654360255293,4.745845243150982,3.7317925445995184,3.8551339421852853,3.7428111418707726,4.007144317955942,4.0876434773856625,4.191845478800233,4.621181213848314,5.431587596095343,4.532791863433754,3.636635445885076,-0.0,8.94254741550982,7.808803540426442,7.454793194389358,7.707959949892369,9.787829973715194,11.99037847069618,10.515125986476331,10.559243964745358,13.823624483787556,14.146772027845682,6.431034139546496,9.829620234878504,6.820638370562606,9.866826642724494,8.743729727521899,6.475864813667304,10.9757274447987,10.074710733162727,12.793255051544278,7.986091366569621,11.504565650205738,13.04949629307745,11.65677618854546,13.93922234791856,10.846794563929556,7.506367974181697,7.662837809052337,7.530979365258348,11.613991617004892,12.834535012305018,3.5426261991213037,6.100982545526574,8.366882416533572,12.84872630236393,9.290267910377546,8.504419420394653,7.019533832819662,7.567867694225826,6.917878214125366,9.052115377504157,6.025206924257387,6.068806097344888,6.075035748599849,7.044419973199447,5.863105183119251,9.958319596039258,12.005650955820988,8.410157312631236,4.437553594876187,6.4533472369259846,25.217940487741515,12.554822900815063
20,15.77568152889394,9.388441022874431,22.274186488690123,12.355737971808736,6.982786951238357,8.089074314007641,12.465228969284611,10.340463016075796,9.738326633100469,6.783502264107149,9.209938826667146,9.530935304552061,11.514067382038483,9.999719557109263,10.462466360371941,10.493867036763044,12.371446637199545,10.545623963732998,6.8819990031908365,8.94254741550982,-0.0,9.90525229796572,10.958382924729488,10.67401855611273,18.324401022658126,7.618807415124617,15.601153750675786,17.11279316089971,20.417828333680962,21.98291232476639,11.037820243380844,13.758930366344813,12.551527322992085,14.156974105225588,17.629604335067256,12.458464141481596,14.823510860149526,15.860898507504237,18.234915649074377,15.56674637656468,17.045500713600724,16.36860580833537,18.19068654934135,20.5773067775817,17.429030042905094,12.969177756423269,11.944886577561196,12.434092928133634,19.55552837137698,19.956764253837047,7.973814025546995,9.354851434166145,14.359938763782687,19.14628093825849,15.037858653381031,14.131518279785515,11.26552284111042,12.832585570958853,13.182420789083043,16.417113599621672,9.49265552687423,14.806785002761858,14.107671980383053,14.856681172521917,15.277596600296464,16.97353938616231,17.54259982083992,16.03918652117545,12.526916731600206,14.677103044791046,13.798090167917687,8.721711605712182
21,12.172414155356403,11.99382717087535,16.38691796970218,11.755407450143588,9.598192401722974,12.764254308762125,11.78397134128767,12.518287532231644,10.667459482268622,11.29161604676415,12.231230362920325,12.15214478680014,11.827044217462504,11.991036199971202,7.375695593197838,16.639873799077904,16.818761408610182,5.647883814452695,6.121985969924454,7.808803540426442,9.90525229796572,-0.0,2.166193455149192,4.147786039964386,7.140710279717646,13.704359206782136,3.309294038682522,4.922729542480154,6.713095793365891,9.346296024847394,3.2244582394021846,2.79885403810779,4.36831338064209,4.2258131103474215,7.249695269101208,11.660278766781044,4.290319686618184,4.937953574802122,5.391303737385133,6.650275081030612,7.466028110477275,4.005417871996053,6.1437935406402815,6.7311023959493745,8.532886153412834,7.557393415578489,4.761139418181628,7.634375179696478,14.14759860523498,12.997743700688222,7.231457106784042,5.218913234400197,6.810353985998659,6.63765558212772,5.220073825503934,6.914493565288471,6.718268254254785,8.343838514607771,9.473230016123509,13.873599234096638,8.580452862888784,17.058654641472028,12.718531263740184,13.353029120579073,15.058574759875187,13.763072085805497,14.639375952651815,14.550812518407234,12.842795943563601,9.73423778880154,30.503191094753205,22.454132776476836
22,11.902008198718601,11.87820677677321,9.900018556276834,10.44964739800758,7.994337537306089,10.131801086962932,9.648474061848662,9.568764594170252,9.34795130414896,9.262063293720201,9.334882203138129,8.829904564861119,9.342248350500837,9.122674433173318,7.054144471640884,10.639704877496825,12.79754660985344,3.0250234525812854,4.866405348017371,7.454793194389358,10.958382924729488,2.166193455149192,-0.0,4.828314440537423,6.677554176744456,10.970453454909604,3.5995502387136087,3.466098424598241,5.209771084471185,8.597132243635512,2.2821138494374757,2.8821758795442145,2.6487476361942552,3.590271795428779,7.480506401560347,10.551023985575966,5.996705288401365,4.954558891660114,4.8682379928042,6.857793692323523,4.7723690926398055,3.9599270264976774,4.137982419298038,5.032606818724797,7.976476411649975,6.21480645496221,4.967087961407701,6.7165804650117655,11.111785210603992,11.753519445521158,5.656562337759986,4.254684309368956,4.344250830887044,5.669201113102237,3.3030639413132397,5.57299614481462,6.339492281991601,5.908682976014017,8.930736785525362,10.069478292332168,7.4535321211203,16.610456815672656,10.54014570081395,10.404584371634833,12.51560041469411,11.71599364213143,13.700498007425542,13.565450982888324,11.298060382555114,7.999010979834566,31.536654419462405,21.471849691292597
23,10.359068512471666,15.129230561412562,11.083592385004026,10.474010298716355,8.76006449684021,11.352441233068433,10.2984016424924,9.754672213601282,9.881916861947872,9.016572417124275,9.566167957025534,9.280558481712186,9.04744901962986,10.005613832906342,7.253793990730234,14.351913769510988,13.378370128496584,8.37855677891371,3.8049392594564626,7.707959949892369,10.67401855611273,4.147786039964386,4.828314440537423,-0.0,7.015310366723602,12.217138039430274,4.209716123838254,7.421222825108119,6.30266752819492,9.11414349410467,5.646914240427733,2.95224706842263,7.466818109779923,2.5083801545686857,7.478887710362176,12.274342884020314,6.297765035677033,8.869595831563577,4.8986415473912555,7.310023558281022,10.596837253131419,5.999501811324513,7.697332955364496,5.7377157044805065,8.185711091730942,6.293252060698273,6.644947348809635,9.123296996163933,13.33675762674015,14.58968639889278,8.57708763284252,5.572725869818972,7.584584378637987,6.1614356645074935,8.11922547691165,8.784995965746775,7.132820743004035,11.236270327195992,9.079056401536445,12.727066188514026,12.102308465339044,14.068641432979755,16.923842947624536,17.54039148657177,14.75437552387662,14.507291668133025,14.396078075074714,13.883899076104955,13.176961766167826,9.171255822628344,29.070788673931744,17.67301211568614
24,7.656623305231589,12.385672382889867,8.637611229817164,9.181134617902073,12.821846961999766,14.74437369081245,11.065733761317963,13.357509592348535,10.773180892895676,15.320857497890108,14.36570189410011,13.44967794154455,12.023955439923139,13.017044742622499,4.304769846780695,19.11227618232621,17.365957910739606,6.668069374988289,10.102998973588553,9.787829973715194,18.324401022658126,7.140710279717646,6.677554176744456,7.015310366723602,-0.0,18.59206696048412,5.07097930097606,3.6297575400441557,3.2492391016495548,1.949622707151541,3.871620147619474,5.285069525779793,3.380872437658041,5.32510023895075,2.786266579376114,9.016478840574722,6.505181388587795,4.364570120266777,4.650077047343114,2.813517633090879,2.799812650567052,7.605496945449586,3.0154436660876054,3.2984281383528375,2.38066109242491,5.157060694051492,5.800545646975055,5.31466067544507,5.902015713189874,5.481415849660731,8.521868080207588,4.030506065153535,2.5316975294426505,2.374488639712659,3.228554600645889,1.89036515207685,3.7240408429594125,5.665504124550109,4.21750794016951,7.449183417275625,6.092812512916219,19.309505086157657,12.824449207599109,12.335104282635806,15.11298857862598,7.188144240697754,9.92678398077466,6.9887504827000315,14.478565427573225,5.481570700112878,40.68589794387534,30.15655293444122
25,20.79665830924303,21.286019731936545,16.41311954277907,18.36689712736735,17.06492415272811,16.18265265975213,16.511629408018994,16.177959710688906,16.12298849771643,13.751576851046453,17.03981615332863,17.273089808679824,16.84908357368678,16.764750137304137,15.156812374582893,13.0633276358906,15.587779269328909,9.551333087336547,9.240693990522274,11.99037847069618,7.618807415124617,13.704359206782136,10.970453454909604,12.217138039430274,18.59206696048412,-0.0,15.13753299239529,15.737927051193047,16.222803481174676,18.31194785493284,15.377431919455717,14.364225745030486,14.746822297327443,17.544086107495964,17.787889832026075,18.7771830091131,15.515821702490834,19.75038092237024,14.698891394032534,18.20601919717796,15.027059378871083,16.929649509618315,15.70475979796219,16.405077496233503,21.05197502551987,15.057303133497316,13.326928081195845,21.55728555788117,16.00741224006826,18.96416393843335,11.192538059105138,15.924420690688065,14.298777299734422,15.296198729287491,12.955345933871593,17.53839872317712,19.322775557427324,16.493430171494506,21.766219125043186,20.71610789779103,16.013726362292257,12.769016658170486,12.592971946122457,13.615475084616131,11.311385863677742,15.876355632249737,24.845589396865957,22.24855083482486,10.892507383455545,16.02169139395973,16.383377207693986,9.153068880591468
26,11.984708715032363,17.56589582710164,15.028952768652333,13.122166394374608,14.030583878978058,17.914606984184253,14.011227040782627,16.059053784423778,13.957732884489605,15.44557891589716,15.940368545115103,15.499874480096324,14.346292867432199,15.165197835466978,5.558590892818984,21.7159612782489,20.308064540159386,8.181641521845437,9.878587479786317,10.515125986476331,15.601153750675786,3.309294038682522,3.5995502387136087,4.209716123838254,5.07097930097606,15.13753299239529,-0.0,4.26242127489414,3.2136097918728246,5.798174968781933,4.109773425865322,1.3324870350511604,4.730262072557248,3.0118532952233545,4.998104395319441,12.144122806836176,2.616265479732537,5.9063006480839295,2.1029765820757977,5.2772235659396785,7.208396581972602,2.6885316958740466,4.944665013153465,3.4111492151344303,5.34928882778226,6.750145839551214,5.322815972757652,7.44640909754358,10.718826078184296,12.466675900748992,10.170011997202321,3.9349113008904215,5.9829454177055466,4.0253147143813,4.421443477941485,7.167987763425042,5.826861970256856,7.110898420503053,7.254962778237298,10.695720138482606,10.98922185937123,17.160953018703,14.125098612790095,13.87050486841024,14.683882138774294,13.564641529766353,12.68013119026481,11.516612166635069,13.53653013321215,7.323314059234816,36.51359242611407,26.169925637599587
27,10.194241433202661,14.51014914214556,10.920697085272785,10.898783324358737,13.5114571407666,15.944949239574436,12.570179323994795,14.348926259103276,12.158139003892611,15.593446870756228,15.044643890577566,14.506819798463436,13.063352109850936,13.72089893067457,4.437158730594371,19.490100610884873,18.12457171694508,6.331318079616524,10.228281834441624,10.559243964745358,17.11279316089971,4.922729542480154,3.466098424598241,7.421222825108119,3.6297575400441557,15.737927051193047,4.26242127489414,-0.0,3.237217025540097,3.9313282793771647,2.7517894859813112,4.508821374758742,2.29349877907985,5.740060706076674,3.367584985518531,9.321102102995248,6.01125788727245,2.087981539511025,5.190612686765941,2.994456273359674,2.7142637243162624,4.723038254720104,2.484872748235807,4.228379402311157,3.548409562078974,6.16153569148351,5.625389608439136,6.077096581769873,6.738731213331809,7.62270279052809,8.543979662360195,2.8307315289162958,2.986491611298518,3.3090399785059557,2.2440769031753054,2.876525601346985,2.837914807161946,3.5845900980262515,4.536571061605487,5.853902043751447,6.022660895678236,19.017243054676413,12.575646426501931,11.70864911268411,14.70070922020075,7.463800129578837,7.967191786525836,9.301258948779296,13.796707056941298,5.242924276362109,39.077251221850226,28.85339464587754
28,17.701465303317313,19.24697359139092,13.087697184815866,19.80573365467916,19.347271767799008,20.59867442079068,20.049013896354484,19.54074522410306,20.05534257852073,19.29954038939763,19.46083582721985,18.57345146531094,17.69185080414821,18.037491353994294,6.97104304396425,24.374142950236177,22.28688028783537,9.803551542048396,13.661249911787765,13.823624483787556,20.417828333680962,6.713095793365891,5.209771084471185,6.30266752819492,3.2492391016495548,16.222803481174676,3.2136097918728246,3.237217025540097,-0.0,2.5124609365968626,4.379461835488932,3.9356347496324404,4.991026112313272,3.0790495052036193,3.7625220438017357,13.083496761751585,6.691186562108807,4.597944485731429,1.8212961122631903,3.6838427348126666,3.784640368516264,4.823213087477936,2.5516746072059107,0.7730952380425258,2.7648300778492385,3.842308047168742,5.651373613463505,5.079267003045609,7.660035120910087,9.292338747288012,11.729691628394116,4.17861063097557,2.7117970330889887,2.0094900344960043,2.901999988509023,4.153307509430524,4.638702233945509,7.4605320619732645,6.616900804306144,9.079005349635827,8.199209802746697,14.92857987619562,12.784096230293049,12.871294529626132,12.822578375965843,11.205700345157556,10.487527971915778,9.38138013959603,12.438894896466696,9.25959655654534,36.01064677719748,24.877087786975384
29,16.674865824080026,17.72939428760888,11.855960279047403,19.03133490813439,19.379717506198247,20.21899582904495,19.39470362646815,19.2083208313063,19.328175441148126,19.94501026023996,19.462215804325282,18.4128878498039,17.377501944381738,17.8059589442327,6.778782890865352,23.891740777524966,21.808872013577506,10.647865587484326,14.608974599605244,14.146772027845682,21.98291232476639,9.346296024847394,8.597132243635512,9.11414349410467,1.949622707151541,18.31194785493284,5.798174968781933,3.9313282793771647,2.5124609365968626,-0.0,5.854859179633782,6.734482339119229,5.467713596407032,6.006874833376735,2.808189540643601,12.028159891523671,7.114499403339643,4.708951126865384,4.170582541517699,2.5548385244238445,2.5198665857389146,8.596454776356936,2.6743705929952033,2.965063980755969,0.9371077879232466,4.113257038198379,5.982914517885952,3.907339975638016,4.285970570265734,5.375892019992608,11.773720861304067,5.2122700595305975,2.4907783158311076,2.5802915809854534,3.3759373623345508,1.8917933523286892,4.451559300965623,6.220296935895996,4.58034375511559,7.04342620816276,7.417297840906914,15.946756901618643,11.040978480916047,10.546322125786427,12.710220153791347,8.697030206594153,6.971407650255603,7.404220369961856,12.491851037255755,8.373089208989693,36.285617238614854,26.746333331141358
