,0,1,2,3,4,5,6,7,8,9,10,11,12,13,14,15,16,17,18,19,20,21,22,23,24,25,26,27,28,29,30,31,32,33,34,35,36,37,38,39,40,41,42,43,44,45,46,47,48,49,50,51,52,53,54,55,56,57,58,59,60,61,62,63,64,65,66
0,-0.0,5.418298527454651,12.024027808930466,17.862361073880937,15.319167330269453,17.70730984874742,13.134954363168804,8.021399092219367,9.845469595596006,19.36079547683931,16.680044204964283,9.965318387697643,6.0951845675142815,6.6246928317247,7.811235639570125,10.763651503128838,18.166339126646495,16.356651693683286,15.654179750006476,18.465564297116003,16.400030780344636,10.530799958849284,10.72541709137467,6.4130854079262285,8.113638100846403,9.395142138197066,9.920935661836554,10.677333904844373,16.246309402605355,27.57264007355195,23.783773277070843,24.24059136247697,21.565770442224387,22.29235416350805,22.844812498064282,21.301402521072742,21.024868715174616,16.685271945987836,12.430335502549813,11.983910549120822,13.414857019039147,12.925986659074312,5.68696540641486,15.122199300858567,12.403596228880005,8.76793217877766,7.856821856648109,16.262939420727218,15.98507103104849,14.179596539850747,12.502598619313542,6.327887099457083,8.452041115641611,14.833651312804124,12.433175576436579,13.804840853831193,10.057744118622345,8.111010435966948,7.363068687765736,7.646344026906989,14.529623103726633,16.15737633323603,14.60632000619334,11.353446022212912,9.851007549584788,4.880701772090728,11.255868314160498
1,5.418298527454651,-0.0,5.780128221913724,10.945304159712169,7.99032200595148,10.465055999206573,8.49570380792273,3.950622441854736,5.125074234033354,12.042730318371435,12.085880301571445,6.200808769047072,5.228071718652253,5.811943092667477,7.299901758929863,7.755655913225184,17.26686321470784,10.68458083456375,10.106729713285063,11.463878903543042,9.876741265054106,7.117996811831564,10.22643243300923,10.154041348885377,9.74991196754917,8.21417077409359,10.618921336420396,7.359681867468715,10.998341138376531,18.61769613037065,16.91298444273073,20.03195548718962,18.33733082167017,16.748690047769056,17.463889054488178,17.671540498813474,14.580302990027723,13.293980832190057,6.466495192404723,6.507418431152537,9.231603691299217,9.982844425017197,4.944715099126136,10.487752089282878,8.60352221104841,6.73523844088083,4.983619120395778,10.196684302519794,10.755084579160897,7.01850028898305,7.985342959300619,4.341201941083539,2.9393528679864707,9.30629911754065,7.502127365303671,7.830407395624362,7.418439482968444,4.503272474636438,5.091690302922143,5.424592779997728,8.42942282821971,10.371830594530323,9.508828995533419,7.0953517822058405,7.737100981826302,8.412704775912434,7.3471084225260945
2,12.024027808930466,5.780128221913724,-0.0,12.992974719549778,6.739625789191349,4.927429890246354,7.257726942622791,6.429001050624792,6.407238582788543,7.8338133167309705,11.707128811008053,7.445611930765991,10.086433989586443,10.362381374675246,10.96853802448635,10.375447502245036,15.843458545115789,8.561725422234927,10.518496898343633,8.826702413809144,6.682244288908215,8.549454630831047,13.304739840856545,16.338938989840408,14.201822988058995,11.472844137375109,15.6110787605131,9.009191182554718,8.872821617934177,16.285931025871136,10.740249273392072,15.142607284405507,11.932557624393052,14.965674486889322,15.472653202435398,14.766175426215689,8.075775007957045,10.066117116936875,4.640503388182543,4.580271353666996,5.593586300617446,12.852648072779608,7.954811188114233,8.614052740744295,9.873228021172398,9.163080371053612,6.756426142078635,5.262045406389888,5.308712907801876,5.730391856978643,6.00568833885864,8.15285189464947,4.900375109859216,5.39629619402684,5.656252899799879,5.235846646709749,10.02841480602877,5.793378398736721,7.460888983145443,7.224149180664693,7.111484788798668,7.856382730593177,8.95683970572539,8.365947537435645,7.828187571843115,13.213425522607054,8.240200461199665
3,17.862361073880937,10.945304159712169,12.992974719549778,-0.0,13.374105400675962,18.838956945931947,16.960828604886927,9.453534050858629,17.798861797803287,20.065505548579072,11.469481341209706,12.17893707035621,13.634667367524871,16.632301759731803,19.58699042936762,12.830987629827296,16.103801626915967,16.476175882831512,14.901878194547248,10.234885166303068,10.753060468222147,13.017186530284457,16.733276373493386,20.115304623606043,23.568481549719415,20.322962402118026,22.695588990519358,17.311149708681892,14.71066132797817,15.805135682267213,17.730658787902982,21.26341928929556,24.21777848342788,19.2331242109079,23.75367057488792,26.623737384817954,12.359477642114026,21.298926166354235,7.190537962751795,8.212323907946745,18.861582311698278,14.384323385624219,20.841093872134522,12.072671969496211,14.07154067503276,14.035756002575582,13.951669702460862,9.263653967677552,15.676014720213539,10.612514561561532,11.768887735485544,14.045601821417588,13.338116943275178,10.260832746758583,12.485143404440382,8.940822143886145,14.41363961795132,13.737605501336091,14.407735810305997,14.121767856894758,11.74179546033873,14.344005989086947,9.9252534465148,15.120374200723946,11.900289502230287,16.950326164519527,15.55377602962307
4,15.319167330269453,7.99032200595148,6.739625789191349,13.374105400675962,-0.0,9.454446340642198,8.019578298301578,7.0717885639625235,6.155205274321517,6.032815622896297,6.805596171814297,5.214627189775546,10.099730306177044,8.752698333778202,9.185300905515469,6.28982716050029,12.082375651643686,6.039956124959737,6.680966043043751,11.540773668549042,4.084832237860803,4.237951559462164,12.352183044960993,17.034132476094342,13.038927370956213,9.340882209420721,13.715032363268305,5.992576449205805,6.225692983654952,10.499491481572385,15.191651321846352,21.257447890219073,19.822358793557402,17.89526760753049,20.960565890008574,22.11992405468328,12.533358979869208,12.622930283813412,6.753648403270606,5.648080932374607,9.24962271845482,14.836872947538982,9.558151318283153,6.2776532733564645,6.995917330702186,10.573111175392468,9.736646711282367,8.479482382547163,10.240925331450063,5.77860707062233,8.064184411305986,11.00901488658825,7.249151373243439,8.691209258036412,8.254946338409061,7.091503891476169,11.723922643504494,7.70296237972587,9.183303101958883,8.850035047948497,4.23471458252926,6.780433377816777,6.872457735354901,7.792506692360143,9.110085046005826,14.39723832719538,6.652002052658234
5,17.70730984874742,10.465055999206573,4.927429890246354,18.838956945931947,9.454446340642198,-0.0,9.412804865596987,11.218680840268696,10.884986090904768,12.571274396934559,15.337345666950458,7.1388830826221925,15.915869217974674,14.070582845543738,16.302866014271164,12.985857686537425,16.577762392189143,10.277151147575198,14.52192928340263,9.698280409341468,8.013924421365582,10.175205405395285,14.721727032276762,20.385387071024322,20.107406896991073,12.772863506853014,23.072871664241223,12.58236443810745,8.836844489050762,13.225047189919694,11.236793434740193,17.91936970641627,16.736377396074744,16.80240923465104,16.54432795525386,16.65350086983039,11.263848130104861,10.234446709741995,7.359280526307069,7.045665079271222,6.0038395471724835,15.080983434395737,12.542364215464755,12.970573359091441,11.36087161677465,13.267801636909542,12.122749929509544,6.474016595990979,8.606972300644962,10.482972882171657,7.3532291936333065,14.205481139354394,10.016093270887339,7.656202402583685,8.943003578443685,8.702982835923098,13.405613411566453,9.403979749933399,11.978149160628892,11.563918733512407,9.352141090066992,11.803412386811946,15.004477891003035,11.260487543450338,10.469051557531596,15.685458465405777,9.477566274718978
6,13.134954363168804,8.49570380792273,7.257726942622791,16.960828604886927,8.019578298301578,9.412804865596987,-0.0,6.945561234437292,9.554610688912994,9.389296007996816,9.41535815882362,5.313159043468714,8.689140815221272,10.413937337111086,12.28903254455673,11.510937067440466,19.059080142103493,11.349968049841083,10.38736495468011,13.311269644838617,5.479998123354192,9.04976030734047,7.641146293718588,14.358308666797145,14.381862468420099,7.284095009622012,16.248378641507593,9.376993732711059,8.006288806001477,12.596326285171449,10.966024283901941,17.863226625882735,15.902356580047217,12.712214601415862,14.9608883995158,16.813169774412586,6.560195854694335,4.741990655374371,4.67128792916043,4.652407071459984,4.833735859401544,5.297024666636662,8.267290269250903,9.020000307616359,3.8373934290036127,7.949833570333509,5.7840871754803675,6.872186716448028,6.54514734874341,6.093885476471876,4.010798642669923,8.225225374987607,7.906573084736486,6.092410061753893,6.693282647937999,2.6617539488212394,6.174638736695681,4.087011628028607,5.916818027482466,5.759810591149017,5.924126897172678,6.112883985879642,4.803498078655261,4.909857178259476,3.551564917499542,10.722440253033252,3.639024156163113
7,8.021399092219367,3.950622441854736,6.429001050624792,9.453534050858629,7.0717885639625235,11.218680840268696,6.945561234437292,-0.0,5.079565727825057,10.075757982382031,9.640155854071176,4.798441415192471,6.14864277771783,5.99194179858344,7.8336993965048904,6.906378567916492,15.944620451444505,10.606877763837392,8.631257584649418,12.20874390655509,7.749647051397838,5.272124744533104,10.017272298629676,10.768470207747834,10.54224593469675,7.179627262319489,11.523708531682418,6.22491066828473,9.363193959432774,12.005712101403772,14.34795736161209,20.618881202941537,18.780860432990988,14.791099902385822,16.73637494230172,18.70243023120005,10.952594996680213,8.806256769783346,5.324209079620163,4.442970215996143,7.561006882533859,11.225483801051217,3.7134775620153184,9.531482375917644,7.146751724467995,7.915246739082673,4.1238018749950704,8.138080678284071,8.412619856999868,6.474473631347487,6.992090238987987,5.302340361543793,3.844244377603283,6.50134365496512,5.071436898225318,5.554586835854714,8.073093978051807,3.9278129810043056,5.352229117376014,5.367393119392736,6.474016085609963,8.5771238917703,6.782220996809296,5.29972561253581,6.282653074347726,8.109191974663794,5.531121271931455
8,9.845469595596006,5.125074234033354,6.407238582788543,17.798861797803287,6.155205274321517,10.884986090904768,9.554610688912994,5.079565727825057,-0.0,9.535817781434508,9.040316768383988,6.896884570300352,7.865492716427349,5.802007719214044,6.490231721399084,4.04146424696412,8.006650843530226,7.6691912810631395,6.0282092526097735,13.527259759568173,8.431400952691325,3.207651575295733,13.217889467133375,13.417591621570162,10.737164637230997,9.876857683086406,11.025509997558359,3.275574461039035,8.29531176714,11.82513633108108,18.519128659323528,23.823768784373495,18.895690629015554,25.69193737434254,23.005958699182198,21.916898934344342,13.360513597172634,11.791383402146783,9.137567551496726,6.794915319572835,10.692203179842814,14.408395213389694,5.857898254935044,7.307920541512428,8.354680778393806,8.930649933449848,7.993939787843578,10.175993252575534,9.581330548198519,8.232021248565383,9.466829511639125,7.813191318572381,4.476954892275041,8.508628405568329,7.308978685359796,8.207687658376988,11.023075357350743,7.75117615461549,8.484790732980331,7.319417016914709,6.496806289774118,8.286836731398374,7.555045493472016,7.1142240568969095,9.026644917179889,11.116014011988637,7.612606085813429
9,19.36079547683931,12.042730318371435,7.8338133167309705,20.065505548579072,6.032815622896297,12.571274396934559,9.389296007996816,10.075757982382031,9.535817781434508,-0.0,6.518537107432243,10.189996527997849,14.560087041529899,13.425800451640656,13.784721102853736,10.155367169339602,13.61888296564916,5.133470060529846,5.032103342725667,11.510389124379879,5.217272219691581,8.070642248026966,18.593451565117032,22.40277606366378,17.951583815720166,13.734549344151604,18.84468660633609,8.472305615489542,5.714095392706627,9.501219679294275,12.393294250049095,19.98016909636589,15.349933163320562,15.247730331395008,18.233183913487583,20.524018140511306,7.365037947040695,10.861654740808286,7.455538033175027,6.357448631074223,10.182020194418588,16.107948714124355,12.329596688058434,6.309135642649525,10.154838177144118,13.222405772051086,11.078922058341421,8.008875501838327,6.258969706271994,5.953574498307649,8.272557292404397,13.62137549532741,9.88644819849264,7.197422633837911,7.058581134645624,8.331262923046157,13.914156402708889,10.875593864057457,12.185742506788928,13.345900392029218,4.3648489276051325,5.74156690788441,7.976055458148841,10.788022602964014,12.207748871790795,18.660497775194617,10.290166916113149
10,16.680044204964283,12.085880301571445,11.707128811008053,11.469481341209706,6.805596171814297,15.337345666950458,9.41535815882362,9.640155854071176,9.040316768383988,6.518537107432243,-0.0,9.68058008734944,11.796107074512712,10.302156236710495,11.78692016522872,8.344625865072056,8.129054069156041,4.715866572383666,4.5286418032172255,13.154944096711288,4.074475388795674,6.1330225826390485,13.730923108650545,18.636187106772976,15.261870968844349,11.534986821496002,16.203630816675823,6.856814456787235,4.168043453566963,7.518334821693045,15.913486069694539,24.499187647932413,19.695675533027316,21.96708853226973,22.61098557634504,23.839955237303343,11.695002350822937,12.632025104148283,9.380914713158731,7.503642458616319,13.344387560104167,14.01935886786116,12.009256282004198,2.481930384548195,7.5419366863122725,12.744871461042482,11.4961642665255,10.145623654709388,10.0567368453745,7.938917311053555,9.802184736477257,12.487880479269299,9.95706059975779,8.723085151848581,8.81793844137572,9.257718145930149,12.722634756731443,10.712836621391219,12.478346860037162,10.87302173785777,4.211749150750135,3.797685145268748,5.164139079086179,8.904717523258082,11.195190237991387,15.59049931768098,7.873482845399186
11,9.965318387697643,6.200808769047072,7.445611930765991,12.17893707035621,5.214627189775546,7.1388830826221925,5.313159043468714,4.798441415192471,6.896884570300352,10.189996527997849,9.68058008734944,-0.0,7.184105960152266,6.48716702471544,8.246191003835746,7.5498242072599755,13.475769866228468,11.129374838285175,10.514777185288615,12.280964376000062,5.7758710997469205,5.294156131143576,6.8361564687876495,11.621479375861556,10.704336298505517,4.646539617674771,13.014042899066267,6.862950119902671,8.060412442375792,12.280805937528653,15.118849969860584,18.903669723615465,18.088500180086207,20.11642622200334,21.058886708196066,19.78922545410965,13.930403185952887,10.374939206719144,6.290108684397896,6.044436983630857,7.139258571875296,8.482073862877517,6.242938165530291,8.474452611949248,4.483851797778395,8.244056317742654,8.232611009500458,8.440159599904193,10.777123967342858,7.266919381843606,5.980394227344611,8.74714191105694,6.5483435602697355,9.14784982225215,8.88375237839303,6.396730343283232,8.338419078979026,5.00172433052048,5.8925805310992345,5.94257956517167,6.19145025522149,8.417126366530223,7.0751728778274074,5.786880184970835,5.754153775878969,9.279539301515696,3.7941051479349506
12,6.0951845675142815,5.228071718652253,10.086433989586443,13.634667367524871,10.099730306177044,15.915869217974674,8.689140815221272,6.14864277771783,7.865492716427349,14.560087041529899,11.796107074512712,7.184105960152266,-0.0,5.004217625783278,5.677640570262574,8.276772565288471,15.112448083215302,14.321305045929263,12.102697116631921,16.294665170001476,11.089130321726191,8.637200066296279,6.194300541352404,6.145153223571052,6.073859107504256,4.584704366000769,7.861775350747265,8.028867932848417,12.652527396787928,19.891192792312417,19.632949258332808,23.892188514505655,20.237550013172985,21.782284417811994,22.960971443629912,24.49329302341258,15.193983791314585,14.417205480273706,8.960751844635139,9.144651704953176,10.638979506759641,8.54241442423282,4.103150893535905,11.082420924063282,7.255900962854574,5.497560059523074,6.01553964729278,11.179314134810472,12.525669719561833,9.299763160697049,9.081701909882343,5.671456290271306,6.6187049741364286,10.932203328857499,9.947683075663244,7.449032592485134,5.5273721340739534,5.87484249385099,4.2544396749362345,4.491485325043139,9.93836343482724,10.288461867117448,8.613339161795212,5.3357557441192425,6.91035499593512,4.604523547499541,6.204725068140816
13,6.6246928317247,5.811943092667477,10.362381374675246,16.632301759731803,8.752698333778202,14.070582845543738,10.413937337111086,5.99194179858344,5.802007719214044,13.425800451640656,10.302156236710495,6.48716702471544,5.004217625783278,-0.0,2.391510459194801,6.427280622682183,11.954936653913594,11.388534866363326,9.766686622930298,15.85418026001268,11.01723417820721,5.104261504813175,10.589182447231996,8.874810657250483,5.326438982652038,5.738524627811388,6.474904390146578,5.2812511313225405,11.263027878990657,19.862162116475293,21.947189167101616,26.25237194834973,23.130404033538166,23.458209776112174,25.36639653308515,24.038817702874248,18.07357047763052,15.36626016901396,10.111884573863925,8.813030618658505,12.138343800638467,11.583511372436075,5.6386411233534135,9.08468176581192,8.059158810398806,7.770711005771279,8.059499897134735,13.601870077743811,14.115119784434665,10.2524314410971,10.787984313514379,7.003011716624146,5.946878967434194,11.58565738441469,10.482290816518768,10.731802993002399,9.195097422326226,7.175380091519783,8.736548631249695,6.343811422903159,9.015404571372192,10.192873747999762,8.806516863759292,6.661830435609986,8.650327355704958,7.766544376488103,6.939095511489396
14,7.811235639570125,7.299901758929863,10.96853802448635,19.58699042936762,9.185300905515469,16.302866014271164,12.28903254455673,7.8336993965048904,6.490231721399084,13.784721102853736,11.78692016522872,8.246191003835746,5.677640570262574,2.391510459194801,-0.0,6.479091746485016,11.265977481855654,12.128870796061179,11.00904344542679,17.725467568375453,11.665203772671564,6.252824789310424,12.69659082395294,8.562636772445915,4.387504090689903,7.173585182316037,4.47429837722576,6.054471176484004,12.792799310271606,21.655448725308425,23.154550435245387,26.776707699102015,23.17486496679533,27.36399208627932,28.747738333455313,27.873377895906508,19.27010471375127,17.992911317048076,11.837604598235455,10.703822336742912,13.994121658620884,13.015840786083984,6.076175599508953,10.513058114225274,9.669120395885468,8.953381009359067,10.757224558309874,13.978195587087548,15.55747746758561,12.176440082468208,12.30130286475847,9.338012621298091,8.171463004184098,14.169043500954666,13.361278921108598,11.830547652033161,10.925769676687732,9.525227451160344,8.925098369189893,8.217483700969947,10.532975654332818,12.041604779517764,10.655147275908043,8.90277942248218,10.562725098710322,8.347656435667826,9.094693659837285
15,10.763651503128838,7.755655913225184,10.375447502245036,12.830987629827296,6.28982716050029,12.985857686537425,11.510937067440466,6.906378567916492,4.04146424696412,10.155367169339602,8.344625865072056,7.5498242072599755,8.276772565288471,6.427280622682183,6.479091746485016,-0.0,12.100973561393976,8.708914481710853,7.038508366804084,12.878592323871507,9.024180598454524,4.789957780072024,14.495611347592153,13.189297453333024,10.810100282869085,10.064629428063746,10.244908050565227,3.67158406688255,7.855142943027611,14.907993802131884,17.351719973616838,23.354080851061344,18.620581672671157,19.703182564452103,23.263896041962084,22.715337978078587,15.248399102939052,14.461526684879823,8.689905103931485,7.241100043853291,11.431308484937317,16.35784608242743,9.053870176028921,7.071125839335208,8.536227653868986,7.102792164356405,7.680323935983313,9.621774105037217,11.440989040654925,7.007045966116795,9.308176337383925,8.416297949496727,6.166207454278109,8.892296933984996,8.651185266404086,9.238347387586785,9.828511403155757,8.898489101047735,9.33147500991547,9.27245964424231,6.515987120013101,7.433780054557124,8.099738392428353,6.571317178231828,9.343163075935278,11.705681551360447,9.324355978567885
16,18.166339126646495,17.26686321470784,15.843458545115789,16.103801626915967,12.082375651643686,16.577762392189143,19.059080142103493,15.944620451444505,8.006650843530226,13.61888296564916,8.129054069156041,13.475769866228468,15.112448083215302,11.954936653913594,11.265977481855654,12.100973561393976,-0.0,10.964914750142313,13.296571288351995,26.429090982227983,14.780090526644688,10.52507069886806,18.214994632136662,18.349589751533184,14.579784066821588,14.864011153253553,17.430589505500176,11.447316775129705,13.007370364972608,15.147264565176188,36.19546045229629,46.17684281774624,34.92445600021227,67.26588788662268,45.57016569581062,45.95668026646038,17.741212730281493,22.232682962036336,25.823946691196788,21.719106220455185,29.65750613109119,20.422115049162233,18.397709951785068,8.11963052420194,14.444215562765569,18.83159438282683,28.254166840895177,14.812440316463967,12.072687612768215,25.10860985169971,15.840238908956756,19.987021679650372,16.91550550146104,17.636199044591383,19.49564843767815,15.594851787169292,23.775523520612936,23.329457789586435,18.62089469255452,15.542876406052889,15.616109359826199,11.355497222715623,11.928146682248839,18.993980021626253,19.417305207631504,21.29303199558305,16.575284374057745
17,16.356651693683286,10.68458083456375,8.561725422234927,16.476175882831512,6.039956124959737,10.277151147575198,11.349968049841083,10.606877763837392,7.6691912810631395,5.133470060529846,4.715866572383666,11.129374838285175,14.321305045929263,11.388534866363326,12.128870796061179,8.708914481710853,10.964914750142313,-0.0,3.5942377843067255,13.041350577527545,5.213348047656184,6.7554146702093165,19.724201421507658,20.543727934108762,16.689443689000075,14.626387154380488,17.7661462079611,7.068373040574637,5.210226707240162,8.624034202276064,16.120476521198654,26.384783075041597,23.2012242639124,17.489458516875256,19.67052137251544,21.99727401318332,11.057987522370547,15.170633913040298,9.828766659767856,8.209637179119625,12.133120667881984,19.363939055496722,12.394173371521816,5.758587753598372,11.160090522525376,14.236559756020135,11.157651046227992,12.463567181707004,11.312458600261854,7.950677872088139,11.666075332709788,14.162504373957557,9.690946109124264,9.501129373038436,9.910349349098848,10.769572229781021,14.91621044332536,11.22872465514531,14.67282871680996,12.179607110257342,5.382748229036958,5.785003350281499,7.9086050132604635,11.266313442056871,11.91384590860239,17.850168235841434,10.978270215257757
18,15.654179750006476,10.106729713285063,10.518496898343633,14.901878194547248,6.680966043043751,14.52192928340263,10.38736495468011,8.631257584649418,6.0282092526097735,5.032103342725667,4.5286418032172255,10.514777185288615,12.102697116631921,9.766686622930298,11.00904344542679,7.038508366804084,13.296571288351995,3.5942377843067255,-0.0,13.554387815270363,6.3136106745379355,5.47235403775163,16.258723472557833,18.024654318017593,15.098798575384997,13.028992401026029,15.37928665481345,6.052535305048245,5.659125988196334,9.601977258288263,16.953405867910526,26.87811494931841,25.66714108890382,16.4663494383461,21.707965067288253,24.341568196003095,12.119058362319238,12.979237904565514,9.021255990075005,7.329229607156161,12.253554610941956,15.211707240851755,11.021234025278185,5.156361491684798,9.187225927895735,13.611957404403622,10.201949381819293,12.569515289663155,12.013040882481103,6.745203463672495,11.86641116048476,12.606563333290081,9.35457019405098,9.096620892352245,8.162169982927493,9.88828261433113,12.963981237916338,10.038347344615195,13.081520674859693,12.796024029093509,4.989320720645519,6.012269074806862,7.755346997802762,9.66148979425857,12.106875430514835,16.325967573277953,9.783196992372263
19,18.465564297116003,11.463878903543042,8.826702413809144,10.234885166303068,11.540773668549042,9.698280409341468,13.311269644838617,12.20874390655509,13.527259759568173,11.510389124379879,13.154944096711288,12.280964376000062,16.294665170001476,15.85418026001268,17.725467568375453,12.878592323871507,26.429090982227983,13.041350577527545,13.554387815270363,-0.0,10.812333207468996,12.889485915202807,19.984391329137505,21.85767971167748,21.139253799750104,18.120530733627,22.58128490296251,14.21580914382005,10.082931572772647,12.905765083418114,7.472842610841133,11.733944304128686,10.391007257565079,13.066612657664994,11.147822059608488,11.567520786655756,9.237851345303657,11.961283581029077,8.940524853980127,10.190355088078052,10.671016104361591,18.14167974530393,15.189470572382453,11.390816341138402,14.972888852058189,13.75550039305128,12.626383422724029,9.80470703676129,9.186687609735344,8.707975557820227,10.02386597643372,12.819058719360065,9.969440225026002,5.652016746320615,6.721947602273481,11.043889448820709,14.733774588062984,11.869016204243225,13.46073580324527,13.571053551281238,9.389945227765974,12.27481850914798,13.658243293512458,13.414941694709901,13.851763507596123,18.522983833467645,13.709174522219612
20,16.400030780344636,9.876741265054106,6.682244288908215,10.753060468222147,4.084832237860803,8.013924421365582,5.479998123354192,7.749647051397838,8.431400952691325,5.217272219691581,4.074475388795674,5.7758710997469205,11.089130321726191,11.01723417820721,11.665203772671564,9.024180598454524,14.780090526644688,5.213348047656184,6.3136106745379355,10.812333207468996,-0.0,6.102183450491735,12.107140060294874,17.844452168739824,15.480085233321208,9.371796380223532,16.579515570232786,7.139654081995549,3.0060392507311917,8.117309162734411,12.385154895527696,19.829796952976313,18.58433740364123,13.818409396423615,17.13228443779421,18.61334956201515,7.2766004691296375,9.207351208674302,5.254750929329937,4.390357663155829,7.706658905207792,11.093206573011484,10.206095060329314,3.5796522794115435,5.833624374666162,10.478796579533075,8.700836807617272,7.8007118764048595,7.721191293055649,5.276451303323831,6.4915002387270775,11.28585151708195,8.219854398581035,5.636440928666358,6.563439923874298,5.9445019487082185,10.113864964987759,7.975559452310693,9.726814302480019,9.083089004172402,1.9984208111677755,2.1859368488503237,3.182537225532934,6.698177997872116,7.846556375860685,14.461213624246906,5.511595737096652
21,10.530799958849284,7.117996811831564,8.549454630831047,13.017186530284457,4.237951559462164,10.175205405395285,9.04976030734047,5.272124744533104,3.207651575295733,8.070642248026966,6.1330225826390485,5.294156131143576,8.637200066296279,5.104261504813175,6.252824789310424,4.789957780072024,10.52507069886806,6.7554146702093165,5.47235403775163,12.889485915202807,6.102183450491735,-0.0,11.919611872618784,13.05075418335625,10.662565702441725,8.09169922335364,11.695899995492699,2.2872146779826554,6.779957335850325,11.447608679847868,17.000271995910264,25.46480732526902,23.323945334878186,19.270529838701645,22.395178072399847,22.747821874311537,14.116306490979834,12.188515110084156,8.282914188212338,5.752695297292537,10.179586683974463,13.496142939131067,7.358082701569411,5.2280477708909965,7.291629997970675,11.218516019104888,8.340355492577608,11.365142535618698,11.598582599053955,7.409755887545406,10.251164937437983,9.158632205720208,6.073143002943537,7.912419367313544,7.554782103773802,8.939630135806443,11.268160610246028,7.377419946379703,10.301304294519547,7.5517948395080605,4.777198593083943,6.2738087138168375,5.974447010224202,6.4978115579005005,9.266186903310434,11.161144092984447,6.041404017140395
22,10.72541709137467,10.22643243300923,13.304739840856545,16.733276373493386,12.352183044960993,14.721727032276762,7.641146293718588,10.017272298629676,13.217889467133375,18.593451565117032,13.730923108650545,6.8361564687876495,6.194300541352404,10.589182447231996,12.69659082395294,14.495611347592153,18.214994632136662,19.724201421507658,16.258723472557833,19.984391329137505,12.107140060294874,11.919611872618784,-0.0,10.127023519154053,11.079244007154736,4.719730989469957,13.091569299323071,11.572185975767388,13.142309646094677,20.002104025497523,18.427618726937535,22.233828066330723,19.853637960075318,21.812821180288758,21.116069117929236,20.936944363941045,15.235658998337572,11.959778741057807,11.345582055630851,11.226375793816041,10.540124549193003,6.269696246394095,10.706411612921498,13.928238085652096,6.586965329106711,8.442707543866897,8.319628011790067,13.350245604311878,13.11749590545025,12.377809941112089,8.937861016747984,7.8937392252515854,10.015663644168793,12.627207624260349,13.270284773679467,8.513258659295259,7.67240062832426,6.998516191331406,6.371763378021695,7.5905522127566245,12.16093559625824,11.081204486848522,8.851869997985377,6.339497771230857,6.665894582209885,8.697890905471953,5.332240924316319
23,6.4130854079262285,10.154041348885377,16.338938989840408,20.115304623606043,17.034132476094342,20.385387071024322,14.358308666797145,10.768470207747834,13.417591621570162,22.40277606366378,18.636187106772976,11.621479375861556,6.145153223571052,8.874810657250483,8.562636772445915,13.189297453333024,18.349589751533184,20.543727934108762,18.024654318017593,21.85767971167748,17.844452168739824,13.05075418335625,10.127023519154053,-0.0,5.450506156942767,8.241152955853039,9.11940403006571,13.74218208661464,18.7168452788855,26.95138683386578,27.060975885442733,26.842931442738546,24.741570526658354,28.841847363205765,29.845829688523654,28.265376398298194,23.88044158919383,20.47900163284567,14.986507588109127,15.09362271448059,16.286628013961924,11.097491201023708,8.489287322502575,16.879919492124692,11.861677986916744,10.569756702428247,12.039802674641834,17.72690821085423,20.36552319741097,17.18605616323456,15.58061350629217,11.209968532099142,12.610812637284226,18.405972757404385,17.385113766407834,14.679768131316566,10.512503958836444,10.415379801856043,8.631447112516467,9.691482481506002,16.500169989899334,18.251544493084626,14.926657712063706,12.284300533363613,11.606719987154264,4.294377405650754,11.635033004824695
24,8.113638100846403,9.74991196754917,14.201822988058995,23.568481549719415,13.038927370956213,20.107406896991073,14.381862468420099,10.54224593469675,10.737164637230997,17.951583815720166,15.261870968844349,10.704336298505517,6.073859107504256,5.326438982652038,4.387504090689903,10.810100282869085,14.579784066821588,16.689443689000075,15.098798575384997,21.139253799750104,15.480085233321208,10.662565702441725,11.079244007154736,5.450506156942767,-0.0,7.269828637890086,3.0790932185198665,9.45727704624412,16.210406067753446,26.82149611767089,26.941710184459076,29.73082612607223,25.484884996229646,32.669204072241506,31.42252485241025,30.751897212127005,22.268011807825722,19.729707796840348,14.490853052513016,13.982314221159845,17.632457284023783,12.500451592940074,7.218738140818367,13.668839994826744,11.868917145267023,10.311104685089779,13.28040348086736,17.63837242118884,18.452677583142908,14.828713195082097,14.163958107920445,10.947932150383224,10.463786242386941,17.014915145224865,16.132486858285517,14.780374202220987,11.879607053001488,11.550611378613642,10.099236736942574,9.54867896447751,13.434581395198766,14.48606223971608,13.337121521561784,10.593884486790445,12.339091533518916,6.55849546383451,10.739000693635662
25,9.395142138197066,8.21417077409359,11.472844137375109,20.322962402118026,9.340882209420721,12.772863506853014,7.284095009622012,7.179627262319489,9.876857683086406,13.734549344151604,11.534986821496002,4.646539617674771,4.584704366000769,5.738524627811388,7.173585182316037,10.064629428063746,14.864011153253553,14.626387154380488,13.028992401026029,18.120530733627,9.371796380223532,8.09169922335364,4.719730989469957,8.241152955853039,7.269828637890086,-0.0,9.913089711133264,8.533118846759878,11.265628058999855,19.63054068586971,19.517392237446064,24.561048092842643,21.676070867977657,21.674067572175296,24.067225671807233,24.051469759649798,15.35356522740555,11.98009852506865,9.229931831714177,9.360135465707485,10.033516584080493,6.88188621356916,7.362395746131342,10.374939299949999,5.392496245623168,7.235439330150079,8.523464542816603,12.13424399740595,13.456513102433696,10.609077314836778,8.47258603597463,8.615232723088507,8.618513112731922,11.845710674162493,11.729136853052886,8.367289906084585,6.590668157760175,6.143983646318476,6.630447408228551,6.10255543350981,9.463667760279867,9.502208148831935,7.990149482117806,5.440567600074646,6.760021194433507,7.419207770196187,4.486522824546129
26,9.920935661836554,10.618921336420396,15.6110787605131,22.695588990519358,13.715032363268305,23.072871664241223,16.248378641507593,11.523708531682418,11.025509997558359,18.84468660633609,16.203630816675823,13.014042899066267,7.861775350747265,6.474904390146578,4.47429837722576,10.244908050565227,17.430589505500176,17.7661462079611,15.37928665481345,22.58128490296251,16.579515570232786,11.695899995492699,13.091569299323071,9.11940403006571,3.0790932185198665,9.913089711133264,-0.0,9.385640017302734,17.453727547146986,24.46860747226991,27.45958267433279,32.93627843402266,29.328059715723562,27.631056134908626,31.150734534978227,32.73694774041557,22.705849489265315,22.36910901626255,14.618421082897143,14.436263178464996,18.818627512362344,14.63492679041361,8.128639574207513,14.905234628081184,14.409934021505286,12.45985734290197,12.682117588255574,19.987928010440488,20.423618935047955,14.48698748234731,17.090867274761653,11.584276753399651,10.959715277311373,17.666834222056714,16.41689354795921,16.023824182697894,12.70098256830718,12.6090361992614,11.837278114620817,10.90321603873532,13.866642119706935,14.886805181793862,13.701155814901696,10.53566973684231,14.565865933681915,8.963577885820252,11.678180254132053
27,10.677333904844373,7.359681867468715,9.009191182554718,17.311149708681892,5.992576449205805,12.58236443810745,9.376993732711059,6.22491066828473,3.275574461039035,8.472305615489542,6.856814456787235,6.862950119902671,8.028867932848417,5.2812511313225405,6.054471176484004,3.67158406688255,11.447316775129705,7.068373040574637,6.052535305048245,14.21580914382005,7.139654081995549,2.2872146779826554,11.572185975767388,13.74218208661464,9.45727704624412,8.533118846759878,9.385640017302734,-0.0,7.066746489272027,13.321761852629342,18.46689586706582,24.980449310708455,22.06805484352481,19.70736002999807,23.889564853814992,23.596504537224625,13.887380591736163,11.438242474361541,8.928447720478719,6.983854306658364,10.405750937022926,11.808611343502514,6.9334003244719975,5.540324912397719,8.067919349150122,8.398697055354484,8.133994335146784,12.46646978635383,11.962047672259246,7.606444984194053,9.712981990942618,8.858067786239008,5.907734131679276,8.736683385602998,8.191744868470177,9.60400966903053,9.691058761020994,8.0083271326224,9.864114070427766,7.654274673693876,5.3132972610391676,6.006859020272515,6.350304393074761,5.422269983593408,8.020283927260678,10.959070522916614,6.898342256012873
28,16.246309402605355,10.998341138376531,8.872821617934177,14.71066132797817,6.225692983654952,8.836844489050762,8.006288806001477,9.363193959432774,8.29531176714,5.714095392706627,4.168043453566963,8.060412442375792,12.652527396787928,11.263027878990657,12.792799310271606,7.855142943027611,13.007370364972608,5.210226707240162,5.659125988196334,10.082931572772647,3.0060392507311917,6.779957335850325,13.142309646094677,18.7168452788855,16.210406067753446,11.265628058999855,17.453727547146986,7.066746489272027,-0.0,7.1778405894909465,12.804836516616152,18.821906183430904,15.420026493158957,16.398928829978605,20.674947544761697,18.65745988642222,10.219065645116627,9.441522393159676,7.980574371865035,6.13321767845261,8.28798777614195,13.655649856794719,11.199953320563308,3.007977364836547,6.904816366786418,11.106117620464072,10.205027115543169,7.682335245125372,8.171054458509822,7.128607890529828,7.4811998491184015,11.845199077653337,8.724538668465172,5.865977646594621,7.955084944256631,8.517561466646347,12.20184748128474,9.14688096929797,11.747221891286358,10.777471023552778,2.907402386164313,2.7193400434468735,4.78706618103747,7.89199106557664,8.729773236555369,14.998365161833354,7.2650821353677895
29,27.57264007355195,18.61769613037065,16.285931025871136,15.805135682267213,10.499491481572385,13.225047189919694,12.596326285171449,12.005712101403772,11.82513633108108,9.501219679294275,7.518334821693045,12.280805937528653,19.891192792312417,19.862162116475293,21.655448725308425,14.907993802131884,15.147264565176188,8.624034202276064,9.601977258288263,12.905765083418114,8.117309162734411,11.447608679847868,20.002104025497523,26.95138683386578,26.82149611767089,19.63054068586971,24.46860747226991,13.321761852629342,7.1778405894909465,-0.0,14.252759802158861,22.951765324578524,18.318601745215137,18.82623377716834,19.75429366916035,20.489026296404905,12.58120294727077,17.91486071796823,11.734225410355148,11.484912012333126,14.390718851998733,18.13035955687433,15.682428906521395,9.220964817896684,14.679368738566021,18.12535323774249,17.559605570296917,12.980814288549134,12.711277236535933,10.35310888414663,12.780544338566509,18.21304443743359,12.758197293149928,10.422545125727593,10.170489008535444,12.06214832953926,16.560386755624556,13.900465576131529,15.560223849052026,15.695624191237728,7.646387873853199,8.630494630506352,9.57488191597816,12.676127675717868,14.005570202889556,20.715487638150066,11.697481279257696
30,23.783773277070843,16.91298444273073,10.740249273392072,17.730658787902982,15.191651321846352,11.236793434740193,10.966024283901941,14.34795736161209,18.519128659323528,12.393294250049095,15.913486069694539,15.118849969860584,19.632949258332808,21.947189167101616,23.154550435245387,17.351719973616838,36.19546045229629,16.120476521198654,16.953405867910526,7.472842610841133,12.385154895527696,17.000271995910264,18.427618726937535,27.060975885442733,26.941710184459076,19.517392237446064,27.45958267433279,18.46689586706582,12.804836516616152,14.252759802158861,-0.0,5.91255114892213,6.551622232265213,5.014909422132327,4.081492111445387,4.900745136351296,8.784650827029267,8.64697320230576,10.399677476197073,12.538017712760428,9.064226849707758,15.864861850002082,16.042818137650766,16.176364526648662,17.084980078052762,16.628225955272462,14.197795300884193,8.761054776081583,9.734955490384651,10.16976078687333,9.603105422109818,16.727117616943406,13.750810551521921,8.011543068821219,8.723356315953827,11.23900050715191,14.53552532707094,14.100604401930426,14.518048237578997,16.172493348358962,11.440188495248496,14.465616620725266,14.91009664739024,14.546179560134176,14.274331917034687,19.921935609149763,13.853155136237838
31,24.24059136247697,20.03195548718962,15.142607284405507,21.26341928929556,21.257447890219073,17.91936970641627,17.863226625882735,20.618881202941537,23.823768784373495,19.98016909636589,24.499187647932413,18.903669723615465,23.892188514505655,26.25237194834973,26.776707699102015,23.354080851061344,46.17684281774624,26.384783075041597,26.87811494931841,11.733944304128686,19.829796952976313,25.46480732526902,22.233828066330723,26.842931442738546,29.73082612607223,24.561048092842643,32.93627843402266,24.980449310708455,18.821906183430904,22.951765324578524,5.91255114892213,-0.0,10.140233903653046,7.983632571119795,5.288773194451888,3.4488524052236653,14.694217883473986,10.97974362461955,16.608006823827274,21.213822495983912,12.028139917006843,20.508612611085372,19.15947813612051,20.259286196734983,24.215096024882044,19.91438192010352,19.845891510739797,11.7352157109692,15.094358246485731,18.582112316988407,12.227812678517687,18.152349271288518,17.792522862697215,12.511867794890808,14.887365587533004,16.377709698669648,20.4655433461343,16.882212396786745,15.997821648600898,17.5847761569215,18.083794866900778,20.376866440674537,20.52312650504236,20.558532764289296,16.586929030856176,21.386274931912965,19.33183536346367
