,0,1,2,3,4,5,6,7,8,9,10,11,12,13,14,15,16,17,18,19,20,21,22,23,24,25,26,27,28,29,30,31,32,33,34,35,36,37,38,39,40,41,42,43,44,45,46,47,48,49,50,51,52,53,54,55,56,57,58,59,60,61,62
0,-0.0,8.717318977460009,11.691262219496426,6.8367986347821015,8.871477767709113,9.871684688651303,10.425530403342176,13.846246024919436,8.336210296494626,9.826442344315204,5.892830735605636,10.085829052157882,8.392380503512873,14.208500222927205,6.881759331433325,9.775481253765488,13.193962970548462,15.740590764280729,14.819769605498008,19.00661450644379,5.539929144607106,4.250163756405997,9.416911354848414,9.376318229191396,6.137891966057488,10.006958618110255,12.483752662411856,10.657250327786885,13.535781883320075,12.450739934497545,12.033224715850446,19.84189712746709,17.149469588670485,31.473067625535077,20.435513198545646,22.451655735659397,22.209241979462984,19.89882534880042,29.270631347490657,15.652346553019168,12.698569193512004,13.636885007635625,10.992210915982916,16.536519704772676,27.335304484249793,21.79214909592664,10.107768898769862,2.8199564024797823,6.127248467935564,9.391257121439278,4.241776165364291,3.4432812209829042,9.69285651087388,4.147762756005258,9.480663560658027,19.3449242324451,24.422070866229966,14.930776595197214,4.541556439977733,9.29949424309144,7.857773979774896,15.7830730148368,10.164477488473853
1,8.717318977460009,-0.0,3.6618635704300004,9.999974236890033,4.313985087266597,7.437903179302202,9.274223450193457,10.09614431036491,5.6153489571543815,8.986044704730915,8.91332576292,12.731051907652773,11.1340282840173,5.040072347786564,1.5263062288243308,3.3680613495673772,10.784276533750896,6.955379156022359,6.846108716976927,7.379171525438179,13.807749162666754,8.053023499321712,15.81335176445232,15.701933156038631,6.766183213824479,16.47610433332861,5.136119667909059,3.8710064316442137,16.79579709238705,11.223820344987264,8.263242243156798,7.656626337130617,13.08527226217371,17.104832726984334,9.556447514263722,10.0167707650542,18.76214677356331,11.880614021035381,35.340269140891834,17.342254583394276,18.014869927364135,18.849941321972658,10.490436090325725,6.916747406728694,23.06719996791487,15.257230790258182,15.818084564575278,10.344041386058127,6.755220919440942,15.483605109096063,7.062294337588597,6.466742618454431,15.873216141074263,6.12491545689166,15.718431458941257,7.399395230942021,14.55118656147997,7.476354616688378,13.626190094550422,11.802084344989993,7.253224108858271,8.493012934006263,5.331781576889493
2,11.691262219496426,3.6618635704300004,-0.0,7.641856990491768,4.083283102649608,4.302518332001232,6.718429923321123,6.478367086732662,6.870280647149885,5.344738833145894,7.713494537593698,10.904873426450926,9.925005320057329,9.061330460618219,3.0177288166608616,3.1404455082245466,12.876994149354656,5.963037658505332,8.588258163814782,7.468164889569894,13.874151983238422,9.449222960676703,13.79191744565843,13.774181797236288,10.106862974470483,10.638056937287917,10.769345200767834,2.926176730395624,16.26175152494607,7.994230488695758,11.966455495583244,7.53385866605932,16.767474173586574,11.671845780535238,9.917783015228785,10.27561148967165,22.901325832472015,22.693908224781588,39.871359128627965,15.425849739873524,17.05178732024758,12.988378738905341,9.59178237811285,7.781120943506536,12.858399694465383,19.86588116542017,9.922078376537147,12.270039287666055,11.290791666996833,11.090149626839944,10.517266228367923,11.579114716898085,13.675831448177872,8.903253748992018,12.263339316795326,11.263728380746445,10.511389246379991,4.785156647320196,16.370584214201077,13.970780174662305,10.679090077334239,11.333387822006088,9.491410584399432
3,6.8367986347821015,9.999974236890033,7.641856990491768,-0.0,9.211237890525371,5.344408762353066,10.12571132899877,8.283692543981536,6.215988731302284,4.825578018321098,3.1944234418644575,8.513717800629756,8.210307697579804,12.03901734462799,9.095495586784335,6.981722310453894,10.42862792512647,11.56787535046047,14.45660625883549,14.15487085269321,3.621094191925985,4.700760163872808,10.040241469848368,9.949717864426605,7.338695456652745,10.255727701434212,10.622158639227665,8.071035667307953,12.884664608638145,8.328459051353816,13.569669150752743,18.333793974683743,14.61095798814386,26.048771307996535,15.345511513153655,17.820133070486907,19.73730421111509,18.95635598836347,46.73638909417217,10.812094544854384,10.807127089989256,12.25638299903518,10.641139014541602,12.70112890570452,21.445718080850526,20.05437129513277,9.917067734902952,8.208228660563583,9.680158523270405,9.744328149927938,9.351541323401015,8.862282981468418,10.137894458651871,9.217286809501815,9.756828824871631,16.691857689816548,21.400349511465652,13.032691453574763,8.439273285218064,10.014083142340512,9.82105741947752,12.918949511428572,9.138244027343404
4,8.871477767709113,4.313985087266597,4.083283102649608,9.211237890525371,-0.0,8.48784599121582,7.342966943539464,11.968203689086735,9.102961339135158,9.793917763176697,4.019037679881909,9.587394164483017,9.318061418519047,10.898131419843251,2.8835400735278003,5.337232617287313,12.912863889018368,10.377714429536937,9.99240102119025,11.73222623728112,11.857932898819804,5.145654394574967,10.150623646192452,10.072502182958308,8.201495132708423,10.590419747216812,9.122004093418933,5.294637232342285,9.559614506788636,5.40799005566115,13.163902415411826,13.1166928595803,18.364597425249798,12.260642646979838,13.792809109779542,15.007217797552673,25.391497315785003,16.914250517544186,33.38306896125299,10.550984627229097,13.044619103396784,12.075234805027419,4.885632244751097,10.571496853653507,18.346964313762687,16.552621519482667,10.028596768001668,7.394373693241009,7.359957709273005,9.778564813469153,9.181214910702293,7.13065783786676,10.061163702899517,8.32859641696478,8.461417112381445,12.84306300271017,9.001701412233302,5.018871221079379,11.031921727164569,8.928122024786234,7.222100285764613,9.84812980611476,8.086051415627152
5,9.871684688651303,7.437903179302202,4.302518332001232,5.344408762353066,8.48784599121582,-0.0,9.604196355276773,2.0108666511229183,3.7482665169931257,0.8299213072875524,7.464044214058432,9.910360546374333,8.990120818458562,6.319800245776754,7.406064428875801,2.7350184541645777,9.93535749465716,6.033931494167357,10.524630950227525,5.9603121231956075,11.540800880283012,8.597313593088947,14.208693021198634,14.143146342090908,8.521622693866124,12.819069140468594,7.903370726355916,4.380574266091266,17.78579496024164,9.4710018129761,11.168348091243017,10.549357799036091,12.853498772291,20.03829803927828,7.792498245305191,9.267097739258464,18.86094833113416,19.395660335722305,47.463438836063574,14.873250263702769,15.166591571059273,14.39843588927587,13.386346682074594,6.368996324298116,19.140518804131833,16.284185769167642,12.221145743701204,12.522736689973833,10.584303129307262,12.90164988553034,9.867325456132518,10.783168053873466,14.20304201161838,9.30118050665603,12.846468837770525,9.561675232338917,16.82959365221955,9.590910539709187,13.755410146399718,13.09854054800554,10.218546403716928,9.829683941443617,7.466218557827615
6,10.425530403342176,9.274223450193457,6.718429923321123,10.12571132899877,7.342966943539464,9.604196355276773,-0.0,11.320605945644047,10.178173753754395,9.707911693373953,10.040613164280817,10.761775813276888,13.603136642468057,9.339133933397695,7.523009743360836,10.5262195668257,8.760666451766905,8.324142007007161,11.73685725558739,7.27607796544073,12.712332080877587,11.550954005407105,13.420713486815812,13.464926911788716,12.360157037560661,13.257430542332827,11.420948167831147,9.390871956699181,15.852467555868474,8.115648412790058,14.408389779108868,11.77413840146801,17.212646559554564,19.631213276285177,11.204943610446083,14.69026708302416,22.079457581555033,36.441409423142986,25.95241000821743,13.749761854939818,17.28011681401578,13.005054517713672,13.104184386630655,9.276385883332502,16.99878808907,15.809522734089533,12.552758332425972,11.214227321264596,9.944910066309182,13.926030266750956,9.824633634432177,10.835206858540275,13.434744245046078,9.619459863192882,11.514779967659408,13.917912516378085,17.52602493602083,12.428809758156603,12.482734236658372,12.644253383367644,9.479914530985749,12.71742806464615,11.09484725115326
7,13.846246024919436,10.09614431036491,6.478367086732662,8.283692543981536,11.968203689086735,2.0108666511229183,11.320605945644047,-0.0,4.6505698293220785,2.785865113485571,11.79208280001745,13.098197447682244,11.240450056789193,8.3639052222025,10.496981401221268,4.60254701720726,13.030057005377529,5.7253209261696645,11.412867606911508,5.037469342842552,15.180657353362973,12.717214858297297,18.12063499403737,18.07531677834316,11.668769155132297,15.310276590866577,11.115128376017088,6.519996075479629,23.106272583995857,12.78084143610212,11.95988308016448,12.257734816700571,11.55481473147993,18.49700246419028,6.223136068265888,7.54111220683102,17.4935064396141,21.31692900370242,51.079121659726894,19.099930972920507,19.45457544070761,17.67683408457039,17.52073272617461,5.282785847117115,18.711908820216873,21.408786625715564,14.685390608235592,17.09335149271582,15.369839594943073,15.699400730840884,13.71018989786577,15.622310059878496,18.13833793867917,12.901163609221983,17.26391770105848,8.842256336369246,17.330214403735877,11.548049688077679,19.152269489841295,18.273160192387692,14.89445931339796,13.166117556875164,10.39347339508269
8,8.336210296494626,5.6153489571543815,6.870280647149885,6.215988731302284,9.102961339135158,3.7482665169931257,10.178173753754395,4.6505698293220785,-0.0,4.222712244196308,7.9439063370388725,16.83597352031101,16.250235688477108,7.053284769759502,6.298019020712883,2.8647621238400642,8.862783713411694,6.447384329769981,8.109600802766165,6.132171229016687,9.434056936692627,6.435431877310005,17.05991320474116,16.96317818952399,12.877357319721343,17.81239131669234,11.529006944514355,3.6750560447165364,22.65898465311035,10.514542985447596,4.3708513178648145,8.90592526758114,8.022515263980399,16.247377337453944,7.064203952406432,9.402858479149094,12.760201445192974,19.7900810943666,47.91380018641299,13.549163486215729,21.88691516827145,22.50087679381258,18.52262195828908,4.886411078052598,17.34826161010681,15.116250571572522,17.35778068950748,8.569942013953872,7.863050101027158,16.98178381590016,6.451442806928015,7.591513140288042,17.328954712668622,6.571546874692932,13.63274235202257,6.584926267054276,12.968737262240056,7.020512863845054,12.64964194326446,17.217139287523185,8.898404190729607,14.80288409033458,10.25651646345477
9,9.826442344315204,8.986044704730915,5.344738833145894,4.825578018321098,9.793917763176697,0.8299213072875524,9.707911693373953,2.785865113485571,4.222712244196308,-0.0,6.95885170957503,11.661807912637197,11.313294044760129,8.165392320975705,8.966503980323012,3.327703761424134,8.250390951457545,6.400444309235433,10.753849369254535,6.301226232898309,10.255982398518372,7.822932298399124,14.849989571175577,14.749417064778259,9.117693156265197,15.652083691006657,8.3167021679089,5.370933462603649,17.43841129424046,9.442849381566761,11.732676982942229,13.623918516065572,12.352901340027975,19.30461384589894,8.047135771562472,10.951986292142369,17.446541170318646,16.86460785476259,47.848931800945216,13.064772468056713,14.833273382706416,16.871911915139282,14.059309978582917,6.06748949708159,18.559884073042625,15.813659413065885,15.056547027503452,12.345840907834937,10.755808221744461,14.9853203320944,10.674592556148708,10.727383342001245,14.891984536310696,10.600625795097715,13.45987130735082,9.460915701557179,16.669712934569525,10.224822897153352,12.565237328689857,12.765141904818702,10.689381887613315,10.753188420745078,8.311645059014024
10,5.892830735605636,8.91332576292,7.713494537593698,3.1944234418644575,4.019037679881909,7.464044214058432,10.040613164280817,11.79208280001745,7.9439063370388725,6.95885170957503,-0.0,7.456493218216484,8.437896137476203,11.675038267546954,6.487853726056392,8.302068186623645,12.7323730385542,14.342063686123272,15.69065641140331,12.54406664540708,6.754298373281359,4.762424997342259,8.989557204132229,8.925613387473758,9.142396462869025,10.602095537925257,8.009973043228616,8.138941198196548,9.959002397776574,4.180046392998739,12.67667936753918,19.993531908689732,19.25849094098379,22.342656756020197,14.739801319348821,21.36648294223476,24.40845657001599,33.94998299958109,44.15580081941279,6.585389736528489,10.68562790570314,10.353927884250076,8.737152016776422,10.019701754190047,16.226273204526894,11.785558179627543,9.999591605146207,5.1564127553734584,4.7487388556363594,10.550546851480103,6.459417371723466,5.487058961892103,8.975657819259723,6.818909468766329,3.978672622891448,12.57259926394886,17.56458609411403,9.485291460576462,5.8880337166386205,7.70326770796194,4.739002989880814,9.251304934733326,7.652402834375148
11,10.085829052157882,12.731051907652773,10.904873426450926,8.513717800629756,9.587394164483017,9.910360546374333,10.761775813276888,13.098197447682244,16.83597352031101,11.661807912637197,7.456493218216484,-0.0,4.6659985739482375,7.533632139171468,9.393372673978899,13.17319745242647,16.25169386170117,14.185745629635017,19.96389705959739,11.890184582445023,12.042155964807762,13.542115481392015,6.9555311372066075,6.98548527206332,11.97579993535424,8.084156278454019,8.281024803335978,10.780184819802562,4.713343432344578,14.829299935256323,24.08011780546552,17.476418805278435,30.100069750341724,32.64257743533918,15.748213904584903,20.463540167044112,37.873136244010915,45.23411714364356,27.410585960233718,18.770870778648625,6.270822408242503,3.7171329514550324,3.0049696666584484,14.369684202024603,29.68384465612879,10.569016352773632,7.437717966601255,8.427008750419295,6.714438561242759,8.592123722635947,15.379368453962572,10.402887727394388,6.772824312391672,14.373579325459012,11.627190260145385,17.40279930133721,28.06372269921313,19.144394639780057,10.395622599788927,3.3142487434822425,4.250281411456961,7.364393032888878,9.626687541428922
12,8.392380503512873,11.1340282840173,9.925005320057329,8.210307697579804,9.318061418519047,8.990120818458562,13.603136642468057,11.240450056789193,16.250235688477108,11.313294044760129,8.437896137476203,4.6659985739482375,-0.0,11.239029570647215,8.606908662671964,11.844222966769703,19.33061091197027,13.204396318415604,18.193220968023248,16.82125862597581,7.859703092528739,11.122177182851452,3.816599899061602,3.814022997489423,7.763426287429177,2.567670993849655,12.833726975043481,9.547107101010875,5.148557706864029,16.00587056060153,22.0103611687711,13.26593096782632,26.377182341948195,30.905848852530383,17.275020270466904,16.490324899779456,34.547769348798454,32.31493107382481,40.04566537753073,17.27800786145362,5.555871520485055,4.000792477285691,1.6809283897277316,17.51569654001399,30.076324773991296,19.779066341989683,2.150089380934359,5.195860720588002,9.377222011205301,2.7570730850354015,14.608824621821691,9.324215138693557,3.7982073261149463,13.354945866374678,11.600251312487458,21.05684009511403,25.76929565759953,17.59635481653667,9.688642381827485,2.2562124359170284,8.481378654016773,13.346198034134627,10.74363483112772
13,14.208500222927205,5.040072347786564,9.061330460618219,12.03901734462799,10.898131419843251,6.319800245776754,9.339133933397695,8.3639052222025,7.053284769759502,8.165392320975705,11.675038267546954,7.533632139171468,11.239029570647215,-0.0,5.5594988080222825,7.601584161389614,17.927323528154513,9.12402019539519,12.062813795822512,8.872716261717118,19.606977560833553,15.703083541780556,17.306178778637133,17.27915113108808,13.091448596035947,15.878707279739732,10.07117972374475,6.891506057129691,19.447144069837226,15.695619480072724,12.11859024113979,8.974276985760763,17.97743505224837,28.951618720663948,11.56355852411339,13.374120275644037,24.866683957349046,34.28358856677404,34.85467825848187,22.69563870657486,16.761697669863075,10.870111577300378,14.395411516272809,10.251496191461696,29.11179119377107,17.101223456967197,14.370878021596493,17.111555943547547,13.118309783839411,17.05706023637451,11.09317252381411,14.269569515269987,17.035005288584344,7.871033753400787,14.11240221430858,11.299214739066091,24.00659807953565,14.46830363014271,17.670378698954558,14.433684388873775,11.20589610775013,9.262055510503066,8.081439015180553
14,6.881759331433325,1.5263062288243308,3.0177288166608616,9.095495586784335,2.8835400735278003,7.406064428875801,7.523009743360836,10.496981401221268,6.298019020712883,8.966503980323012,6.487853726056392,9.393372673978899,8.606908662671964,5.5594988080222825,-0.0,3.6130110590742293,10.167462433781056,7.819214310462477,7.525513887175595,8.98532316941163,12.040568554360798,6.3423547001060285,12.965120799981717,12.87441783072339,5.679375385771267,13.481403181409357,5.147581546395855,3.7459472851110074,13.843116353254505,9.080105548308591,9.477437872145863,9.65167618624507,14.275293060424794,17.371834522301096,10.709937384440442,11.374703073142271,20.026488672212988,13.679835571835683,31.027695338822525,14.644735726354675,15.071074287004897,15.211620805868362,8.581503277171365,7.880277254234954,22.28697119834709,14.077049168691492,12.764982667276891,8.112120803216314,5.052497751939958,12.600505588386914,6.674013823524427,5.4113051792848434,12.99424595381758,5.602561123839895,12.016056093018147,8.84673556630359,13.771027860547994,7.436886608896941,10.79159584673671,9.286227277238265,5.298678651231208,7.487551661029598,4.83198354515029
15,9.775481253765488,3.3680613495673772,3.1404455082245466,6.981722310453894,5.337232617287313,2.7350184541645777,10.5262195668257,4.60254701720726,2.8647621238400642,3.327703761424134,8.302068186623645,13.17319745242647,11.844222966769703,7.601584161389614,3.6130110590742293,-0.0,7.999654803518373,7.148463274852771,7.921807486384368,5.828400370270255,12.685224424783978,7.509210199007101,16.1213147185977,16.03512143625906,8.36988065089112,17.08410915546296,7.036001096088385,3.405837112037022,17.369277455918848,9.619349596457846,6.964498879937613,9.674588415535696,11.128636381939655,13.832037213291434,7.469733701083858,9.812133354302638,17.40501872856327,13.955950842785233,46.1539376400527,15.199400270265592,18.390986927648655,19.26228516386254,12.317968410791579,4.825780062525447,17.37260050154842,14.434090431827745,16.386713832205086,10.709599397675717,7.209419324702039,16.229845161200327,6.684821399172511,6.973495931989549,16.20710614367928,6.535448527602343,14.835424704139522,6.345976354815335,11.762268775310575,5.821885237946068,13.30293569996027,12.550569894068932,7.772681856718569,9.366486767944862,7.009543273392026
16,13.193962970548462,10.784276533750896,12.876994149354656,10.42862792512647,12.912863889018368,9.93535749465716,8.760666451766905,13.030057005377529,8.862783713411694,8.250390951457545,12.7323730385542,16.25169386170117,19.33061091197027,17.927323528154513,10.167462433781056,7.999654803518373,-0.0,12.934849109733635,10.024244107609507,14.580310096643624,15.242422608808479,10.744619321195708,18.026083992639823,18.09756398320782,17.569887421803326,21.737710103241444,14.067250984146808,13.924947303894715,20.700215676816786,16.73337816170151,13.550601452149794,22.374414958249993,19.547805661028725,20.162247862836743,16.310635746968188,21.514860720153113,20.251162463164107,29.676833298421602,37.922700023587474,13.134992793165491,21.043719700679848,22.05307481921321,20.44763691496865,11.102591575336499,18.716712419621572,15.929902147418309,21.620011281228113,11.940131429670387,11.194669376647958,21.842539924584496,12.846168172114856,12.346422782331162,18.253208222212375,15.393826603703648,14.587528170957615,12.746251664936766,18.566134192575767,16.64048835418381,11.183455234175714,18.171495010676928,12.089834191374942,19.983757907994587,15.7212783482438
17,15.740590764280729,6.955379156022359,5.963037658505332,11.56787535046047,10.377714429536937,6.033931494167357,8.324142007007161,5.7253209261696645,6.447384329769981,6.400444309235433,14.342063686123272,14.185745629635017,13.204396318415604,9.12402019539519,7.819214310462477,7.148463274852771,12.934849109733635,-0.0,4.182867081363108,5.888711778244713,17.97239998034425,14.532707493363265,19.4679764351622,19.42503050208872,13.553885110501952,17.365790531585077,12.038578178269889,8.207490577013106,22.517844885036595,14.067511874910245,8.835925071687603,7.186306445910504,10.680782187597787,13.192010367525068,6.806930364136738,6.604495538259875,14.084772555514263,20.12237636282511,36.36360310980651,20.709547292453383,22.09405907323815,19.0306590500644,16.45807404081735,6.729925311153702,17.485625258162543,19.79010361100383,16.306694867984778,16.943603854111352,13.3920083353497,17.558534879569837,12.356614601448483,15.185663981074551,19.42646266153135,12.240998483550243,17.344699127092895,7.429745622909952,13.028628490991924,12.821994357805425,20.15703940066456,18.158488454282118,13.593335598652446,13.312243215583475,11.491095767912645
18,14.819769605498008,6.846108716976927,8.588258163814782,14.45660625883549,9.99240102119025,10.524630950227525,11.73685725558739,11.412867606911508,8.109600802766165,10.753849369254535,15.69065641140331,19.96389705959739,18.193220968023248,12.062813795822512,7.525513887175595,7.921807486384368,10.024244107609507,4.182867081363108,-0.0,6.384664431936957,18.75483350884244,13.212581302511708,21.705611941964488,21.6521476209495,12.873416075698879,23.362357823135927,11.520560836369967,10.276014469622051,23.22980964157976,14.870026678540537,8.467356023096626,6.083809391644229,8.82787160084669,9.45900107734807,8.676906563240872,7.1959252048095745,12.988979602160105,14.70937461292557,31.82653495630567,21.976900837079768,25.579275415836978,26.320774066777904,17.357536491739953,7.11055585596025,22.847159458764978,19.196085684296325,22.745837084765885,15.633851001300538,12.292510588305715,22.176453871694246,11.086602788940139,12.516847570946533,21.890547578428663,12.152265397691504,22.105918920719045,7.636768736179888,11.839219003352884,12.233582200706856,19.222803522143657,17.935645513049916,13.457724757949423,14.28870355437488,11.570719679169699
19,19.00661450644379,7.379171525438179,7.468164889569894,14.15487085269321,11.73222623728112,5.9603121231956075,7.27607796544073,5.037469342842552,6.132171229016687,6.301226232898309,12.54406664540708,11.890184582445023,16.82125862597581,8.872716261717118,8.98532316941163,5.828400370270255,14.580310096643624,5.888711778244713,6.384664431936957,-0.0,23.529146716941668,17.21337708213319,20.424333568203735,20.395254117851014,17.097738632186957,20.734236154564748,12.163897776487818,6.64679458800896,20.51490034243944,13.875042949467128,7.049388538923101,8.252112908049591,10.677725129966623,11.7897135472652,4.042882032472037,6.833663889518569,16.422372902996045,29.974896749292387,41.157324689767094,19.24314527726331,19.709777766526102,14.629275258243833,16.754915754843474,2.8463233360002134,18.116434459796736,18.297414029366355,19.490192047984685,20.564404573020937,14.205903339519153,21.96997432753263,12.68956883950814,15.118288567591181,20.09947594588534,11.32102002774206,15.886815289119149,5.59418269857695,14.116299621679964,7.726446195038498,20.068826780946015,16.682364027833756,13.086791221073517,13.506852769732914,11.16885822059106
20,5.539929144607106,13.807749162666754,13.874151983238422,3.621094191925985,11.857932898819804,11.540800880283012,12.712332080877587,15.180657353362973,9.434056936692627,10.255982398518372,6.754298373281359,12.042155964807762,7.859703092528739,19.606977560833553,12.040568554360798,12.685224424783978,15.242422608808479,17.97239998034425,18.75483350884244,23.529146716941668,-0.0,5.17670502804947,7.823943378461902,7.78296845292022,7.537633787393916,7.920288073574153,17.711337815995336,13.951492431484956,12.729557409955271,12.78052896619663,17.07572281719975,25.010623884368442,19.000395506630117,34.81872865163933,24.05726951256521,26.3203361812318,23.03051722062858,22.872388416084622,40.90792546546651,13.211309106878055,9.027052169909233,11.199348609983643,10.850525733181382,20.74879790641837,25.36611696778546,27.753812374543692,8.260109982087316,6.041966975660004,12.372195001528297,7.731867449666142,8.968252025853236,8.350534234177156,7.976025720891128,8.832170664974976,10.701560903307081,24.92361076810894,28.360234101867526,17.833274152236736,6.42082699361755,9.75457438350041,13.676520611569682,21.127540498441974,14.844620729321509
21,4.250163756405997,8.053023499321712,9.449222960676703,4.700760163872808,5.145654394574967,8.597313593088947,11.550954005407105,12.717214858297297,6.435431877310005,7.822932298399124,4.762424997342259,13.542115481392015,11.122177182851452,15.703083541780556,6.3423547001060285,7.509210199007101,10.744619321195708,14.532707493363265,13.212581302511708,17.21337708213319,5.17670502804947,-0.0,11.851650840347077,11.784559272231363,7.316393326541802,13.214250312210318,12.567983957889501,9.653155563902587,16.195328902272838,6.616044191135877,9.391373891555247,19.881386345469792,14.210584582788911,22.290499558759457,17.754356784140825,20.636630206276273,18.70162727605697,18.716527406163657,44.41669767040143,11.275365751222445,15.818617138852806,17.800334968160296,12.184879258550456,13.356363916753006,18.766049136313047,22.57921143138692,13.765839844262342,4.372892071079291,6.360850031367815,12.121428587461223,3.84524281580324,3.5567137624097698,12.139886869992838,4.445901618631243,10.778375300134906,16.350584653008575,16.597780149062785,9.071347415791273,7.811348349848012,11.85075319806621,8.869335618167423,16.130021134422762,10.455646216549367
22,9.416911354848414,15.81335176445232,13.79191744565843,10.040241469848368,10.150623646192452,14.208693021198634,13.420713486815812,18.12063499403737,17.05991320474116,14.849989571175577,8.989557204132229,6.9555311372066075,3.816599899061602,17.306178778637133,12.965120799981717,16.1213147185977,18.026083992639823,19.4679764351622,21.705611941964488,20.424333568203735,7.823943378461902,11.851650840347077,-0.0,0.01257826623217606,10.12416086321353,0.604180641759483,13.091023709515541,14.482675840104074,3.6361029385995325,12.621846344350288,22.691298296666645,24.314852482141827,28.657780736316525,29.417726681603433,22.631374391295637,26.223050119814605,35.095402765747025,32.379110458825565,30.367226345800482,12.575935833104273,3.4197088664497923,3.5423248267643106,3.6358608298247863,19.52280029271882,23.35860966880487,20.29240275251119,2.6673079140860794,5.53898179201898,10.434214595046098,0.35025836805045757,14.177607724683746,10.348037748904641,0.3560413141873168,14.085208811854375,10.70247024728638,23.16066110329428,23.853748680803776,16.745770045064823,9.018728539454324,3.312547629938936,10.463936016424526,14.296289617263819,12.438703417247561
23,9.376318229191396,15.701933156038631,13.774181797236288,9.949717864426605,10.072502182958308,14.143146342090908,13.464926911788716,18.07531677834316,16.96317818952399,14.749417064778259,8.925613387473758,6.98548527206332,3.814022997489423,17.27915113108808,12.87441783072339,16.03512143625906,18.09756398320782,19.42503050208872,21.6521476209495,20.395254117851014,7.78296845292022,11.784559272231363,0.01257826623217606,-0.0,10.00684373046944,0.603102851770485,13.00367443941346,14.44736183472219,3.6361894943921116,12.525494949841955,22.562220401249768,24.313619032879917,28.536222641187695,29.33543040274378,22.553516263558073,26.225731210671896,34.93195705101064,32.24159401405048,30.75322409841888,12.5457428866365,3.4149070794199936,3.5430131765150894,3.600463115493332,19.43263375262607,23.228003372582698,20.284283056778577,2.6508907401587853,5.532549038957023,10.390248290285292,0.3496063880623911,14.104047625469255,10.282576379972301,0.35641633892873487,13.966978087135256,10.699971653683944,23.058698042927464,23.698264794731504,16.57681539478669,9.013554469683662,3.2993194933400867,10.432955125387902,14.202696197538268,12.307898181146898
24,6.137891966057488,6.766183213824479,10.106862974470483,7.338695456652745,8.201495132708423,8.521622693866124,12.360157037560661,11.668769155132297,12.877357319721343,9.117693156265197,9.142396462869025,11.97579993535424,7.763426287429177,13.091448596035947,5.679375385771267,8.36988065089112,17.569887421803326,13.553885110501952,12.873416075698879,17.097738632186957,7.537633787393916,7.316393326541802,10.12416086321353,10.00684373046944,-0.0,11.664681349597963,9.853436439766844,9.539083918546707,13.191092384615418,14.4391210797712,17.1377501420357,15.921908387968436,21.382773477994743,28.099886400999594,17.783665861196113,18.34586358194534,28.076789356540903,14.455192827827137,33.236900457798974,19.384942087972618,13.009575161718438,16.425186545394297,5.953266531436617,15.658672447110556,28.404101967988886,24.644749027313843,11.726518099914014,5.717226432506643,8.287517174964844,10.221958506161272,11.033200880554439,5.482587031494311,10.318054453900718,9.18107269215177,16.29719033700459,17.968255589706505,22.18265260126427,14.51287102435224,11.809018193522329,8.885996720105624,10.314861462215248,12.539321131448007,6.695317995500964
25,10.006958618110255,16.47610433332861,10.638056937287917,10.255727701434212,10.590419747216812,12.819069140468594,13.257430542332827,15.310276590866577,17.81239131669234,15.652083691006657,10.602095537925257,8.084156278454019,2.567670993849655,15.878707279739732,13.481403181409357,17.08410915546296,21.737710103241444,17.365790531585077,23.362357823135927,20.734236154564748,7.920288073574153,13.214250312210318,0.604180641759483,0.603102851770485,11.664681349597963,-0.0,17.465057066749463,11.347114646848116,4.676794545918211,14.64258805771422,23.51066869684718,19.116682154669178,28.563302303362537,30.68103953250328,21.836274045420605,22.842303386477,36.35157578004135,38.99416661918728,30.796329109080148,12.68832156642795,3.493069040033087,4.221843495137088,4.094010139276907,21.683461333257203,22.604995078637298,24.860064821007718,1.1982528810704751,5.679459117046113,13.504537981122706,0.19809857059198524,15.722187923812513,12.013990945624656,0.6868842752296875,15.172500094970133,11.417519495411106,26.570368470474033,25.659518678389386,17.51594466329058,9.843534182266469,4.221815382530339,13.076108588688456,18.243464764397093,15.432940277546342
26,12.483752662411856,5.136119667909059,10.769345200767834,10.622158639227665,9.122004093418933,7.903370726355916,11.420948167831147,11.115128376017088,11.529006944514355,8.3167021679089,8.009973043228616,8.281024803335978,12.833726975043481,10.07117972374475,5.147581546395855,7.036001096088385,14.067250984146808,12.038578178269889,11.520560836369967,12.163897776487818,17.711337815995336,12.567983957889501,13.091023709515541,13.00367443941346,9.853436439766844,17.465057066749463,-0.0,9.958559247372294,7.9556215393612195,13.453455457334952,15.794732735739647,15.690675114299077,20.812092055981097,27.50757520393997,14.683202523216298,17.778937474773517,27.54935132782378,24.847566049511048,31.859132541382923,20.430713141208383,10.028539098184496,13.019676507430026,6.795446824056791,11.404299300854039,31.14799034932101,8.698525503973132,17.0277674295262,13.75910731319225,3.708495088469195,17.273283254542946,10.16048821731728,5.523831916338622,12.871772752868338,8.324323958413492,13.545825622728248,12.358761897173093,21.717722141935546,14.31338978798706,11.515123929059213,5.812921599125676,3.163300335649024,2.7424622247020696,1.5731852056210702
27,10.657250327786885,3.8710064316442137,2.926176730395624,8.071035667307953,5.294637232342285,4.380574266091266,9.390871956699181,6.519996075479629,3.6750560447165364,5.370933462603649,8.138941198196548,10.780184819802562,9.547107101010875,6.891506057129691,3.7459472851110074,3.405837112037022,13.924947303894715,8.207490577013106,10.276014469622051,6.64679458800896,13.951492431484956,9.653155563902587,14.482675840104074,14.44736183472219,9.539083918546707,11.347114646848116,9.958559247372294,-0.0,19.829660078226997,7.126670042367953,6.8721742929027165,8.145704594979032,13.331477223710142,15.355976147859316,8.911611037969669,10.705044326417315,18.28744332604233,24.170284739141557,46.03750960950256,15.661318933376887,19.03531508781372,15.073344980054953,13.995233571319007,6.355733613568374,15.286615332958903,17.116612817422787,10.540347565427611,11.900838831797877,10.56020978318469,11.753363668253094,7.747756372585465,10.93490577316744,14.480879092938514,5.646258691442688,11.757629411305887,9.675138187054298,12.242416848663138,4.207713045890891,15.831706394419863,15.01165006884086,9.838406689986735,9.903101517763943,8.179016547057163
28,13.535781883320075,16.79579709238705,16.26175152494607,12.884664608638145,9.559614506788636,17.78579496024164,15.852467555868474,23.106272583995857,22.65898465311035,17.43841129424046,9.959002397776574,4.713343432344578,5.148557706864029,19.447144069837226,13.843116353254505,17.369277455918848,20.700215676816786,22.517844885036595,23.22980964157976,20.51490034243944,12.729557409955271,16.195328902272838,3.6361029385995325,3.6361894943921116,13.191092384615418,4.676794545918211,7.9556215393612195,19.829660078226997,-0.0,11.79521504913114,29.789353531257554,30.57964987709033,36.826071879887266,25.970035859709988,24.140621847114335,31.3955485507599,43.865892678887285,43.17228451266298,31.063742775357255,13.636828901965046,4.079598105177241,2.0487175090621395,2.8792849529741704,18.337921646543816,24.037939386535285,18.619950566901334,5.581991638116748,9.00912011153531,10.09826206713104,4.900277484836988,20.66631131189872,13.93270365427224,3.5169238971593137,19.479429472939906,14.274760852897817,21.336837997349875,22.47042364543812,17.472927735246166,13.669801787029485,1.4788981709800304,7.838012076983415,7.892270066941077,10.388751509100318
29,12.450739934497545,11.223820344987264,7.994230488695758,8.328459051353816,5.40799005566115,9.4710018129761,8.115648412790058,12.78084143610212,10.514542985447596,9.442849381566761,4.180046392998739,14.829299935256323,16.00587056060153,15.695619480072724,9.080105548308591,9.619349596457846,16.73337816170151,14.067511874910245,14.870026678540537,13.875042949467128,12.78052896619663,6.616044191135877,12.621846344350288,12.525494949841955,14.4391210797712,14.64258805771422,13.453455457334952,7.126670042367953,11.79521504913114,-0.0,15.2149480905919,20.4990496606387,22.403314575133955,20.20304347704686,16.94436010578568,22.698654042494805,26.72572444715309,33.54984946664256,36.908998124730445,6.128586314351972,15.660573148263172,14.977639150501863,9.930401455684601,12.638581328088577,11.092575696195723,14.079559198962956,14.089168273617723,10.683193634786331,10.011438047350863,14.475739720530196,9.030001508768482,9.65881312705483,12.471587822386189,9.856603427114559,5.772841887919348,15.782136905642316,10.684865735492927,6.3633452957354235,12.86317802220095,13.641254721419816,10.208849347424229,13.93925326679718,12.317733744678348
30,12.033224715850446,8.263242243156798,11.966455495583244,13.569669150752743,13.163902415411826,11.168348091243017,14.408389779108868,11.95988308016448,4.3708513178648145,11.732676982942229,12.67667936753918,24.08011780546552,22.0103611687711,12.11859024113979,9.477437872145863,6.964498879937613,13.550601452149794,8.835925071687603,8.467356023096626,7.049388538923101,17.07572281719975,9.391373891555247,22.691298296666645,22.562220401249768,17.1377501420357,23.51066869684718,15.794732735739647,6.8721742929027165,29.789353531257554,15.2149480905919,-0.0,5.166987618316812,6.763169431425181,10.731662277288855,6.175529823273361,6.601548523904118,11.75476058292258,22.289329551049285,49.779313179490146,18.442171358419994,30.153817270141015,30.255099930876586,24.053881886197082,5.668733349221807,18.872424659067313,17.519265217280694,23.11661429022282,11.776589985881103,12.669324368505945,22.4142540818955,8.524493552403037,10.382136652561105,23.02410590854281,8.767436692790715,20.08285756767438,3.887652861076803,12.604327716225827,7.509042309753075,18.586535918949938,22.947987153030162,14.155567517061954,19.211910879400143,14.393451810198453
31,19.84189712746709,7.656626337130617,7.53385866605932,18.333793974683743,13.1166928595803,10.549357799036091,11.77413840146801,12.257734816700571,8.90592526758114,13.623918516065572,19.993531908689732,17.476418805278435,13.26593096782632,8.974276985760763,9.65167618624507,9.674588415535696,22.374414958249993,7.186306445910504,6.083809391644229,8.252112908049591,25.010623884368442,19.881386345469792,24.314852482141827,24.313619032879917,15.921908387968436,19.116682154669178,15.690675114299077,8.145704594979032,30.57964987709033,20.4990496606387,5.166987618316812,-0.0,8.317910449432121,13.022978658178213,9.751302533276737,5.970472646110323,15.45371372675605,19.867264902638833,36.478588244703445,28.911479176006914,28.59481386533378,22.687682948064204,21.717187316852907,8.696321144224898,27.201768017999033,26.69594259363379,17.81730743811456,22.332258750914054,19.782834201598174,20.070450699951046,16.066611873657806,19.891314204165454,24.268636985900883,14.444683626089592,24.46728985981307,5.908503029253867,16.836180985166934,12.222589132501492,27.446210208548575,24.00177164762029,19.062374426764983,17.535175884307254,13.816816896728978
32,17.149469588670485,13.08527226217371,16.767474173586574,14.61095798814386,18.364597425249798,12.853498772291,17.212646559554564,11.55481473147993,8.022515263980399,12.352901340027975,19.25849094098379,30.100069750341724,26.377182341948195,17.97743505224837,14.275293060424794,11.128636381939655,19.547805661028725,10.680782187597787,8.82787160084669,10.677725129966623,19.000395506630117,14.210584582788911,28.657780736316525,28.536222641187695,21.382773477994743,28.563302303362537,20.812092055981097,13.331477223710142,36.826071879887266,22.403314575133955,6.763169431425181,8.317910449432121,-0.0,9.251341970597842,5.292866120421654,3.033302308664126,8.46574706645685,26.07273450569729,51.27516175425701,25.19000252628423,36.45220756486754,36.2028396250234,29.206510866001537,8.77281755193958,25.193369301966165,25.76451687810495,28.37661766943336,16.897181036820758,19.108946696310657,27.11495799049,15.579883795918061,17.838358301657447,28.98589428061587,17.430553937094704,27.33917274785848,5.654665187478341,17.566846118974052,17.998796756351158,25.74125205147443,29.006260507509793,20.630685015257548,25.17247237621676,19.289924408295807
33,31.473067625535077,17.104832726984334,11.671845780535238,26.048771307996535,12.260642646979838,20.03829803927828,19.631213276285177,18.49700246419028,16.247377337453944,19.30461384589894,22.342656756020197,32.64257743533918,30.905848852530383,28.951618720663948,17.371834522301096,13.832037213291434,20.162247862836743,13.192010367525068,9.45900107734807,11.7897135472652,34.81872865163933,22.290499558759457,29.417726681603433,29.33543040274378,28.099886400999594,30.68103953250328,27.50757520393997,15.355976147859316,25.970035859709988,20.20304347704686,10.731662277288855,13.022978658178213,9.251341970597842,-0.0,8.180013133885176,7.129322328078,13.456885684828519,22.66234304251561,48.66577064532571,25.128584863780425,35.98764396041726,32.60165993479172,17.696107186317132,9.113375810177306,23.948721509587017,28.850510836002627,30.16831247072414,28.24557632945195,26.764446952222105,29.63356502411914,24.35350391035957,26.439661930988528,29.09138904093268,26.814580901735365,27.946497345405685,7.280873717044454,14.91899803381029,14.56296354779171,34.96920936810742,28.820297236975055,27.122398240500132,28.78252643236801,27.322460305206935
