,0,1,2,3,4,5,6,7,8,9,10,11,12,13,14,15,16,17,18,19,20,21,22,23,24,25,26,27,28,29,30,31,32,33,34,35,36,37,38,39,40,41,42,43,44,45,46,47
0,-0.0,1.2694516713755661,1.923116752230164,2.7231905455273306,2.929986183556156,3.786877586017099,3.0985877650322973,2.4280180388704906,2.0663613990425915,2.220630397319871,4.867947805164457,3.426582761176721,4.2527242724863035,16.51759790035748,1.9929675776840414,6.660950832815334,6.876878019488082,8.707448551847657,11.166864443184808,7.631201496261738,3.777614704084221,5.94713692039098,8.659670793256867,7.343990483131911,7.286232335003972,6.6256750756231755,4.169329972692396,4.428094899486206,3.850124371169729,4.344652869661088,5.77315898914991,3.7983886473055795,2.9487244788182423,2.5579023730134374,2.9548398084121397,4.63270313817735,5.715992848706339,5.194880189493049,4.39053246685177,4.954867586752484,4.34932361064593,18.433251332090467,4.7577465251081845,6.453829276417945,6.058294132285431,3.7730862274131676,38.66496162926781,7.197122595024833
1,1.2694516713755661,-0.0,1.3271183020124246,2.3109717189464147,2.0970220138366185,2.8173432612256217,2.5080459768607652,2.233506641494385,2.408621421234747,2.435359469701083,6.081068195870331,4.5491128742716915,5.848838255429983,18.09391072831806,1.974536545080548,9.07906444299011,8.355421747379474,10.915762634190987,10.546676457944582,9.017996808721758,5.04548160876028,7.733243500061955,9.561686501203244,11.058121554423067,9.220546826699646,6.275275423202261,4.469062106023732,6.599019565226957,4.03387077958391,3.783014071406981,4.213541265059509,2.9443056059617967,2.4681863537706556,3.375756500230973,3.0717522847573315,5.122262448561559,7.6964723937082775,6.813590289092429,5.701291720676073,5.559389565060055,5.897854485663293,19.098357604363756,5.427782364260095,7.708499120782857,8.166576967858505,4.829257796691532,37.44011153666308,7.10965644295541
2,1.923116752230164,1.3271183020124246,-0.0,2.1436380469108647,1.9915999913635907,2.688865618086005,2.132857916104454,3.117409725712995,3.6911150815415272,3.607020524232202,7.757843979811022,4.605251202916637,7.126626169680024,19.490743649771435,2.7399642751897364,9.127327001235532,10.083402709880122,8.339398346925881,13.515636902762889,10.949624973601612,6.149977624924105,8.677852617719767,8.704532313139651,11.682180777400259,9.963438718970558,8.367619616397599,5.247712949994739,6.5721108779973845,5.10214339922866,4.828429405836023,4.854824061430333,2.586720448404089,2.1737808401517436,4.070663043722306,3.732179238902669,5.925284901240925,8.669960394117146,7.537469250099486,6.9649621521465495,7.692167570268018,6.580381496979659,18.450522854072215,7.0937917001446795,9.403950474340757,8.132399698713753,5.631166543326512,36.787206959234055,7.973985652185389
3,2.7231905455273306,2.3109717189464147,2.1436380469108647,-0.0,1.142663647960214,1.485536223344461,0.9339275754425695,2.450599131187335,3.7211330483599174,3.519280495847487,8.010939519147861,4.85838455124837,7.263010439567277,11.273424499133236,4.149667077622043,9.769352606424201,9.298437687602668,8.689300124758988,12.42317300936078,10.782815985079157,5.776245892862888,8.665814378599244,9.987447677255165,11.1700335259788,11.93640858048715,8.308136223378845,4.836031063253564,6.844573418280995,5.196119858725961,4.38899475703312,3.453353957208265,2.1485935198863357,1.7213270266954113,4.332019998448769,3.1024875157543104,5.820671490051304,8.955699727928836,7.685525428946697,8.604859078666934,5.74422629827555,6.781167626729833,11.800027209219937,6.592588583959256,8.547075920117148,8.706629644898834,6.0703548753109695,38.144969725565005,7.275762627208385
4,2.929986183556156,2.0970220138366185,1.9915999913635907,1.142663647960214,-0.0,1.0985423208476035,1.0722351423323728,2.3338803853430075,3.597586380781617,3.7159045248679385,8.278282201654443,5.96350369350136,7.7938965983973825,12.364700613994112,4.401574048761674,10.429843689346818,9.631421835389528,9.802470503223656,12.227879062797784,10.720292645219262,6.558663828666638,8.836624835733822,9.857068936436345,13.319989300304998,12.308592515240218,8.010193257713349,5.360777785414077,7.499723315394703,4.763024925258997,3.7472928719279976,3.334547902097966,1.3261238266125526,1.4372917781534886,4.883095723758042,2.77937453388123,5.5701945876824475,9.461947984851632,7.3913646718980255,8.608085288478735,6.646121554112942,6.421189927998363,18.67937506676449,7.4551234963980395,9.575113526835644,8.55195169341569,6.237281250566363,37.87061275318797,8.213060860907172
5,3.786877586017099,2.8173432612256217,2.688865618086005,1.485536223344461,1.0985423208476035,-0.0,1.246148814111006,3.5264063954758473,3.089003807129885,4.0744496248741875,8.016961511389912,6.845958122894416,8.184069684142635,11.529146104982761,4.806373253891247,11.550859769536727,9.66650923553683,10.950175672558464,11.836489199579013,11.701952126336076,7.167587521100279,10.163459087769644,10.755940059542016,13.28994396037811,12.79037757113208,7.591042454096864,6.121543681698506,7.564589099073463,4.8680793671352856,4.316756541021307,3.146390472974445,1.4190182901433572,1.9989620372679273,4.7178063065153735,4.530246945788707,6.606955953686308,9.78195108224259,8.023205325462476,8.978607827714027,6.143812105876007,7.205760536353104,19.687038300171945,8.22084963723608,9.703920864843555,9.307597176885118,6.556200686566725,34.67639893991403,8.026697143622416
6,3.0985877650322973,2.5080459768607652,2.132857916104454,0.9339275754425695,1.0722351423323728,1.246148814111006,-0.0,2.5571034406556543,3.6886874773703426,3.8097005658876557,8.505906496609754,6.213411794390001,7.951472535910645,10.82984352054384,4.044681913855608,10.779175379377712,10.193413743319404,11.325913098002804,11.530142221619286,11.773007457243969,6.308614942959478,9.270020334461714,9.583431812066134,12.70056107773012,11.315782020209582,7.937082298219404,5.542064413406113,7.61334621138896,4.932130376167118,4.382993847808443,4.0194984524255135,1.4735045425069588,1.973566510858921,4.902596466848688,3.012706358011571,6.106491579198215,9.149987556598802,7.584683667429142,8.852805749903203,6.750932644936978,6.726334077924856,24.917692723676357,6.778872543922956,9.557427171579588,9.076819127077583,6.444178553230356,37.783673023529886,6.11872793190197
7,2.4280180388704906,2.233506641494385,3.117409725712995,2.450599131187335,2.3338803853430075,3.5264063954758473,2.5571034406556543,-0.0,1.533975334998659,3.6072176548352015,6.549282552881616,3.939664413124234,4.379202019351408,12.272721628934407,3.5887575214388607,8.767380927675493,7.437737612393224,6.743582345865523,10.598380364537633,9.716978538299376,4.6828255971756985,6.748457284199026,8.676893921234214,11.960775643211107,10.630937941049812,6.549324406872002,4.251234883524285,5.985276151861907,4.2835980807256355,4.982309468664689,5.394914327442027,3.8157285971444863,3.63625273908877,3.16762943203928,2.4633636072905545,5.789616236476329,6.615326675367206,6.073817752838574,7.1239031631963945,6.245033608396802,5.608859044133275,19.140223240505126,4.616598676974269,7.232209994922342,6.835801814658962,4.9556193757968305,40.69450307103526,8.524192066525472
8,2.0663613990425915,2.408621421234747,3.6911150815415272,3.7211330483599174,3.597586380781617,3.089003807129885,3.6886874773703426,1.533975334998659,-0.0,3.029976023336887,5.331287944167418,3.3124735629621282,4.510115923643983,12.51453797750028,3.551586164231905,8.133724973519389,7.944111041126822,8.167648787714768,11.598223886710121,8.255874583452211,4.922131278445369,6.244944983252053,9.52430339519948,11.202936600234063,10.089823246609178,5.6761922506350455,4.754633014583565,5.696350759490716,3.6043648091318268,5.79928442527151,6.792237464948388,3.918884828412648,3.857067951899308,2.630066397737125,3.6345591252059286,4.535151659155888,6.595458961707375,5.238900726240352,5.989848061147589,6.204708977077083,4.767211150124282,24.153590917361885,5.035748121237285,7.612871454966432,6.395263300083006,4.4356448383537135,38.52363950710416,8.678900458536356
9,2.220630397319871,2.435359469701083,3.607020524232202,3.519280495847487,3.7159045248679385,4.0744496248741875,3.8097005658876557,3.6072176548352015,3.029976023336887,-0.0,4.876438903204768,3.2313806411850723,2.80144694736348,13.935842020989572,2.450413909178073,5.4507560191593445,6.86012134618379,7.602746875382048,9.148520282903979,9.013847496954996,4.231369176553558,5.692439532931884,7.249551021463903,8.676615043250733,9.049005302411883,4.188020199422163,3.3416762908296684,4.174904702936363,2.0420428358158977,3.8852273440772773,4.463663612773065,4.864447067879518,4.133426021665326,3.079944479267352,3.4443669481224397,3.180447352888248,4.153640155157469,5.595703792662064,4.2619526226754765,4.684146512429616,3.4102198226276594,24.333181667315607,2.916101178493356,5.2559925129294065,4.216608174490209,2.492395330363778,39.43225718333518,5.84261240292497
10,4.867947805164457,6.081068195870331,7.757843979811022,8.010939519147861,8.278282201654443,8.016961511389912,8.505906496609754,6.549282552881616,5.331287944167418,4.876438903204768,-0.0,2.479284801200795,2.6401570702316604,16.907634855615623,5.085551116586068,3.5094326024725957,2.375574342248953,4.121934555949153,4.890678326509778,3.559563893607034,2.3294382272961545,4.3617330026139856,4.91841266304962,4.286815759362456,3.651213411037754,2.6114089388934523,5.250932608458184,2.822478267046445,3.916703234770203,9.224311500610161,9.489676295546635,9.027018241143734,8.205325739393153,5.650933112281004,7.719551179386459,7.063264046229529,2.288116402706913,1.5340489177067815,2.066381092688822,3.716355617019015,3.0466818377953158,22.92128252114737,3.9316308977818917,2.178922778848345,4.858985984503758,3.0849327811119456,44.389007531227946,8.920072731809936
11,3.426582761176721,4.5491128742716915,4.605251202916637,4.85838455124837,5.96350369350136,6.845958122894416,6.213411794390001,3.939664413124234,3.3124735629621282,3.2313806411850723,2.479284801200795,-0.0,2.636167020216436,14.123571964050514,2.8473855036013993,4.215260550611959,4.145652683036081,4.808394109873185,6.332554032489807,5.358851302047448,2.239794902337923,3.2156430037150203,5.078445527479788,6.010850970327447,5.568047706369533,2.2611794181389673,3.1178176227354175,3.156187876340986,2.959072880484346,6.531007765154032,7.6026734635508975,7.184815935936023,5.778588485839705,4.122127131522526,5.486298058012705,5.686169937424819,3.4378716014628132,3.2385209191263367,2.814252422343435,2.9229401812500004,2.97712139895874,26.013902401374065,2.813776193020661,3.074828583304765,4.800692197382622,2.691541855407216,42.824660191545966,7.97221938656779
12,4.2527242724863035,5.848838255429983,7.126626169680024,7.263010439567277,7.7938965983973825,8.184069684142635,7.951472535910645,4.379202019351408,4.510115923643983,2.80144694736348,2.6401570702316604,2.636167020216436,-0.0,16.373936322198073,4.51802582326285,3.486907610802933,4.03687684208729,5.018947871213804,8.3975985467605,7.329886002210459,2.5682999659564154,4.447226153591902,5.850377787570797,6.090205245173247,5.655420730907514,3.9360898245993945,4.271527130610599,3.0069299335924673,3.835883529144228,7.499614287805686,7.9682958492805245,9.07940282165469,7.99556475911862,4.218334697127049,7.000615096277213,6.53621075287263,2.1704935090976116,3.1443997427316197,2.320945813753434,4.517223183895614,2.4628261594100613,26.974849227730065,2.598788551107834,3.911256636950221,3.8781889523322577,3.155289459424705,41.837688520674014,8.333763974261212
13,16.51759790035748,18.09391072831806,19.490743649771435,11.273424499133236,12.364700613994112,11.529146104982761,10.82984352054384,12.272721628934407,12.51453797750028,13.935842020989572,16.907634855615623,14.123571964050514,16.373936322198073,-0.0,20.78825014885667,19.589284767566664,16.823354941405007,18.088472335380573,20.908133002014853,20.34899376179224,15.735810760480478,17.25630300624068,23.19077704545829,20.891691454496442,26.958474753837518,16.543188822008283,14.22820033898619,16.83022735290049,15.298151295821837,13.998247849902564,13.180871922792047,13.638734351233174,12.696448207597477,13.48310525826679,13.5866489632696,15.038323519670255,19.324509376103876,18.03938179843758,23.98019016736212,15.045930225823481,16.086524012237422,23.817943252421554,14.035691650858018,17.040375028434003,17.564099758764918,15.709674349557414,31.35197886521501,8.063618512914424
14,1.9929675776840414,1.974536545080548,2.7399642751897364,4.149667077622043,4.401574048761674,4.806373253891247,4.044681913855608,3.5887575214388607,3.551586164231905,2.450413909178073,5.085551116586068,2.8473855036013993,4.51802582326285,20.78825014885667,-0.0,6.760303187258287,6.352716318666164,7.232003622018765,9.625939990542278,7.25514935720675,3.546004319232014,5.459914161921147,7.853748943696231,8.185171673421019,7.220078032483594,5.123142570583408,2.487062734707322,4.088398607072466,2.591850076528166,3.951235048857534,4.574378880102656,4.933814194772043,4.670261283774623,4.276164111097648,4.116078723071132,3.9417988970958393,5.568499708485518,5.421086361725782,4.59642198157712,3.8655067907580305,4.275401261528939,18.10036289173574,4.0417043209070265,5.723674260417412,5.50547544974971,2.8765632475491114,38.02094161811241,5.669805285414435
15,6.660950832815334,9.07906444299011,9.127327001235532,9.769352606424201,10.429843689346818,11.550859769536727,10.779175379377712,8.767380927675493,8.133724973519389,5.4507560191593445,3.5094326024725957,4.215260550611959,3.486907610802933,19.589284767566664,6.760303187258287,-0.0,3.6418288875472853,2.4014345256603504,4.470348286263672,4.436622990481256,4.1698205998643285,2.646962128860313,4.738321783287461,2.5735549321924505,3.531762679921958,2.5505477361350737,5.088621823697603,2.0888516908688,4.162944359791777,6.195321845054977,9.619293405207419,11.524390244579154,9.380659215886347,6.981491627541538,8.428669762107667,5.804930382252246,2.1286910568175266,3.4531563333435638,2.8548911111914776,2.9225589009558104,2.5999911402878695,24.640367719439876,5.322875910529601,2.093009081490425,3.27568198790917,3.200507378790951,31.69725455688576,7.519783466565835
16,6.876878019488082,8.355421747379474,10.083402709880122,9.298437687602668,9.631421835389528,9.66650923553683,10.193413743319404,7.437737612393224,7.944111041126822,6.86012134618379,2.375574342248953,4.145652683036081,4.03687684208729,16.823354941405007,6.352716318666164,3.6418288875472853,-0.0,2.5113585821882096,3.693983141303379,3.9243282311654006,4.2842591495781255,2.9499944017625888,2.8998234139479915,3.757059384870324,3.4587257565026746,3.563436527822425,4.882663556502217,3.868980987632149,4.3310501104290555,7.894581236766048,9.861934174881272,11.456617249493295,10.490701139641091,8.94921273060608,9.478545144752704,6.874305531979571,2.5151263291312236,3.5401183622062447,3.805676100395363,3.0741187249523256,4.247567119576625,28.191973403618622,5.201962587040498,3.446282889751374,3.625221999716974,4.014197787778141,53.42576693131241,8.059796946101068
17,8.707448551847657,10.915762634190987,8.339398346925881,8.689300124758988,9.802470503223656,10.950175672558464,11.325913098002804,6.743582345865523,8.167648787714768,7.602746875382048,4.121934555949153,4.808394109873185,5.018947871213804,18.088472335380573,7.232003622018765,2.4014345256603504,2.5113585821882096,-0.0,4.34823979541136,4.353696462605742,4.5663563356317,4.376094154948193,4.271943684883018,3.3824109619511713,3.335695698412501,3.516582147175057,4.135632872936592,3.2714749552224136,5.4537363241909675,9.221865375652019,8.927448097678568,12.009335352523228,12.035802057114681,9.479988966236935,9.057277793094771,7.4793163058910075,3.4537456414064485,4.07504204053214,3.7740974055022454,3.5058181486544933,4.611024644180518,27.237492710931246,6.46848568136501,2.958935735955082,4.214001734509565,5.065675353050953,41.85497333093341,8.92354140801886
18,11.166864443184808,10.546676457944582,13.515636902762889,12.42317300936078,12.227879062797784,11.836489199579013,11.530142221619286,10.598380364537633,11.598223886710121,9.148520282903979,4.890678326509778,6.332554032489807,8.3975985467605,20.908133002014853,9.625939990542278,4.470348286263672,3.693983141303379,4.34823979541136,-0.0,2.5321510570429635,5.522911074833955,6.919950379954456,6.28535700442421,3.6871004055660332,2.500191629010943,4.286088108608437,6.669463018931458,5.314629493434886,7.368267018706955,12.750733750424844,11.609572791878888,12.82502612163333,13.340350497829089,9.22727046679106,12.342100602178123,9.419205421965021,5.9668893456832945,6.20317964870997,6.224299326902709,6.178642805029247,7.562416904677021,22.928723288336684,6.869760810163779,4.195013718975225,7.072508512025541,6.952372464628125,35.755019273672204,11.07888842231671
19,7.631201496261738,9.017996808721758,10.949624973601612,10.782815985079157,10.720292645219262,11.701952126336076,11.773007457243969,9.716978538299376,8.255874583452211,9.013847496954996,3.559563893607034,5.358851302047448,7.329886002210459,20.34899376179224,7.25514935720675,4.436622990481256,3.9243282311654006,4.353696462605742,2.5321510570429635,-0.0,5.824648927547785,5.461253454436286,5.996146881295231,3.4813726775423794,1.4209937588647605,4.425443110486385,8.119085089523153,4.916956744989488,6.303217709284054,11.028080650253704,11.42380598864017,11.556775004109223,10.190779678064128,9.183440794884612,9.439900351827369,9.54077018386722,5.431898117094264,4.1803908495464555,4.944966218816943,5.774743663258263,5.296116358845715,25.937778908081054,8.39278561875172,4.284096437052574,5.834959999867244,5.838601320898261,46.36694357628102,11.713149785176993
20,3.777614704084221,5.04548160876028,6.149977624924105,5.776245892862888,6.558663828666638,7.167587521100279,6.308614942959478,4.6828255971756985,4.922131278445369,4.231369176553558,2.3294382272961545,2.239794902337923,2.5682999659564154,15.735810760480478,3.546004319232014,4.1698205998643285,4.2842591495781255,4.5663563356317,5.522911074833955,5.824648927547785,-0.0,3.7067565271150777,5.101230721504196,5.389110611123933,5.859821214570287,3.8948033698772786,2.785304442318374,2.2727939866331166,2.9520208113010424,6.604593431085564,6.679184184758131,7.578868972442167,6.506323376306154,4.545431776372595,5.599689575359615,5.026381290001731,3.503009671430468,3.02660562989597,2.4393422125181354,3.292151319020695,2.920557167061526,13.660470461144035,3.76095270471586,2.290045506166628,4.366889598924118,2.069489928232604,31.955778123891378,7.148374341727002
21,5.94713692039098,7.733243500061955,8.677852617719767,8.665814378599244,8.836624835733822,10.163459087769644,9.270020334461714,6.748457284199026,6.244944983252053,5.692439532931884,4.3617330026139856,3.2156430037150203,4.447226153591902,17.25630300624068,5.459914161921147,2.646962128860313,2.9499944017625888,4.376094154948193,6.919950379954456,5.461253454436286,3.7067565271150777,-0.0,3.7981469518150752,4.424114705829417,4.526518395937055,2.939055366122566,4.227278077974262,2.061381506859456,3.4556846311272817,5.793969909491434,7.887477884476553,10.414253833490372,8.899736431985945,7.917752072174552,6.901894073828838,5.576614928239528,2.878706986261047,3.5743857015169125,2.8877106843062217,3.0692331775682025,2.873132416363024,29.66884782742654,5.276532668822609,2.0058304614368994,2.630781909005731,3.036787935466235,39.821140406782696,6.681388956499639
22,8.659670793256867,9.561686501203244,8.704532313139651,9.987447677255165,9.857068936436345,10.755940059542016,9.583431812066134,8.676893921234214,9.52430339519948,7.249551021463903,4.91841266304962,5.078445527479788,5.850377787570797,23.19077704545829,7.853748943696231,4.738321783287461,2.8998234139479915,4.271943684883018,6.28535700442421,5.996146881295231,5.101230721504196,3.7981469518150752,-0.0,4.377574336090752,4.753835383374619,4.722824434815262,4.406893343747367,4.361863035429933,4.019869765644618,7.235492047786979,9.687644325437441,11.381968480120516,11.566781014219545,10.360174198996132,9.224127109339376,5.168662646592661,4.963562230807846,4.6932929843974,4.157081389748376,2.989381211078143,4.810264353905463,30.953130332437702,6.886863755334449,3.6850806687328395,3.704003960012818,4.632880804872527,52.42898325140071,5.718556006872495
23,7.343990483131911,11.058121554423067,11.682180777400259,11.1700335259788,13.319989300304998,13.28994396037811,12.70056107773012,11.960775643211107,11.202936600234063,8.676615043250733,4.286815759362456,6.010850970327447,6.090205245173247,20.891691454496442,8.185171673421019,2.5735549321924505,3.757059384870324,3.3824109619511713,3.6871004055660332,3.4813726775423794,5.389110611123933,4.424114705829417,4.377574336090752,-0.0,2.4322593902085257,4.940233748615383,7.515390602233425,3.8402753205283737,6.554724216973866,9.635458062244584,10.653196965848945,13.18846953444262,10.721029389656227,8.84391763376869,11.668457716726603,7.488750291518229,3.3498975023023325,5.27435891241627,4.845324807593395,4.639500030852323,5.4582871998643405,24.877431141689172,6.7462162504942,3.58511144148635,5.918092241652251,5.748038139926124,38.52040255571543,8.241583018433367
24,7.286232335003972,9.220546826699646,9.963438718970558,11.93640858048715,12.308592515240218,12.79037757113208,11.315782020209582,10.630937941049812,10.089823246609178,9.049005302411883,3.651213411037754,5.568047706369533,5.655420730907514,26.958474753837518,7.220078032483594,3.531762679921958,3.4587257565026746,3.335695698412501,2.500191629010943,1.4209937588647605,5.859821214570287,4.526518395937055,4.753835383374619,2.4322593902085257,-0.0,4.221218550126089,7.530639186026938,4.585766631589755,6.163168861883069,9.907550769204725,11.437180703209016,11.421790120889105,10.934579891460077,10.403840885083852,10.468501594751082,8.786909912657809,3.5311548908709414,4.116927327926801,3.7415979340781975,5.359384894611099,5.12914838235596,32.02555128865455,7.634134582743765,3.755613369016201,4.998396633609557,6.323837800528201,48.913501577318584,10.42675329759252
25,6.6256750756231755,6.275275423202261,8.367619616397599,8.308136223378845,8.010193257713349,7.591042454096864,7.937082298219404,6.549324406872002,5.6761922506350455,4.188020199422163,2.6114089388934523,2.2611794181389673,3.9360898245993945,16.543188822008283,5.123142570583408,2.5505477361350737,3.563436527822425,3.516582147175057,4.286088108608437,4.425443110486385,3.8948033698772786,2.939055366122566,4.722824434815262,4.940233748615383,4.221218550126089,-0.0,4.038033645140415,2.225079633853013,3.271992415857062,8.198272592731755,8.660560515606042,9.415334321021138,8.836419388116306,7.198608930353121,8.123702337822195,5.638986554530729,2.469158521253345,3.013890125034936,1.9921026564786368,2.435609513216961,2.503495065407552,33.71919743049285,4.513845873068086,2.2729145733614935,4.131898058954005,3.3982560102461794,38.316189548734584,7.678060222243161
26,4.169329972692396,4.469062106023732,5.247712949994739,4.836031063253564,5.360777785414077,6.121543681698506,5.542064413406113,4.251234883524285,4.754633014583565,3.3416762908296684,5.250932608458184,3.1178176227354175,4.271527130610599,14.22820033898619,2.487062734707322,5.088621823697603,4.882663556502217,4.135632872936592,6.669463018931458,8.119085089523153,2.785304442318374,4.227278077974262,4.406893343747367,7.515390602233425,7.530639186026938,4.038033645140415,-0.0,3.2777181869562155,1.5852339454018527,4.041520285969785,4.982261523156851,6.5013247867084525,6.552530330915057,5.385252437129674,4.637894828258611,3.347863240974728,3.7374673266147838,5.7457039050613306,4.118799122670833,2.3544992864220005,3.9511826302999022,13.669231375011362,3.098873722254901,4.052125765689047,3.503511061737525,2.491916001660877,34.24083576808544,4.455521163372204
27,4.428094899486206,6.599019565226957,6.5721108779973845,6.844573418280995,7.499723315394703,7.564589099073463,7.61334621138896,5.985276151861907,5.696350759490716,4.174904702936363,2.822478267046445,3.156187876340986,3.0069299335924673,16.83022735290049,4.088398607072466,2.0888516908688,3.868980987632149,3.2714749552224136,5.314629493434886,4.916956744989488,2.2727939866331166,2.061381506859456,4.361863035429933,3.8402753205283737,4.585766631589755,2.225079633853013,3.2777181869562155,-0.0,1.7741416338785667,6.233302360985813,7.070701835894805,7.94318162038756,6.879304661103907,5.469455969552457,6.363961961480479,3.241618659237367,2.059694608198905,2.5213710532144114,2.0229330156049805,1.927851483337824,1.465865100077842,18.50106036314539,4.358808999561438,1.7782219947224203,2.3094686689671255,1.5367970755315614,30.885919710135994,4.9906906160155415
28,3.850124371169729,4.03387077958391,5.10214339922866,5.196119858725961,4.763024925258997,4.8680793671352856,4.932130376167118,4.2835980807256355,3.6043648091318268,2.0420428358158977,3.916703234770203,2.959072880484346,3.835883529144228,15.298151295821837,2.591850076528166,4.162944359791777,4.3310501104290555,5.4537363241909675,7.368267018706955,6.303217709284054,2.9520208113010424,3.4556846311272817,4.019869765644618,6.554724216973866,6.163168861883069,3.271992415857062,1.5852339454018527,1.7741416338785667,-0.0,3.579596836871,4.392034304735095,5.9576603941033,5.584110411126461,5.692379705220177,4.259339644988812,1.5622626097531909,3.43211248535956,3.315483328113397,2.9754312767167557,1.9384039523990975,1.9389309498349239,29.0304557129152,3.551385245851466,3.6141374582163697,2.4126681504269003,1.272658025584543,41.462872067867984,3.4120699277759265
29,4.344652869661088,3.783014071406981,4.828429405836023,4.38899475703312,3.7472928719279976,4.316756541021307,4.382993847808443,4.982309468664689,5.79928442527151,3.8852273440772773,9.224311500610161,6.531007765154032,7.499614287805686,13.998247849902564,3.951235048857534,6.195321845054977,7.894581236766048,9.221865375652019,12.750733750424844,11.028080650253704,6.604593431085564,5.793969909491434,7.235492047786979,9.635458062244584,9.907550769204725,8.198272592731755,4.041520285969785,6.233302360985813,3.579596836871,-0.0,3.205706026825899,5.7758391997233165,4.681792187189574,8.379768872431994,3.9356671945715456,3.1083952215468944,7.364480447722012,7.825532820217909,7.148236483810689,4.981180664574014,4.250397899982821,30.249623728246174,6.955557728522955,7.761411751891793,4.380634621472266,4.748478816796839,45.745819254987595,4.280505447223865
30,5.77315898914991,4.213541265059509,4.854824061430333,3.453353957208265,3.334547902097966,3.146390472974445,4.0194984524255135,5.394914327442027,6.792237464948388,4.463663612773065,9.489676295546635,7.6026734635508975,7.9682958492805245,13.180871922792047,4.574378880102656,9.619293405207419,9.861934174881272,8.927448097678568,11.609572791878888,11.42380598864017,6.679184184758131,7.887477884476553,9.687644325437441,10.653196965848945,11.437180703209016,8.660560515606042,4.982261523156851,7.070701835894805,4.392034304735095,3.205706026825899,-0.0,4.147224157885889,4.652886722512279,8.177017145291744,5.849286032094702,5.22917685618652,8.856076334049682,9.044003012555065,9.579063710378678,5.697726812689948,6.350773822392926,13.48585710552884,8.518944428720221,8.223780354558787,6.84193556526864,5.780500589611548,35.673172244229136,4.9927944289848085
31,3.7983886473055795,2.9443056059617967,2.586720448404089,2.1485935198863357,1.3261238266125526,1.4190182901433572,1.4735045425069588,3.8157285971444863,3.918884828412648,4.864447067879518,9.027018241143734,7.184815935936023,9.07940282165469,13.638734351233174,4.933814194772043,11.524390244579154,11.456617249493295,12.009335352523228,12.82502612163333,11.556775004109223,7.578868972442167,10.414253833490372,11.381968480120516,13.18846953444262,11.421790120889105,9.415334321021138,6.5013247867084525,7.94318162038756,5.9576603941033,5.7758391997233165,4.147224157885889,-0.0,1.0111934804743647,5.230986043028066,3.834865565027467,7.16761172585995,9.939887370277471,8.350533420732718,9.454404343152023,8.30627446085526,8.028943017634008,20.081080545753856,8.350684843949848,10.19018773802526,9.552142021277946,7.098393162010108,36.67525263759705,7.401294606374805
32,2.9487244788182423,2.4681863537706556,2.1737808401517436,1.7213270266954113,1.4372917781534886,1.9989620372679273,1.973566510858921,3.63625273908877,3.857067951899308,4.133426021665326,8.205325739393153,5.778588485839705,7.99556475911862,12.696448207597477,4.670261283774623,9.380659215886347,10.490701139641091,12.035802057114681,13.340350497829089,10.190779678064128,6.506323376306154,8.899736431985945,11.566781014219545,10.721029389656227,10.934579891460077,8.836419388116306,6.552530330915057,6.879304661103907,5.584110411126461,4.681792187189574,4.652886722512279,1.0111934804743647,-0.0,4.7841305637836715,3.5410243035737983,6.50615656575117,9.30044074316488,7.488495414584826,8.859615456985404,6.905137951085356,6.576530566117936,17.4111865594296,8.035783749742397,9.019174018569949,8.22934148027743,6.44829688436958,36.479223714763286,7.876675249677293
33,2.5579023730134374,3.375756500230973,4.070663043722306,4.332019998448769,4.883095723758042,4.7178063065153735,4.902596466848688,3.16762943203928,2.630066397737125,3.079944479267352,5.650933112281004,4.122127131522526,4.218334697127049,13.48310525826679,4.276164111097648,6.981491627541538,8.94921273060608,9.479988966236935,9.22727046679106,9.183440794884612,4.545431776372595,7.917752072174552,10.360174198996132,8.84391763376869,10.403840885083852,7.198608930353121,5.385252437129674,5.469455969552457,5.692379705220177,8.379768872431994,8.177017145291744,5.230986043028066,4.7841305637836715,-0.0,5.2059572793817575,6.568918007224474,6.089873732281494,5.157513740989398,6.5471192223545165,6.91363180686151,5.441578373105622,12.220837145585815,4.7382260598202945,5.215736985432083,7.730785458517997,4.5551629929420026,38.06488932375222,8.677422303652573
34,2.9548398084121397,3.0717522847573315,3.732179238902669,3.1024875157543104,2.77937453388123,4.530246945788707,3.012706358011571,2.4633636072905545,3.6345591252059286,3.4443669481224397,7.719551179386459,5.486298058012705,7.000615096277213,13.5866489632696,4.116078723071132,8.428669762107667,9.478545144752704,9.057277793094771,12.342100602178123,9.439900351827369,5.599689575359615,6.901894073828838,9.224127109339376,11.668457716726603,10.468501594751082,8.123702337822195,4.637894828258611,6.363961961480479,4.259339644988812,3.9356671945715456,5.849286032094702,3.834865565027467,3.5410243035737983,5.2059572793817575,-0.0,4.2097777772076395,7.7611662746645305,7.250888609709353,6.692857910899202,6.831684251293616,5.841833168583197,21.168040583524917,6.742958097795319,9.099444870583518,6.847794350220591,5.679022701993627,20.8263792270527,8.277288183388684
35,4.63270313817735,5.122262448561559,5.925284901240925,5.820671490051304,5.5701945876824475,6.606955953686308,6.106491579198215,5.789616236476329,4.535151659155888,3.180447352888248,7.063264046229529,5.686169937424819,6.53621075287263,15.038323519670255,3.9417988970958393,5.804930382252246,6.874305531979571,7.4793163058910075,9.419205421965021,9.54077018386722,5.026381290001731,5.576614928239528,5.168662646592661,7.488750291518229,8.786909912657809,5.638986554530729,3.347863240974728,3.241618659237367,1.5622626097531909,3.1083952215468944,5.22917685618652,7.16761172585995,6.50615656575117,6.568918007224474,4.2097777772076395,-0.0,5.578247982747782,6.296999233017119,4.416270298599272,3.2064245428001144,3.8911210799009455,25.006420955004682,5.684704296231915,5.843196922128596,3.401409046187495,2.9562824385946715,19.918096667570545,2.7066197295606256
36,5.715992848706339,7.6964723937082775,8.669960394117146,8.955699727928836,9.461947984851632,9.78195108224259,9.149987556598802,6.615326675367206,6.595458961707375,4.153640155157469,2.288116402706913,3.4378716014628132,2.1704935090976116,19.324509376103876,5.568499708485518,2.1286910568175266,2.5151263291312236,3.4537456414064485,5.9668893456832945,5.431898117094264,3.503009671430468,2.878706986261047,4.963562230807846,3.3498975023023325,3.5311548908709414,2.469158521253345,3.7374673266147838,2.059694608198905,3.43211248535956,7.364480447722012,8.856076334049682,9.939887370277471,9.30044074316488,6.089873732281494,7.7611662746645305,5.578247982747782,-0.0,2.9322570683165132,1.9270760302274785,3.3336118560787416,2.8771919374505166,26.90612480300784,3.0106183553153048,1.7067304475972467,3.351537232938478,3.506432735722519,46.37101921108431,6.378039842906241
37,5.194880189493049,6.813590289092429,7.537469250099486,7.685525428946697,7.3913646718980255,8.023205325462476,7.584683667429142,6.073817752838574,5.238900726240352,5.595703792662064,1.5340489177067815,3.2385209191263367,3.1443997427316197,18.03938179843758,5.421086361725782,3.4531563333435638,3.5401183622062447,4.07504204053214,6.20317964870997,4.1803908495464555,3.02660562989597,3.5743857015169125,4.6932929843974,5.27435891241627,4.116927327926801,3.013890125034936,5.7457039050613306,2.5213710532144114,3.315483328113397,7.825532820217909,9.044003012555065,8.350533420732718,7.488495414584826,5.157513740989398,7.250888609709353,6.296999233017119,2.9322570683165132,-0.0,2.084916237279286,4.4197782253644045,2.1123623945710612,22.890669807185656,4.721642253569144,2.705920875239664,3.9428723642552486,2.549481426713699,44.291019887087025,8.545705204526277
38,4.39053246685177,5.701291720676073,6.9649621521465495,8.604859078666934,8.608085288478735,8.978607827714027,8.852805749903203,7.1239031631963945,5.989848061147589,4.2619526226754765,2.066381092688822,2.814252422343435,2.320945813753434,23.98019016736212,4.59642198157712,2.8548911111914776,3.805676100395363,3.7740974055022454,6.224299326902709,4.944966218816943,2.4393422125181354,2.8877106843062217,4.157081389748376,4.845324807593395,3.7415979340781975,1.9921026564786368,4.118799122670833,2.0229330156049805,2.9754312767167557,7.148236483810689,9.579063710378678,9.454404343152023,8.859615456985404,6.5471192223545165,6.692857910899202,4.416270298599272,1.9270760302274785,2.084916237279286,-0.0,3.0502634992888917,2.354286363180175,27.83624028454784,3.5326824508183745,2.3960399934976495,3.9034498214994033,2.2947447701490273,32.63202746343546,6.6048734228767945
39,4.954867586752484,5.559389565060055,7.692167570268018,5.74422629827555,6.646121554112942,6.143812105876007,6.750932644936978,6.245033608396802,6.204708977077083,4.684146512429616,3.716355617019015,2.9229401812500004,4.517223183895614,15.045930225823481,3.8655067907580305,2.9225589009558104,3.0741187249523256,3.5058181486544933,6.178642805029247,5.774743663258263,3.292151319020695,3.0692331775682025,2.989381211078143,4.639500030852323,5.359384894611099,2.435609513216961,2.3544992864220005,1.927851483337824,1.9384039523990975,4.981180664574014,5.697726812689948,8.30627446085526,6.905137951085356,6.91363180686151,6.831684251293616,3.2064245428001144,3.3336118560787416,4.4197782253644045,3.0502634992888917,-0.0,2.687041164274105,25.780682146152806,3.428924163622445,3.2388586836770803,2.21867532207038,2.306006176065734,39.01073761954444,4.432282897917324
40,4.34932361064593,5.897854485663293,6.580381496979659,6.781167626729833,6.421189927998363,7.205760536353104,6.726334077924856,5.608859044133275,4.767211150124282,3.4102198226276594,3.0466818377953158,2.97712139895874,2.4628261594100613,16.086524012237422,4.275401261528939,2.5999911402878695,4.247567119576625,4.611024644180518,7.562416904677021,5.296116358845715,2.920557167061526,2.873132416363024,4.810264353905463,5.4582871998643405,5.12914838235596,2.503495065407552,3.9511826302999022,1.465865100077842,1.9389309498349239,4.250397899982821,6.350773822392926,8.028943017634008,6.576530566117936,5.441578373105622,5.841833168583197,3.8911210799009455,2.8771919374505166,2.1123623945710612,2.354286363180175,2.687041164274105,-0.0,28.27782010697378,3.7962552380333103,3.1161043799585326,2.727888716525234,1.35097281692761,39.49027964616279,5.830778167612641
41,18.433251332090467,19.098357604363756,18.450522854072215,11.800027209219937,18.67937506676449,19.687038300171945,24.917692723676357,19.140223240505126,24.153590917361885,24.333181667315607,22.92128252114737,26.013902401374065,26.974849227730065,23.817943252421554,18.10036289173574,24.640367719439876,28.191973403618622,27.237492710931246,22.928723288336684,25.937778908081054,13.660470461144035,29.66884782742654,30.953130332437702,24.877431141689172,32.02555128865455,33.71919743049285,13.669231375011362,18.50106036314539,29.0304557129152,30.249623728246174,13.48585710552884,20.081080545753856,17.4111865594296,12.220837145585815,21.168040583524917,25.006420955004682,26.90612480300784,22.890669807185656,27.83624028454784,25.780682146152806,28.27782010697378,-0.0,20.786858685060096,16.008025443304142,30.203642096163712,14.815199698925712,41.51632673061815,20.84986652156401
42,4.7577465251081845,5.427782364260095,7.0937917001446795,6.592588583959256,7.4551234963980395,8.22084963723608,6.778872543922956,4.616598676974269,5.035748121237285,2.916101178493356,3.9316308977818917,2.813776193020661,2.598788551107834,14.035691650858018,4.0417043209070265,5.322875910529601,5.201962587040498,6.46848568136501,6.869760810163779,8.39278561875172,3.76095270471586,5.276532668822609,6.886863755334449,6.7462162504942,7.634134582743765,4.513845873068086,3.098873722254901,4.358808999561438,3.551385245851466,6.955557728522955,8.518944428720221,8.350684843949848,8.035783749742397,4.7382260598202945,6.742958097795319,5.684704296231915,3.0106183553153048,4.721642253569144,3.5326824508183745,3.428924163622445,3.7962552380333103,20.786858685060096,-0.0,3.736311412458491,4.837008566462582,2.794727459739022,37.29323019646665,6.782273358904726
43,6.453829276417945,7.708499120782857,9.403950474340757,8.547075920117148,9.575113526835644,9.703920864843555,9.557427171579588,7.232209994922342,7.612871454966432,5.2559925129294065,2.178922778848345,3.074828583304765,3.911256636950221,17.040375028434003,5.723674260417412,2.093009081490425,3.446282889751374,2.958935735955082,4.195013718975225,4.284096437052574,2.290045506166628,2.0058304614368994,3.6850806687328395,3.58511144148635,3.755613369016201,2.2729145733614935,4.052125765689047,1.7782219947224203,3.6141374582163697,7.761411751891793,8.223780354558787,10.19018773802526,9.019174018569949,5.215736985432083,9.099444870583518,5.843196922128596,1.7067304475972467,2.705920875239664,2.3960399934976495,3.2388586836770803,3.1161043799585326,16.008025443304142,3.736311412458491,-0.0,3.1890776073872886,2.646462915517914,26.09664453346784,5.530873529830822
44,6.058294132285431,8.166576967858505,8.132399698713753,8.706629644898834,8.55195169341569,9.307597176885118,9.076819127077583,6.835801814658962,6.395263300083006,4.216608174490209,4.858985984503758,4.800692197382622,3.8781889523322577,17.564099758764918,5.50547544974971,3.27568198790917,3.625221999716974,4.214001734509565,7.072508512025541,5.834959999867244,4.366889598924118,2.630781909005731,3.704003960012818,5.918092241652251,4.998396633609557,4.131898058954005,3.503511061737525,2.3094686689671255,2.4126681504269003,4.380634621472266,6.84193556526864,9.552142021277946,8.22934148027743,7.730785458517997,6.847794350220591,3.401409046187495,3.351537232938478,3.9428723642552486,3.9034498214994033,2.21867532207038,2.727888716525234,30.203642096163712,4.837008566462582,3.1890776073872886,-0.0,2.7274462719628163,47.37174030915636,4.564348238387836
45,3.7730862274131676,4.829257796691532,5.631166543326512,6.0703548753109695,6.237281250566363,6.556200686566725,6.444178553230356,4.9556193757968305,4.4356448383537135,2.492395330363778,3.0849327811119456,2.691541855407216,3.155289459424705,15.709674349557414,2.8765632475491114,3.200507378790951,4.014197787778141,5.065675353050953,6.952372464628125,5.838601320898261,2.069489928232604,3.036787935466235,4.632880804872527,5.748038139926124,6.323837800528201,3.3982560102461794,2.491916001660877,1.5367970755315614,1.272658025584543,4.748478816796839,5.780500589611548,7.098393162010108,6.44829688436958,4.5551629929420026,5.679022701993627,2.9562824385946715,3.506432735722519,2.549481426713699,2.2947447701490273,2.306006176065734,1.35097281692761,14.815199698925712,2.794727459739022,2.646462915517914,2.7274462719628163,-0.0,42.040795933186224,4.418153632085937
