,0,1,2,3,4,5,6,7,8,9,10,11,12,13,14,15,16,17,18,19,20,21,22,23,24,25,26,27,28,29,30,31,32,33,34,35,36,37,38,39,40,41,42,43,44,45,46,47,48,49,50,51,52,53,54,55,56,57,58,59,60,61,62,63,64,65,66,67,68,69,70,71,72
0,-0.0,11.132322013398182,6.88954286023618,7.338145045519072,13.05537566116453,8.584240924578884,8.896133531770303,13.371961705395641,12.172296733341149,7.163669319258751,8.431384513678521,10.630006669872648,7.954633117391344,7.545422124420906,13.875373913531831,15.384651497138524,5.765931540735302,4.370578863407041,9.718765089643938,13.786775624157023,8.49236537793621,9.244511552498526,16.602166332116962,21.283586568674224,10.193170986108854,11.686075685679631,15.603671668449833,20.132628697770368,17.854360190832836,21.216323807577787,8.967093056608004,15.55541502378488,11.13132601036827,15.664893616320242,11.059657505229936,6.507638358753804,15.961890074844415,12.130455098226046,8.175247189056602,16.32511601625382,26.89942293522791,23.538202111038437,25.60070988249356,16.09016805880374,14.80027340917604,9.301739266991518,10.78767838276011,25.289688114054442,13.851904389181408,12.533527308090315,20.448006716791117,18.124628469956658,12.579820815360613,18.59616721688591,23.729663132096334,16.670281748204044,12.035785986625585,9.00470889335113,15.094333849424878,14.641204581509765,18.45693157545247,20.93913927096097,11.9793016244933,10.99597339984853,18.746462412910333,14.656026434623248,25.76298041942011,18.593658597608606,14.07487490312248,13.397103907343345,15.298097739869888,19.61439051336082,15.577346969291115
1,11.132322013398182,-0.0,5.60219792479921,9.336961562150114,15.853928077530435,14.63514588879122,9.33186974291754,8.862066547280211,10.930898603365906,7.248685610994949,4.8843861288446915,3.067270595297507,5.18134369069179,4.438334837075988,9.512030389301701,13.617614981829758,9.39446356548249,7.951724836185957,12.61619174558841,5.065057383009666,11.354781805724318,4.445557370016493,7.302330506885139,11.366216991242649,9.56260237968152,5.673269666016257,9.790873424183397,17.72884084405102,18.350324559566975,32.81239579761854,7.84231621360137,19.592002477730702,6.617189973686313,8.213701244907542,22.170860170539743,7.928214822176095,21.63188601699819,11.203431390600601,6.880186665720248,13.35683865967863,17.054283987612298,20.821055860905542,19.617718077318262,17.54511203065508,13.808721522778852,7.06001820955093,7.943256671090837,27.545005040361186,10.38785519157252,7.815717333996026,18.454350235502385,22.314457537824026,12.541124622895836,19.128492609799494,15.739801635018479,17.079094594624113,9.247383102160882,6.294394113138881,8.836747262782705,11.96317291975437,14.576959703139158,18.56798079323617,6.456055650232179,5.927985262737923,20.387673210644753,15.648330676019173,22.311982293749328,12.827439362174701,21.143229249989695,12.545847159136512,21.389572344958108,27.4265112441563,11.969261860098404
2,6.88954286023618,5.60219792479921,-0.0,6.548416326161407,15.246256767527656,13.799974594598565,6.610041951703711,12.044065530730709,11.750391449144443,6.320803890428116,4.927827416733707,4.30847264942587,5.341245617470967,8.62647616811315,8.185258804586526,12.376442613669651,6.815838929983767,6.329396463908912,11.412392236230092,7.015959091613823,8.619104493338913,5.056169162056581,6.7504715059455185,10.726865182077846,7.518861115143699,7.106077487227358,7.690571976412494,16.752218022004314,16.82808129260174,29.509483338981102,7.241854979151341,16.941986728973966,6.825086595572392,8.833708210840257,18.40214396503815,6.029067773914279,20.67399026205836,9.766145633119521,3.974368486025223,11.953979486522961,13.931212516075304,19.916712353083557,17.04029444777587,15.972667758309713,10.299153043836817,7.592303618004818,7.389989847659574,21.324740493304237,8.24425851570707,8.343659356443345,20.215458206891935,16.988898418140543,11.106947379970805,16.351056139489604,18.049687133075793,15.487957241339725,10.072655522355072,7.262302448947784,9.588449501797474,13.50931108716326,17.080983104983712,19.767230160193378,8.3377318640333,7.666336213732329,15.791733939410342,12.75652794430073,20.287534010621076,12.450712471637372,18.607512291077843,10.390837328510134,15.926820907051006,20.50886127373682,13.774638807701239
3,7.338145045519072,9.336961562150114,6.548416326161407,-0.0,4.714059866612873,8.36181076618516,8.258912902124257,8.760188391205297,10.470140106497965,8.098580309973078,7.7568959692760115,6.991047091439833,6.150612895211678,9.85945218931757,8.222133647814564,8.081116055118716,8.55479839722318,8.601596775272062,7.661334793198416,7.833653750984565,9.650689286157839,7.480043997689851,8.630393335529526,9.15385823705344,7.957667287727639,8.876244710267517,6.956433010784148,9.415040831489543,9.087777791837278,20.977077468206495,7.330026840138101,19.386279807935534,8.25106565439517,8.383503793950933,15.838057151404499,7.642767938312218,19.328438492625427,7.117279808616399,9.184292658687129,7.74153358317888,13.711290533615456,13.59536575457301,12.77819794290347,9.967895590775639,12.601722006154377,7.853752556668847,8.858813909757767,22.794845649544428,6.693031476585687,8.573928748816755,12.707336084348407,10.041597629056824,8.862566975240844,18.94855720844037,17.209951921518176,15.592896827450781,8.929795060069388,8.976986174648443,11.864471120262419,9.712800597909947,12.740414605168281,14.12142959227876,10.667348179589759,9.085906826050735,9.494728452047168,9.040438304180762,13.52218966819517,9.95459434655712,11.761698570976922,9.963743336977272,9.750441572810532,13.475510675509552,12.871940637775323
4,13.05537566116453,15.853928077530435,15.246256767527656,4.714059866612873,-0.0,15.23127923453968,14.008439806372806,12.659863790260298,12.370846117002475,10.874891963285382,11.641795207931667,13.961157995048085,7.7586667539925696,12.485416054265288,12.985334748198822,12.746697529665157,15.871807438911972,15.059846272346206,9.811107246012417,9.77095421908949,11.454144829617979,11.518470751442782,14.459253534504679,11.131763839724934,13.691480053339182,11.380671958933906,10.317926414994183,14.530790841865873,13.841153687285988,19.07898665029602,12.430420813157951,28.20973203558003,9.625143628618599,8.932334756949537,20.219735580485256,15.032260564272168,31.02052604617047,11.958179749546657,18.530367788977728,13.107203367680398,12.764947053505256,20.703344657742175,12.164655605424809,14.577681382460337,14.239350037233445,11.424097790453915,11.626437706573697,20.755202617857655,10.51804252109463,9.793846048201411,18.84197158782151,12.533623279387976,14.226267528578166,24.00932935636243,24.254168138375302,22.510923842975206,13.863060132300307,11.62793644089049,14.932798731737423,14.698724894761629,19.236086176123077,20.544668443661767,12.855168523818978,10.858258638683722,12.82223110521659,10.62842210799955,14.05331580016327,14.180487211367614,13.870165883223207,11.7162861460608,11.004495797888904,14.55348538967834,17.62431444511161
5,8.584240924578884,14.63514588879122,13.799974594598565,8.36181076618516,15.23127923453968,-0.0,13.515288229689704,15.640861279995942,14.586394574928233,11.7094664562749,13.963734963178071,14.179366081530098,7.956928679076891,13.868466170501511,16.453234973771846,15.654102753856133,13.538447552578871,11.09266764339509,15.157046816884185,17.054760965105736,14.097556768359196,14.379637583370878,16.085581141834883,19.472505204067787,17.3811827848741,17.487040898199268,14.65407532479069,18.308357658943542,21.17045560267185,22.22028282045009,15.15078078671565,17.652765651788165,13.739637308834734,13.588477464433613,19.263050741596484,15.28959123857281,18.928374961570796,17.362251470008303,12.025347113087639,15.967967842346786,27.074902134645328,26.210957008336166,26.866673061761787,23.447013966847013,16.864084660807638,11.732370452816081,16.51425575102419,22.294676778859802,14.095324784692197,16.051945927865557,22.691769294551968,21.01675920795132,17.65031767277417,25.95544450441795,28.044012001544875,22.780561273655213,15.546860436595068,13.054920212704971,21.05349547900553,17.56316497594279,21.073024251180318,25.144695850149528,15.657624323947978,14.981142203506272,19.33328829563732,16.214704369074816,28.23051703976741,17.46042680361957,15.369832786333967,15.72352399090644,19.4964721836213,22.074145406615067,17.242607631831422
6,8.896133531770303,9.33186974291754,6.610041951703711,8.258912902124257,14.008439806372806,13.515288229689704,-0.0,15.381199236759677,10.051792732709641,9.831584724296755,8.125265023223026,10.016769604145397,7.8887463108206255,10.745636375083617,8.064917846211706,14.654115007809422,9.392166591311955,10.033795687622352,12.697274838948163,10.264907087937395,9.91657778397565,7.298214158909907,6.231028817247205,14.30394265033324,9.140448133238316,10.889913175564832,8.690017508808404,16.63132953591682,18.3990319500793,27.49249279732426,9.103737570959568,29.00086713376981,11.90215219779989,11.040264741851676,22.08804104235229,7.988942162128872,28.97558246869934,14.217280543477566,5.926608441356673,16.258307756620255,17.35535084059439,22.940476438668504,18.56695271429205,14.818126430213177,16.62926449604473,9.514915843125104,13.827140688825185,26.95649172251432,10.517663835243038,14.939290823753517,14.889293360603375,15.874652263990441,9.697435134895358,10.968385473591102,16.383249066876655,12.796327251873647,9.95064897347771,8.50246075193492,9.528780723638357,11.594581675890746,12.950634556257981,14.094513117050674,9.017917706908378,8.631044506444727,17.943801040892744,10.224210299771297,22.650193608221205,13.656510076463189,16.93292155663826,11.147532428757902,13.262469996696668,16.106779602668187,11.070103489471393
7,13.371961705395641,8.862066547280211,12.044065530730709,8.760188391205297,12.659863790260298,15.640861279995942,15.381199236759677,-0.0,13.92187856850372,13.712785384771387,12.214038599486148,12.779832018794831,7.95728644359324,9.409216057532564,14.577094670301445,11.77317738317198,8.926186369815985,12.146236872600149,11.304933324688982,14.336697106955842,7.49692508457097,8.474206227269297,14.609942858551907,13.98542505935819,17.4282271204236,8.076325529571205,15.336668844610529,18.496916829886647,19.68983902857908,38.49143193895684,14.05208085138935,33.82458851772592,12.179917679524063,13.28253385264461,16.366894366188937,12.189389968400405,32.04447415412718,16.759539715778455,16.489712998423258,14.663252255887611,20.342354943853103,22.333112823716665,18.73919909187194,14.189327096234273,5.450621560175842,7.532386192907695,14.377189089565908,13.027554906581809,11.32132074875851,8.744229624484907,20.366349400922832,19.316980610321757,19.45685292265446,32.630582309961326,21.72761892076434,26.68124254340745,13.599970955114259,13.739618455606264,16.69231998518217,15.06948032721847,19.43603420263946,19.322470633497907,12.262403534474883,11.303767805147167,14.761225939539457,16.148296605972657,21.30632828076988,18.293260512629093,23.16357137458308,13.549065864007419,20.654446657144344,21.15471070608698,14.71111774782611
8,12.172296733341149,10.930898603365906,11.750391449144443,10.470140106497965,12.370846117002475,14.586394574928233,10.051792732709641,13.92187856850372,-0.0,7.829807247724337,8.307199004648373,9.906102045898187,7.231831316048856,9.835520023776825,12.21518137920887,11.680253432130812,13.276072503215033,7.964139615797722,12.73495557830413,13.323584870861179,9.46854764669503,10.899302199238933,12.290890159587141,14.832675565399326,11.682995703844355,10.693992338852933,11.781438749736616,15.625933185882685,17.4914246483865,32.11385114302828,10.299433497634915,36.149591393870786,9.6749519677919,9.475944037075516,21.69413333053988,13.788608351263951,34.435637017735374,12.187558577986977,10.568558429128334,12.678381543120585,20.25360516587394,20.593224710626657,21.099683597763207,19.670614082411262,15.288847883533482,7.7105865206933615,18.978986083482777,22.93042349406037,13.180395600336201,14.894570620013457,15.969358503180207,18.08273207823119,13.68948220458597,18.20926732364564,21.23580469647005,15.368809334337126,9.143607100196284,7.400582081960078,13.180127706499034,11.079510609928924,14.026232390999143,14.640547759199551,7.307994297299118,6.493358964821641,20.843154849586803,18.228245416398913,24.086394989915366,20.281416741086975,19.381253543489358,9.33599280740383,18.002785982595817,21.333395683010462,12.978941947611071
9,7.163669319258751,7.248685610994949,6.320803890428116,8.098580309973078,10.874891963285382,11.7094664562749,9.831584724296755,13.712785384771387,7.829807247724337,-0.0,2.736797678211771,5.3886606494197995,3.670614231041795,6.171524770700176,7.795718381219123,14.132646771150432,9.734064602241938,7.434842199543279,8.2305336999171,7.474402352522179,11.07534242166088,8.840872901378019,6.4652000082657475,11.928128335619375,7.601518681747488,5.08129212862461,8.98067361760576,15.823762309822163,17.563760870014672,21.241017510656324,6.419078371341671,23.818498268985323,4.058511183449538,7.7339958341184625,21.212328393740382,4.594681946785748,27.807619719226498,9.649125737791973,10.666388211288098,12.945176193944935,17.805072518593818,22.489917328182575,16.59543084020096,9.844348915536276,13.007927768312962,6.586987608597897,7.138720932238313,24.405980740397442,8.990341018492506,7.783515972158711,24.117546536348687,18.99905126675469,14.370000672297415,22.97599775343217,27.809885920313913,19.432263419353458,11.318084462800433,7.531410599122357,13.06571702053057,16.299295629811272,21.522509888616923,20.998787553193097,7.774055050024922,6.569126338105222,18.609945253236354,16.08690828700506,20.19789771647308,18.48949511123123,19.788700749020453,10.043939486291668,20.055218821938702,23.823517635494557,16.48186413575234
10,8.431384513678521,4.8843861288446915,4.927827416733707,7.7568959692760115,11.641795207931667,13.963734963178071,8.125265023223026,12.214038599486148,8.307199004648373,2.736797678211771,-0.0,4.898092163492371,4.1432204002672695,6.307731863371425,5.870532823177507,8.854481790397848,11.065079141996787,7.807129869748653,6.565789652949673,5.695415889995765,6.848963440214687,5.617390955741104,5.576266658928295,8.925005552768901,5.392888204154222,3.570681473781812,6.065570590302779,11.677625696451232,13.73472815137164,23.90961285367835,3.9033842129022203,26.122512651642822,3.297581010593961,5.147145564763244,17.297094982087557,5.383709135740691,28.765080842442607,5.280522220806692,10.542867987076573,6.965355332371885,15.53123568079806,19.93557344566577,18.303270856610077,8.154057282691621,10.434027238106902,3.4351165330683524,8.47537360013192,19.119987725828345,5.609564563341333,8.980244447468891,17.95342778381167,13.818302673914832,12.050576867416499,16.60580388871797,20.37201111596499,13.49056831209108,6.781055176214624,4.313444369186621,8.259692119196187,10.952820642733665,15.528723859180706,15.350335092595087,5.251473149104153,4.415495433229863,18.430491990918956,17.26794538262842,23.086054570294472,16.580156786767297,21.54069897051713,6.946338884504872,16.725230520043375,21.61260159926301,11.139388128864777
11,10.630006669872648,3.067270595297507,4.30847264942587,6.991047091439833,13.961157995048085,14.179366081530098,10.016769604145397,12.779832018794831,9.906102045898187,5.3886606494197995,4.898092163492371,-0.0,5.325835678780658,3.273317524806547,8.592407042287524,9.096332937989224,9.25566018788302,6.154995567103061,10.445481684280063,6.151889024163007,7.140222299404121,3.710568460876667,8.28716635870621,9.763952997190513,7.562217718099449,4.948820463035546,7.989657604228252,15.829799993803304,16.244737485526944,25.763429363772268,6.438438635106534,19.692649673991486,4.75586407808487,7.24770162665779,19.094467003744075,8.113228847695156,19.59571645170611,7.636121359961113,4.939821772512726,8.054887205123881,15.960280767331513,17.72693923159361,20.078841529440552,16.285844702875092,10.199220062598007,5.93013780289408,5.775656153089936,23.793904337309474,7.520260593406334,5.138473340079535,15.441914539620674,17.804954654644117,8.781091858195543,13.07763318042363,18.029655106926946,12.57040978295843,7.602500989024056,4.7245537496779235,9.482901343124787,9.600809589838821,13.33413133937226,16.63348174268781,6.179585081076871,5.61212313522426,16.821160831706813,15.380029789804306,24.20530196439181,15.551475509950887,17.746813535637514,10.194554924961713,17.214798067173447,20.406431321883783,11.350068156057223
12,7.954633117391344,5.18134369069179,5.341245617470967,6.150612895211678,7.7586667539925696,7.956928679076891,7.8887463108206255,7.95728644359324,7.231831316048856,3.670614231041795,4.1432204002672695,5.325835678780658,-0.0,3.4916118039175066,7.51995218372728,11.63491821253368,7.5677664974605205,5.850114740976728,9.020487095164626,7.4433580989193215,12.442722143514962,5.213889569247455,6.184533814223813,10.527271555209152,9.019056533009923,5.490516102510722,6.993525221478986,14.419323456939916,16.377481867862,24.16825369149547,6.715060752473141,19.428000164799034,5.083472066533553,6.019408233411372,24.861129678024565,4.966609393520647,22.01725410968099,10.184943540486648,8.333100070957908,12.148955065138814,16.06523390547036,20.688654357338084,13.675682352253858,12.227473050307758,11.571575666942,5.165459375302883,7.85161281850137,20.935476503948777,7.088398908085483,6.948538288683882,16.489146881961975,16.66847982342478,13.066031598842189,21.780685179386545,19.809095437271964,18.02188000680478,8.629950259242523,6.365729692350291,11.830650862187863,10.657929284879025,13.22507927782238,17.58915140592111,7.045521465092893,6.079165430046125,16.84710865231393,13.301936722768811,18.22035184315352,15.288662996539562,16.576197873883366,9.845483380175411,16.078715221050253,18.66226308766234,11.126010736397792
13,7.545422124420906,4.438334837075988,8.62647616811315,9.85945218931757,12.485416054265288,13.868466170501511,10.745636375083617,9.409216057532564,9.835520023776825,6.171524770700176,6.307731863371425,3.273317524806547,3.4916118039175066,-0.0,10.004880818341078,12.104251724063156,7.7711341352768954,6.617663539515843,6.448232340256142,5.560578808180745,6.360210317725478,3.4330181192874814,9.13422446799897,12.453324181898736,8.649253461010586,4.290935777998051,9.87679095586829,13.456995489249433,14.07121948246128,25.586425727987045,7.349440443799422,18.197733673234705,6.539003989056442,8.935488403377674,21.428556174135355,3.5713799147182486,20.04090581991795,9.733366617667636,10.707932811186597,10.96202051805178,16.590091683158956,19.932314164139758,19.634050246010023,11.0756181950869,10.052409477555937,3.7435311679063132,4.601283829391169,23.223852949727203,10.201942474549691,6.103971514301099,16.006296190344013,14.120659008161153,10.827801480231694,16.630917995866266,15.151080004487753,13.284834166379406,6.128751832994805,4.430072229932046,9.409613388301441,8.215043064737166,10.606571061147237,14.888387579053393,5.248624943544006,4.466303386380729,17.890777830280292,18.79554006060054,23.244870486627594,17.050491621356088,20.684132328984354,14.775763474568931,24.680472620894793,29.282627670494506,15.493487389121135
14,13.875373913531831,9.512030389301701,8.185258804586526,8.222133647814564,12.985334748198822,16.453234973771846,8.064917846211706,14.577094670301445,12.21518137920887,7.795718381219123,5.870532823177507,8.592407042287524,7.51995218372728,10.004880818341078,-0.0,4.818965707296715,14.981900212073212,14.322349587097552,10.745433810178941,4.911791213907147,13.679501604737768,6.672428437220289,3.5311711270188684,3.3284219501705588,2.5138343661047533,6.946312576639542,3.6277416043648145,6.247181968565871,7.580395387160381,25.867812202394443,4.099990838388083,20.73278991139474,7.240524326402215,7.778616437993287,27.221139475003962,7.993321360873316,28.172339571171104,4.6574524874124785,16.118140218656528,6.72022379668669,10.470226541563395,14.50023900440672,12.633162173499878,5.961118313301019,13.830643654182326,5.940151580610777,10.165848502975617,21.419510710285714,5.862467155271698,9.409124178608199,12.832857900182365,7.953617850492188,8.351796835017899,12.807490722505506,15.880383903759324,9.989503759081318,5.426561894368043,5.87415540997871,7.078351503096893,6.921563183297082,10.75768837066499,12.916510058510717,7.7053687353716365,7.189236548090688,14.849832487333522,14.731827553746417,19.035403831814197,11.514248362909758,19.971212634603443,8.298708629503185,14.609765524664223,16.704332644846392,8.282653759152698
15,15.384651497138524,13.617614981829758,12.376442613669651,8.081116055118716,12.746697529665157,15.654102753856133,14.654115007809422,11.77317738317198,11.680253432130812,14.132646771150432,8.854481790397848,9.096332937989224,11.63491821253368,12.104251724063156,4.818965707296715,-0.0,15.076989362155853,14.20926024657926,10.691446579609915,7.51144204874113,13.577297088269352,10.889691413861428,6.501088559275495,3.268041456779859,4.084350650219656,8.346366550231528,4.984874417850589,3.408822303301746,6.510991615803441,23.773600515680382,4.997361014414156,23.274084346205203,8.480855045568163,8.378886309505601,26.492889513503766,9.844296435962994,23.61024960519648,5.849163933878659,15.4927916906252,5.01260589643456,8.48462452571616,10.615793584627502,11.383363806552314,8.89877289754057,12.917505264943411,6.853424449067646,11.24237453065418,20.453093260467178,6.137336921829061,11.168248220729286,7.726873610427819,6.506893311980038,9.862090371376068,14.788698335893221,13.009626297079045,11.42687159241068,7.242156667971602,8.642649319900205,7.363660672592451,6.7219623337726615,8.53449348483196,9.56676750665194,10.811817930801418,10.069370645469084,12.687327102280493,13.876613195399829,11.940910239093489,14.32166783446407,19.301300727022998,8.314746265939146,10.958688315233768,17.889360131266734,9.52037441118159
16,5.765931540735302,9.39446356548249,6.815838929983767,8.55479839722318,15.871807438911972,13.538447552578871,9.392166591311955,8.926186369815985,13.276072503215033,9.734064602241938,11.065079141996787,9.25566018788302,7.5677664974605205,7.7711341352768954,14.981900212073212,15.076989362155853,-0.0,5.696456836848339,11.716108683341629,12.694513728029408,11.194669816607638,7.323158065654909,15.195336989581563,20.99174354490036,14.018572171883138,12.707175759077906,17.13664824852053,20.98350175662286,18.19300340773529,28.438805761569604,13.106621886766057,20.4990912950754,14.227039966986393,17.102125525831564,14.96281579061736,5.858281766604091,16.71847732944913,14.220080579794178,7.879301415249478,16.854633762342296,23.600911436180457,17.37617871810586,23.39936053577113,17.677488625917654,15.924946985861467,11.864731889420609,10.51849838354092,28.944095149890632,15.054273851720206,9.93862121696462,20.580944502001618,19.845596550686945,13.182319164226785,24.137095519210284,20.655345271203675,21.121679383379362,13.182528145243738,10.410931060396956,13.684725655746242,15.000770695419574,18.360013952180225,19.849261262331733,11.405918676857294,10.280778096619278,15.587088876559655,16.703620064900793,18.994201878081174,19.607431527029185,20.279283560449716,13.641555073954045,18.51443515493376,23.153561893314514,15.752971056734633
17,4.370578863407041,7.951724836185957,6.329396463908912,8.601596775272062,15.059846272346206,11.09266764339509,10.033795687622352,12.146236872600149,7.964139615797722,7.434842199543279,7.807129869748653,6.154995567103061,5.850114740976728,6.617663539515843,14.322349587097552,14.20926024657926,5.696456836848339,-0.0,11.973436136939382,12.530370361167398,9.872163932545183,8.470657182786596,14.51806702478957,19.619526566364232,12.590119925452294,9.486266606846325,16.819296985844833,20.65892610549423,18.673739304157,27.89395960086445,11.105059623665767,20.518747603908402,9.479968128219353,14.572192586280588,14.157407858195477,4.8718689425719175,18.143325127657413,11.683818289599076,6.896453608185582,15.249647729839683,23.357519063694255,17.994887010900023,24.703836616081848,18.26054296701785,12.816858419951053,10.60014725415917,8.418522166583365,27.705196272185066,14.666332357741654,9.237771414514665,20.850942053189183,19.98823760570787,13.611378037395935,21.21956549892962,24.120775180607666,19.09010509070145,12.431434378523905,8.47221316103921,14.116214907255014,14.169670393856045,17.398079258862015,20.863012428365618,8.984391845396607,7.797458582162506,18.396641389473135,18.34786716092099,20.788890059408107,18.89151190681121,20.537593122518896,10.24791419670843,19.24483502649704,23.408738357651444,14.146826121137742
18,9.718765089643938,12.61619174558841,11.412392236230092,7.661334793198416,9.811107246012417,15.157046816884185,12.697274838948163,11.304933324688982,12.73495557830413,8.2305336999171,6.565789652949673,10.445481684280063,9.020487095164626,6.448232340256142,10.745433810178941,10.691446579609915,11.716108683341629,11.973436136939382,-0.0,8.351435378315703,4.2688702445411595,7.586527106880749,14.457022086963272,14.340012539070582,6.597993673484445,5.375568686128397,12.639319823348933,15.761374790671239,12.229078028167038,18.561483363126325,5.296917783555305,16.35023071036552,6.034138872844719,12.592779564617993,10.29955156870789,8.021538021042685,19.629899560785507,7.032344471961904,17.25876364002516,10.606951728856604,19.55532735808116,16.856179810758434,17.041916435343218,6.16501190583157,10.358071134835352,5.2872995078238825,4.069319064987245,22.10496119684008,10.3203004213566,6.623585421369034,16.147295370440094,13.152767103064388,9.953011165231175,15.528900275421346,18.750908102889245,12.738974915144727,7.929157138666958,6.786858291990642,11.000940262488424,10.40025241464202,14.325949423862676,16.319220876819312,10.301954951926371,8.754949211628848,14.695651221122716,15.89591351528922,18.277909185332632,19.761495820828692,20.8737058439369,11.481249247273027,17.69488382328954,21.897604837890164,13.128229699566907
19,13.786775624157023,5.065057383009666,7.015959091613823,7.833653750984565,9.77095421908949,17.054760965105736,10.264907087937395,14.336697106955842,13.323584870861179,7.474402352522179,5.695415889995765,6.151889024163007,7.4433580989193215,5.560578808180745,4.911791213907147,7.51144204874113,12.694513728029408,12.530370361167398,8.351435378315703,-0.0,13.642932412468754,5.778682555301479,5.348442171272985,6.040004764126771,4.373465870155036,4.2767255326558775,5.202260726004441,7.013006538342128,8.054706657848365,22.279080423581444,3.908439872635929,18.126284195405464,6.734146046473908,6.030568014856211,24.49035153293324,8.875565224845296,21.930947456534867,6.934629009407612,11.779876253698081,7.327186397510869,14.684015457582367,15.127077303506583,14.598708138207206,7.416409242008931,19.037063819057927,4.093565372879653,8.564541558149264,30.25506708127153,6.411268204539455,9.998725184427956,15.171448608333451,13.80562216343043,8.55497666038135,14.873563491724125,13.975670814722866,12.4085382803115,6.068911196076678,5.843359901303223,6.467132858662924,8.852038103898428,13.313063161338562,15.588250013885608,7.770589383292085,6.939227734351192,17.751251264121656,15.509614296661475,19.153274114733986,11.122667796395941,18.329892349569626,11.57712738292649,18.56415847587374,22.9118263871715,10.542809631392009
20,8.49236537793621,11.354781805724318,8.619104493338913,9.650689286157839,11.454144829617979,14.097556768359196,9.91657778397565,7.49692508457097,9.46854764669503,11.07534242166088,6.848963440214687,7.140222299404121,12.442722143514962,6.360210317725478,13.679501604737768,13.577297088269352,11.194669816607638,9.872163932545183,4.2688702445411595,13.642932412468754,-0.0,7.568030330936199,17.28351973533362,16.591755856104637,8.101931116115933,8.363154912210758,13.951120661737807,17.52709011984218,11.2055995588337,25.244963404336,6.325936034984433,30.171410820956105,7.362089072109155,12.94605817794991,10.504406015267241,10.047327307598264,28.952756995728198,8.566051272966472,13.193574925112115,14.042850303167576,19.21067501905127,15.944514874573285,17.761155786142847,7.236484775140743,5.9087883682078575,9.995648067140626,8.759413828775566,16.066495214568032,13.001514132608353,8.441042544601379,13.04779693889447,15.125079349361817,9.93661181626791,18.788658419451597,16.977527394075533,15.12943240945685,8.414347746612787,8.218336251097426,9.286747846829993,9.59962171140292,12.52139907334591,11.016004867613095,9.343917605993612,7.960562076888202,19.610572307688265,14.234294234161545,17.693287479362187,14.468302617567263,19.21370562256569,11.54609334297121,18.466967361268082,23.76222348487603,13.14988771859921
21,9.244511552498526,4.445557370016493,5.056169162056581,7.480043997689851,11.518470751442782,14.379637583370878,7.298214158909907,8.474206227269297,10.899302199238933,8.840872901378019,5.617390955741104,3.710568460876667,5.213889569247455,3.4330181192874814,6.672428437220289,10.889691413861428,7.323158065654909,8.470657182786596,7.586527106880749,5.778682555301479,7.568030330936199,-0.0,6.766795004748527,9.278829104217591,6.942878720489034,4.999147122242569,7.525689651563721,14.239973226059215,14.154502131112766,29.132934583590288,5.527558682418771,16.35179686204216,6.463423784213665,7.927055583103397,21.895151547920516,5.329312374796889,19.5679684083437,10.382026635361312,8.687400344850035,11.78163635444302,14.245093062929325,18.364308660352716,13.059189573940579,9.992080558867238,8.059099687504089,5.145631574505166,5.489244815103407,16.472433792691415,7.286015203972129,4.667024679749337,15.497490945945708,15.539966260175758,10.088956710134388,17.067612700981176,13.2253041233699,14.634207874035607,7.103801413529589,5.321487512872211,8.62163665716522,9.138096010172028,11.611562041826023,15.45947660885712,6.6116838952787305,5.847398310032006,17.554033844573265,13.226936418334981,17.575679553607056,12.435674667187149,19.43754063488238,11.542441128915463,17.487735696416653,21.532146185586534,11.347628514709829
22,16.602166332116962,7.302330506885139,6.7504715059455185,8.630393335529526,14.459253534504679,16.085581141834883,6.231028817247205,14.609942858551907,12.290890159587141,6.4652000082657475,5.576266658928295,8.28716635870621,6.184533814223813,9.13422446799897,3.5311711270188684,6.501088559275495,15.195336989581563,14.51806702478957,14.457022086963272,5.348442171272985,17.28351973533362,6.766795004748527,-0.0,7.9451215926294685,4.352160887190551,7.09673183677031,3.151438576052714,8.093237126097334,10.126454789274126,25.60852697852637,4.266772824473902,20.187995443322556,9.130413837471812,7.494385338234431,32.45610234109473,6.267896670677313,23.079982327546976,6.572109406039141,10.350934030063744,7.325940111857456,13.057973023681372,15.25824065019521,13.869611844973281,8.864891412343225,11.563287015037492,6.343314285965921,14.65066517939172,20.958030442310783,4.620023115666646,10.562181630349567,15.699860624184433,11.98063629434584,9.514719745599386,16.960091639891555,18.754233196180614,12.889504926972728,6.435636179786497,6.244852974660595,7.960205816675077,9.089753900052752,13.546702342628837,15.174506875113517,6.9139438595763565,7.333970521663086,15.001658330401018,14.769788215995426,19.568874305027858,13.128038210214552,20.658367576182588,9.436945437540803,15.00406875711264,18.422989481014845,9.11153626470084
23,21.283586568674224,11.366216991242649,10.726865182077846,9.15385823705344,11.131763839724934,19.472505204067787,14.30394265033324,13.98542505935819,14.832675565399326,11.928128335619375,8.925005552768901,9.763952997190513,10.527271555209152,12.453324181898736,3.3284219501705588,3.268041456779859,20.99174354490036,19.619526566364232,14.340012539070582,6.040004764126771,16.591755856104637,9.278829104217591,7.9451215926294685,-0.0,4.049947292271955,8.49467071667479,4.179035117789625,5.546489472716392,6.299560345942729,27.42164062540427,5.478502501859317,23.92733149082191,8.707655960966276,6.3069503494307435,30.470518371713453,13.71112735442705,26.951335178379686,6.036563293430892,16.414018172359018,4.306002475154882,8.284002733687762,11.08668082539051,11.428336109194671,8.453618871338415,15.527159838530334,7.076763668973802,15.612790855473731,28.206986949638218,4.291401856862636,12.821399581425876,8.833997528879724,6.825320517632548,9.014919846314243,15.073296402621674,13.69009251458965,11.551621997216706,6.603786606276601,8.598064344134846,7.200494921822106,6.241102504644259,9.209110318820652,11.340896223382043,9.746736065989163,9.672977571616881,12.58350162373499,13.699229647107197,15.595282264518753,11.94837345991363,19.75559475954059,9.406627346088786,13.088301448803543,15.178042418322914,8.8624291486396
24,10.193170986108854,9.56260237968152,7.518861115143699,7.957667287727639,13.691480053339182,17.3811827848741,9.140448133238316,17.4282271204236,11.682995703844355,7.601518681747488,5.392888204154222,7.562217718099449,9.019056533009923,8.649253461010586,2.5138343661047533,4.084350650219656,14.018572171883138,12.590119925452294,6.597993673484445,4.373465870155036,8.101931116115933,6.942878720489034,4.352160887190551,4.049947292271955,-0.0,5.9296195021930815,2.7854990657398835,5.509978608394347,7.081075138001608,24.738713853905253,2.246738769284077,19.941058794918966,6.452843970465134,8.22682862108144,20.31931249379988,6.809343072617735,24.127331023268802,3.596458602594547,15.027936101393063,4.900597780335565,10.896857786652285,13.292989241066234,13.13604668393302,6.423119607696454,14.931979408518703,5.339437309390362,8.199644901195764,24.221498271745823,4.737095342851448,10.24865689895183,13.297558909919402,7.335288472840306,8.427126075500562,11.994262541335939,16.097718526737964,9.479300523971032,5.473594889953881,6.320144704020773,7.969088331418834,7.492358591427738,12.13247167986131,13.17563045431086,8.805353555501679,7.636067773957788,15.260947501836652,13.652034234519162,16.910636067349653,14.13157012623947,17.903588456797063,9.005225277033688,13.594153311944472,18.452928187989727,9.454897490313574
25,11.686075685679631,5.673269666016257,7.106077487227358,8.876244710267517,11.380671958933906,17.487040898199268,10.889913175564832,8.076325529571205,10.693992338852933,5.08129212862461,3.570681473781812,4.948820463035546,5.490516102510722,4.290935777998051,6.946312576639542,8.346366550231528,12.707175759077906,9.486266606846325,5.375568686128397,4.2767255326558775,8.363154912210758,4.999147122242569,7.09673183677031,8.49467071667479,5.9296195021930815,-0.0,7.820681771299571,8.955159166022177,11.352541769820913,25.27209960413524,3.155112422581161,28.30237194236552,4.896155219653272,7.517716393842257,18.008801121081063,8.122683555807418,29.26516210528571,6.110788707848297,13.138828900670331,8.128647501582094,17.139029845699064,18.237524040230905,18.27062981129287,9.188585364379662,11.650564082595608,2.9824766417341673,9.091248910358436,23.29961570579099,7.585786341475652,9.077460874650022,16.32746149129953,15.662073683179015,12.84032464087138,21.157551509666767,20.451593374880755,16.75057920434231,7.152415190675549,6.370243595447765,9.363804008897734,9.489968437106016,15.07711690609433,14.908760369774534,8.224750603707603,6.5148267196048195,19.422114994485543,16.081095675243954,19.23067024789045,15.156742142454188,19.208592602406316,11.398300230609355,16.698016862189707,26.098740808558922,11.589517108640601
26,15.603671668449833,9.790873424183397,7.690571976412494,6.956433010784148,10.317926414994183,14.65407532479069,8.690017508808404,15.336668844610529,11.781438749736616,8.98067361760576,6.065570590302779,7.989657604228252,6.993525221478986,9.87679095586829,3.6277416043648145,4.984874417850589,17.13664824852053,16.819296985844833,12.639319823348933,5.202260726004441,13.951120661737807,7.525689651563721,3.151438576052714,4.179035117789625,2.7854990657398835,7.820681771299571,-0.0,5.747980448590358,7.700557418905267,22.970093240609927,3.518748760390555,16.66428813207108,6.816775319646158,5.083467553799101,29.405740803699405,7.250245492724698,21.395312102095346,5.664151644791735,13.646837467424122,3.865121161409007,11.248494266421455,13.808137189012303,12.7950136039711,6.862739846002039,12.413764691254405,5.629774497077001,13.612619175380752,20.63805027751125,3.0732378787534684,9.431623371433457,14.154457543386078,7.941596011106079,8.913571909226748,13.909818364818454,11.734658174185007,11.05437399374976,6.6248955090768185,7.157005947172742,6.936874585059416,8.933477573273768,12.623730973259832,14.465861248059792,8.27678833286645,7.846680220299576,13.6765864713377,13.503205084933663,17.445314988000792,12.867483131028711,17.568965151112767,8.231930126567107,13.802739213393094,15.383615199595484,10.19134247069327
27,20.132628697770368,17.72884084405102,16.752218022004314,9.415040831489543,14.530790841865873,18.308357658943542,16.63132953591682,18.496916829886647,15.625933185882685,15.823762309822163,11.677625696451232,15.829799993803304,14.419323456939916,13.456995489249433,6.247181968565871,3.408822303301746,20.98350175662286,20.65892610549423,15.761374790671239,7.013006538342128,17.52709011984218,14.239973226059215,8.093237126097334,5.546489472716392,5.509978608394347,8.955159166022177,5.747980448590358,-0.0,5.381204513935914,22.82630909680509,7.953289913597417,23.84589657482826,12.550492582409877,8.402584069305947,31.558439143391407,12.458441950446105,25.38298228979627,6.580674200070372,19.24333112829902,4.531402364564849,10.295930075095983,9.928320742639148,12.248196138418027,10.968069788582326,19.480664504607084,9.718343412342591,17.519055034944788,30.012316322944265,6.260721664190168,16.3731691992573,11.019071280197313,6.614324108055621,10.24719233428055,13.56151606718749,15.424105134616747,10.873567681703294,10.229479074614742,11.684883405043406,9.241480016736524,8.8773150656025,10.998779931116434,11.95897561237357,13.157223352496327,12.637076752555824,13.434181964158023,15.273990309567262,14.47491216720516,13.019696456793813,18.316367024276648,9.23890885486178,12.928687366576328,19.85246376373702,11.1406644541515
28,17.854360190832836,18.350324559566975,16.82808129260174,9.087777791837278,13.841153687285988,21.17045560267185,18.3990319500793,19.68983902857908,17.4914246483865,17.563760870014672,13.73472815137164,16.244737485526944,16.377481867862,14.07121948246128,7.580395387160381,6.510991615803441,18.19300340773529,18.673739304157,12.229078028167038,8.054706657848365,11.2055995588337,14.154502131112766,10.126454789274126,6.299560345942729,7.081075138001608,11.352541769820913,7.700557418905267,5.381204513935914,-0.0,23.76268083896886,10.408919731384975,25.289114197691575,14.547894046368858,11.620158913445877,24.90129629343765,13.636624896136123,27.303291101406487,8.299337357065896,21.202675476129603,7.346074805680373,5.760948495316477,4.875555819593479,3.737572887255922,8.993399263921905,20.621813772564046,12.320697097918355,14.406835299141173,28.850716646074947,8.878056138438007,15.631647500375394,10.041149724807765,5.7013848394622455,6.861545668961527,11.204632668680773,13.633999300500744,9.6251103066822,11.447225280843435,13.245856145266078,11.14701877077129,9.720976310771478,9.943505918883044,10.446120474321768,15.353082720666071,14.314268294321145,11.738398018593278,12.286461894365402,7.228673297536033,12.330247429464398,19.762613242724942,11.594677501603906,12.208303562153572,21.897379007062916,15.546459442914836
