,0,1,2,3,4,5,6,7,8,9,10,11,12,13,14,15,16,17,18,19,20,21,22,23,24,25,26,27,28,29,30,31,32,33,34,35,36,37,38,39,40,41,42,43,44,45,46,47,48,49,50,51,52,53,54,55,56,57,58,59,60,61,62,63,64,65,66,67,68,69,70,71,72
0,-0.0,4.119367723810399,3.5681314361040823,3.6123140200560324,3.3527881570887095,32.691888212190605,12.856543416824964,4.213537032012173,7.11165721664145,3.793349729396209,3.9916955633895213,4.671174612683343,4.309710018953308,4.1388656432013775,4.969382144606843,4.117701731782971,5.204054521062,4.318046286368222,4.421287485765589,4.087144404860238,4.803008982135571,3.6446970427349803,4.347059331293797,5.4531168993043195,5.333069430972523,5.056861598387222,4.370240712895532,4.362594335559029,5.850035703947805,6.7030501343338695,5.122346273556973,6.218285725507978,22.826701378868893,8.174591629236811,6.137595526235202,5.795859109685651,21.169006246566415,9.964850768798948,12.764426065201162,6.8999209776089705,5.68717489706035,4.705461465518823,3.7895353550814153,5.185527447940136,4.418418802788482,3.711214596091255,11.75414070710153,15.675319927077377,5.125337719818597,7.3972901719136654,3.5125807827778397,3.388282615827159,6.2564709200341255,5.271505703680287,4.362351369874213,5.312796728931579,5.763864217684025,6.147862264679103,7.109712562610903,5.936967983480349,5.396487248320208,4.344928454552248,5.3307261507342645,6.200833261985847,7.136943780896338,4.7201492253077095,6.183939588413418,10.339310330791612,10.34897449626681,5.982300035335985,4.741979354969364,5.713340888444598,6.08327898217656
1,4.119367723810399,-0.0,1.483982193169001,1.8846934667277875,4.972111705206511,20.052127685478126,18.048996248442098,2.473449761049538,3.098591561760379,1.6036591455212026,1.1912021159655928,1.5360119120909403,1.3869154319693993,1.7353022797835025,1.4068425293437719,1.9431902697085093,1.4921570579173549,2.6100069536906836,2.0036636674450343,1.769305360798857,2.224975320747727,1.149633893132876,1.5527361294489497,2.3000846667184423,2.497193861795717,1.610884582036363,1.8953274815220869,2.242681064158399,2.4743410089064146,3.64487218849039,1.370501892041698,3.802561240513978,27.030012876585104,4.817538546944059,4.038972307857657,2.473856060720946,30.791984578337097,16.90809848027208,21.863487262748578,3.5843349534657767,1.5494747363374781,1.9091364392375123,1.5359242517362368,2.331292352641011,1.276124762841033,1.5209708216395816,16.610510580919478,16.130712307694065,2.3157457166967768,5.489088110486426,1.4468388028622405,1.5932521402382391,3.4884019934930177,2.1965365054951973,1.9218135448712041,2.1011530005600916,2.153418655250737,3.1695990352156764,4.236129051435267,2.546708955943423,2.1746018208822497,1.8452881699924604,1.918486763929639,2.3127826153758613,11.621927310295742,2.2290952543360136,5.385275793051518,5.978159009633259,6.8767782445306125,2.578779336779374,1.7143823303054726,2.0199873746994017,2.340567277886244
2,3.5681314361040823,1.483982193169001,-0.0,1.209954373105528,4.545487648711641,20.03942527340138,17.86677483651481,1.5709940757127216,3.07284157848825,2.4273838260122753,1.6237699920301576,1.4426437111703099,1.5406830023326559,1.9552335772705167,2.4627181865354975,2.2227394982428814,1.9058423313426718,2.8043557955189042,2.288632888573207,2.601179356251572,1.9607556602763885,1.880758660821638,1.383039676878712,1.890186841779685,2.708548087883374,1.7715933180729593,1.556592568627572,1.9428604627897772,2.2040519927929787,3.00143511806515,2.4978556291600595,4.111129941054465,24.494504607509167,4.166087992407286,4.102164879847446,3.4984666601547136,29.620834693478322,16.392528105486303,21.013722187987565,4.0402006486843645,3.1522032997510894,1.4557776742683202,1.1694286827570834,1.6784807284232122,1.6490188461196014,1.2557792360782258,13.88330962816916,20.200980268531275,2.007320062665357,5.294282112006876,1.154824469338076,1.6960926840822537,2.972491588382724,3.415077059107435,2.438085285528721,2.3992302009562194,2.4663258480167864,3.00433641782769,4.211512429072546,2.8545580061749565,2.6738586115755827,2.6522438464127718,2.415001754757539,2.454720247696347,10.611286305899117,1.816972013036098,3.4604024007706933,5.645972202433657,7.1883359824142135,2.5848985420647184,1.7606296430775623,2.165843061790542,2.802991544862579
3,3.6123140200560324,1.8846934667277875,1.209954373105528,-0.0,3.7403189241372288,17.9173363949404,10.496151962309684,1.7335347889282244,3.0204115924738004,2.3450010556314305,1.820192267632624,2.257781372241366,1.8786291333415073,2.2690991152991487,2.632144888064969,2.108006069052005,2.7303428110721177,2.4444650689017697,2.036515529220032,2.7161902194848215,2.004158995270927,2.0418467427065665,1.7063053428324164,2.0829929197128845,2.5172889071703204,2.230196064292159,1.6149293049156357,2.027640390422236,1.7363984680554805,2.528602877830464,2.362223623769154,3.1657381824807884,22.486081544752267,4.496079458029007,3.3235988474473657,3.088440140611956,35.76043892891782,20.075242317255498,26.645266094409507,4.130662851087161,3.2123982752765046,1.0554290853716541,1.0806688318792985,1.5653307326193369,1.7977542337381947,1.5158886679299064,14.517216758054833,15.906335750896634,1.128323510734109,4.7456138866220305,1.425545634668035,1.4367964568055431,2.5461223550522774,3.160490007379865,2.131806610482397,2.26100391743432,2.6399476097991217,2.5180969545093754,4.556130810179179,2.590022464209869,2.1881602056258616,2.2444544410325005,2.180599395188458,2.3138647411333717,10.14439319679816,1.9332736961044041,2.864980857522334,5.6431714724814865,6.110386152452006,2.390321283653256,1.901594820582864,1.9822479536343525,2.6350084658438604
4,3.3527881570887095,4.972111705206511,4.545487648711641,3.7403189241372288,-0.0,32.94433493462409,11.572546803903201,4.600643051257409,6.624651598153508,2.6857176674334595,4.2353353469164645,6.2741542115896065,5.210696450559565,4.690171980163031,4.694310677115892,4.83825558474243,6.349856450433806,5.355577610506389,4.572066609855494,4.738047872746403,3.7457274225227097,4.1371907144897015,5.274690487743702,3.8407538462397603,4.2538523633084555,5.304413663839731,3.1758306058133354,4.78522738358325,5.400308104283983,5.284045476390612,5.275423167142699,5.302748809552865,19.63174626130485,7.41110297755319,6.651780759871835,6.634277327311592,29.367860647268365,12.274328495484102,16.383326222072554,6.472208265332706,5.6196387973570445,6.258092151362853,4.33118239080972,3.8508008360226893,4.388143490890318,3.7636704240467354,13.521959183743615,16.005715673805614,4.773542048433382,6.54055127618687,3.2530433937485284,5.650804725210352,8.302061125519979,5.796621647794193,5.1677023888167115,4.435013399912025,7.819714341654623,5.701070262592976,7.332678891181631,5.173114985426934,6.9180485835940075,4.918570472588652,3.8416378011212227,7.212473697234544,9.539223325950209,5.1783699960070955,4.983804582114625,11.34227074639691,9.787516742401541,4.818922956436705,6.582536235871681,6.984275519684072,5.076015587422019
5,32.691888212190605,20.052127685478126,20.03942527340138,17.9173363949404,32.94433493462409,-0.0,31.254049648525573,27.01572189655877,23.44693890024208,34.14915429483754,25.635590627448998,31.726626323349414,21.125394290663518,37.60714589225726,26.83762813613293,32.640139044766016,29.24005874983527,38.417662518481904,19.812946392465005,34.45028577150366,20.204833320699635,25.72085600350531,21.648174122651913,30.83606551827899,29.637693420372514,29.292559452650305,24.456914288880313,38.58660362842806,21.746994268348875,24.01588589801409,26.9252243357918,33.936788671839025,26.09646474390257,29.55442880830408,34.86036913185011,16.246203285244913,36.01195568505258,42.43512013781666,43.62485326121683,31.266646974290616,25.315498361400042,25.276185034853924,30.021896323769127,24.592003436051378,24.941797193967222,32.233700426311664,21.472284988711813,29.65934550773528,25.809373379754543,37.23656049506131,24.8590870789874,31.637002351174125,26.38360000806977,33.20983613462419,38.14945355187129,27.200140703342395,25.346756438590003,21.515538636323537,39.34073272776574,24.237376773336898,26.634185653886448,36.20353490264063,19.339666667395694,16.963551906406806,19.967967173039863,18.354559840867797,31.895879782763746,21.020297138237165,26.032058914496297,28.91628382970577,27.280121678763848,17.469278719820924,27.024173468609064
6,12.856543416824964,18.048996248442098,17.86677483651481,10.496151962309684,11.572546803903201,31.254049648525573,-0.0,16.62209900488896,11.663924468562376,13.953612897890633,16.370325615227117,23.53806894000726,18.181471421519234,16.967507166858336,16.75328524385577,15.549193811940912,19.980240716375604,17.741041983339663,16.618286203966598,16.36098768476955,16.117133839056994,17.095995360308372,17.834232658179012,15.167990160087966,14.901752034126975,17.70332896037424,14.60413999043238,16.291641742687116,10.863810361512618,11.149754237307603,17.067384551387242,14.68032351335649,19.24433288608993,19.034748382523286,16.265879034717017,19.056091047487037,28.627245212332557,7.136533024409258,25.451040836599297,17.016021438880486,17.822090881749208,11.90177269959722,14.169086274368567,15.244063442262137,16.49855099914633,15.033082679480945,15.78398993845344,19.812001360245016,9.493770818502863,18.2036446565792,15.682620994393709,11.381906891560154,15.079882116425974,16.908986508263446,16.181394327290487,16.58868338708977,14.608338916836754,9.844787852401671,24.409209711945827,16.22179850963315,13.255759741950559,16.199338795241882,15.393429721222962,14.099563248309519,12.421053296309905,17.82070909414774,13.612987951403472,21.232166429458303,18.800248934624356,15.862009983784038,18.352186759916005,14.960583751003826,17.50305016907242
7,4.213537032012173,2.473449761049538,1.5709940757127216,1.7335347889282244,4.600643051257409,27.01572189655877,16.62209900488896,-0.0,4.026481538274964,2.38234973459285,1.4944261835756447,1.7604248748569586,1.9615965595577889,1.30346895259852,2.077632349064287,1.9914740652123606,1.9224110678514803,1.9902254505462222,1.457839268536867,2.4087296580035984,1.4643273206989398,2.0100507696733567,1.7565664095361015,1.7790093421745585,2.122791306686493,1.2791090948616721,2.0338551325537133,2.356923350601819,2.3507389401480174,2.638926833887273,1.6991261201926726,3.601534417190913,28.74393386689471,3.7671453637272654,2.3972984148247267,2.65378799070342,22.85406888892915,9.406396230515023,11.568151050364671,4.164639012912168,3.157870999294351,2.7114236183385496,2.5913161888942735,1.8067740822670486,1.8103264320400252,1.4802306500669684,18.546003882397734,16.490017346145883,1.914444750158215,5.20587102545959,1.938570048258353,1.8821415971810616,2.659615392791761,2.516379356512395,1.8078030255243869,2.508060586553255,2.6705778685947203,2.4158917002444436,3.481287026404546,2.7256544750762566,2.2148158222006957,2.0995152912970143,2.1007086212227333,3.382251238408261,11.863573417963204,2.384133108984417,3.242840315480615,5.999218824918111,7.170632645376148,3.1105804947878863,2.187476018330495,2.1734688897520886,2.8518390700313323
8,7.11165721664145,3.098591561760379,3.07284157848825,3.0204115924738004,6.624651598153508,23.44693890024208,11.663924468562376,4.026481538274964,-0.0,3.4112465197285937,3.194320508867939,3.0716661503237197,2.4779512207680923,3.559770396498676,2.5830348736195763,3.670436512849775,3.1052841116215886,3.1665326583753814,3.3995458944789645,3.6757898138091654,2.5822934946213882,3.7393030094702904,2.767122426372061,2.208200191186156,3.284959176291171,3.3431892714362488,2.524183161999183,3.6558963033471756,3.5807058313709996,2.920453048763457,3.3143357199225365,5.04635888292683,28.003101276107675,3.868168512450511,3.985735509961191,3.435541497307604,41.81848057557717,24.877123526793575,33.25279655779429,3.2891388117184412,3.6760999214143992,4.261424760780166,3.467882746643825,3.8538133417602003,2.88205990981289,3.7507809778081076,18.185728411852455,23.47346869835756,2.145034914502899,5.960951871820368,3.647153813355252,3.9306777771020807,3.604300332630749,2.6728354042446125,3.0060282870614845,2.6146174909934707,2.223737303328459,2.991783841944299,4.608596103928673,2.774829685625053,2.218833101616145,2.9444759590354916,2.4447354448657097,2.2836944521071234,14.724179907956364,3.2355711773823885,5.265392545792439,6.203304646531322,7.846116773189458,2.546431390289632,2.3464686046521948,2.953441832559614,3.146182874048118
9,3.793349729396209,1.6036591455212026,2.4273838260122753,2.3450010556314305,2.6857176674334595,34.14915429483754,13.953612897890633,2.38234973459285,3.4112465197285937,-0.0,1.8382246619783231,2.4960844235994886,2.232456508755131,1.9730486020333704,1.5269877108664913,2.382728842062907,2.325295469345982,2.1763041529599176,1.8891633662867748,1.5068408964924036,2.2458933718409257,1.1288250861490925,2.4118545342335005,2.965894556352576,2.5896243510300008,2.6438829579572216,2.3787095254177975,2.931699519832216,3.403245128419501,3.831417895536539,2.064025405258515,3.932916210896895,19.841782926560466,5.058468722893609,3.422139740984977,2.5645617932931226,31.30358018870999,15.20048361069056,19.50173032250235,4.5379829787654105,1.887152207044723,3.2292046102577046,2.6176429832622983,2.781178105818794,1.5494373245034534,1.813576207988105,12.623324392275016,14.070368698736008,2.9646050245491096,4.826660772977977,2.2359793219587196,1.8977021157157612,3.787629373271464,2.329289962306759,1.6298890301250746,2.18956797407555,3.1555514694246156,3.210414906062319,4.16426967118656,3.1416764129537023,2.144369059184844,1.5117146478463614,1.9314822581931415,3.29451300856238,11.070627738999958,2.887763387616179,5.627906929608047,7.948250323993774,7.810926190779661,2.6489338827048146,2.8077255498314537,2.9999747403584194,2.1047173015785514
10,3.9916955633895213,1.1912021159655928,1.6237699920301576,1.820192267632624,4.2353353469164645,25.635590627448998,16.370325615227117,1.4944261835756447,3.194320508867939,1.8382246619783231,-0.0,1.6853645264545947,0.9388127419303218,1.5798057446710168,1.2632260624114728,1.658711748562735,1.8169017133993761,2.10333601401879,1.8677160381562952,1.3834257255504598,1.7958716713860579,1.4272240767596986,1.4309139103402435,1.7694342586682248,1.4121309220693539,1.241604205628072,1.3619384662779648,1.7599750176511588,2.9248534373442863,2.365498294125899,1.4722319980960108,3.6999113528363505,28.731746017039402,3.5784321532608834,3.41888349835456,2.246674567859368,23.362876183866547,9.409053384961952,11.871544386767185,4.052096806707795,2.2108496590930757,2.1950093797842523,1.8479736230369568,2.20629136914525,1.7558171800234383,1.830132025798936,18.836467609620698,16.386770608998642,2.4275370464718096,4.957581171629898,1.6756823574372488,1.5168397358365684,3.1510446657362334,1.87240719620343,1.5835625009296599,2.18042569024912,1.8172502578001954,2.6726272220250484,3.226639793745729,2.4514727025107272,2.1520018793102547,1.6033345404410893,1.6788052726276161,2.4545247675768103,12.689143713752047,1.1548072559996272,3.8725010716161656,5.736817869944387,7.116972498721767,2.7769781551258195,2.0512062751446574,2.061243286034411,2.6770620021199147
11,4.671174612683343,1.5360119120909403,1.4426437111703099,2.257781372241366,6.2741542115896065,31.726626323349414,23.53806894000726,1.7604248748569586,3.0716661503237197,2.4960844235994886,1.6853645264545947,-0.0,1.0087963660839296,1.8633893119427836,2.142460644088324,2.0466454369542184,1.3859704692785058,1.4968313331408272,2.0064327883251325,2.076325698837255,1.9829561623795176,1.6454302204476494,1.4634368022017952,2.133784595404913,2.4972048435065735,1.7086682960230013,2.1518713951206383,2.1041892892018685,3.0079844742014896,3.1678989269557265,1.8748625328820736,3.4714951120872866,31.664468799042023,4.378268412108843,3.001180045798131,2.4092075002031224,29.06627949934158,19.411687280508666,22.42884987245197,3.5267487734476863,2.88572552494545,2.3767053037588535,2.132047894325514,2.2848064202078366,1.9872866224686452,2.1452087315122257,14.221066066210193,21.224605523768084,2.882862847558846,3.8530381562761455,1.892888086209239,2.454845371403997,2.1090398679398223,2.3064374778354444,1.665921976155819,1.692320606660019,1.8825043222298095,2.903823648913267,2.861793757562725,2.170375775869975,2.2935752395264157,1.9181110187892685,1.769473455499679,2.1429554023784134,11.12163229599318,1.1805081062579899,4.021102927573157,5.939630249203959,6.825329593667127,2.297174198037944,1.0951254435572564,1.6633360538900457,1.6854713736528546
12,4.309710018953308,1.3869154319693993,1.5406830023326559,1.8786291333415073,5.210696450559565,21.125394290663518,18.181471421519234,1.9615965595577889,2.4779512207680923,2.232456508755131,0.9388127419303218,1.0087963660839296,-0.0,1.5245099212056115,1.5525323012368317,1.9194234801391092,1.5810941479362344,1.9911507486181648,2.2327076199114777,2.009863178589951,2.3118209489173855,1.424099534546504,1.0687201709832472,1.6955407128125943,1.847138420362744,1.1150835705382898,1.406727588124532,1.512288786974681,2.9383838480875446,2.0969263733039183,1.2596204057935658,3.647220013099063,26.96110482868353,3.08931275215754,4.174225967075961,2.3856040109161882,29.614724491301768,15.574552610155562,20.1641715057083,3.0165932217555804,2.57028285193815,1.8005341015458176,1.5017178103585425,1.5271032762019547,1.3827992949003267,1.5003091249486507,16.152672267896058,20.72671368513374,1.7990489815232362,4.43685563289166,1.6962281845048286,1.9228330872493673,3.033709352774332,2.053390992275921,1.7207311509593843,1.8174472538300073,1.6698825960844332,2.6219361286123775,3.2424156732290155,1.9432260201830578,2.2204266395724077,1.7628143919461041,1.4885777893893393,2.1438280539410677,11.773034580268398,1.3881986984478245,3.6729961052478353,4.967844060294985,6.77411634821762,2.55057716523538,1.5277753003221675,1.6531073667377474,1.9877627671791231
13,4.1388656432013775,1.7353022797835025,1.9552335772705167,2.2690991152991487,4.690171980163031,37.60714589225726,16.967507166858336,1.30346895259852,3.559770396498676,1.9730486020333704,1.5798057446710168,1.8633893119427836,1.5245099212056115,-0.0,1.2452323754463046,1.46488142513978,1.5828568027879182,1.3767380039843145,0.9429011273176682,1.644867963826311,1.5316940932877772,1.1384194917232477,1.6431643995480372,1.8119461399490282,1.96835945410476,1.3884095381390646,1.3624052219436042,1.525302275028258,2.8818950699193095,2.935911036259181,1.3124413009306648,3.9239576648056724,26.55007215223226,3.3855461740600825,2.5065453478130633,2.24264394490376,23.78988932335768,9.115670873147286,11.364015117382944,3.153871954041701,2.157106475822457,2.1417707229365117,1.9598134439278032,2.0585368045522023,1.1593226313261964,1.3235790953889877,14.13042865700489,22.225547835429303,2.4195168688549287,4.523610682211187,2.5648153171443564,2.315710729438646,2.9114967847767868,1.716683334765326,0.9937747986036458,2.25606684859798,2.1266134935180663,2.4546871579950036,2.7124004427866546,2.81194239467998,1.935031764353709,1.0864175510693688,2.0546023123601653,2.4115604548910436,10.33241529303934,2.3511633585649343,3.6110442462320935,6.999433137248027,7.887951589583812,2.9536508462497206,2.4347493033986383,2.693304854873265,2.9441695052131833
14,4.969382144606843,1.4068425293437719,2.4627181865354975,2.632144888064969,4.694310677115892,26.83762813613293,16.75328524385577,2.077632349064287,2.5830348736195763,1.5269877108664913,1.2632260624114728,2.142460644088324,1.5525323012368317,1.2452323754463046,-0.0,1.7044835041039843,1.5290317119746708,1.7421239981991106,1.6361131427954003,1.1096606327759704,1.216431588826777,1.338525922168027,1.5160867413434476,1.4554844331105776,1.2706587928267117,1.316915995414239,1.3828418466158803,1.670330705835904,2.9515465033783217,2.249970466980452,1.0444803663734887,3.3627285727462723,27.63596514431822,2.703011017785924,2.503706952415487,1.5418057743762856,24.82643094908831,9.772826027953913,12.315139696927528,3.160761763055286,1.4366626447585051,2.929241955036287,2.4180941514328405,2.4404654114513065,1.032650428545625,1.9946997591564475,16.79625720970132,15.642025274497868,2.4246645713201667,4.508447334717184,2.72213869401716,2.670273476933419,3.2545156706003167,1.1152532403187083,1.1345124623433132,1.58737832390499,1.6114922822345945,2.1734618043686322,2.5648696940149884,2.0745244840609374,1.572880363291629,1.0861585330049397,1.241281251174027,2.3074901504409486,12.505090802951553,1.9843012149227301,4.279958687516182,5.28037670264895,6.595848129383734,1.9882820981311016,2.129082065327605,2.0743461916030457,1.9905271789748085
15,4.117701731782971,1.9431902697085093,2.2227394982428814,2.108006069052005,4.83825558474243,32.640139044766016,15.549193811940912,1.9914740652123606,3.670436512849775,2.382728842062907,1.658711748562735,2.0466454369542184,1.9194234801391092,1.46488142513978,1.7044835041039843,-0.0,1.7540928647704095,2.495135878545853,1.340761072513254,1.8887369121246402,1.3814801506417649,2.4372550699994404,1.1651221116267343,1.5376835879455095,1.1314812430213392,1.4475864149967324,0.8807761796465736,1.1394125857539212,1.8207598451518285,2.387728626880995,1.1064345740437511,1.5669558171514575,25.678400563766782,3.0559157465844775,2.269156334737073,1.8353773616873563,21.999817316779133,9.046186949106383,11.57881186875795,2.613928159680744,2.4912586866717907,2.3620244811656685,2.405507829042961,1.2006219487351613,1.5966063849497947,1.6696896249042834,16.37003220459629,18.510567056986712,2.1437915250661415,3.817104430109654,2.6240190810547013,2.6630573645113818,2.69087892666372,2.2078855398455546,1.502836289000685,1.7490922851894866,2.231717395840226,1.6193146238949232,2.8679542712471937,2.0693306159104963,1.9604845865324676,1.1371017508185768,1.6763309377989168,2.2345947824954115,12.42864304364084,2.213139606541677,3.257126103770497,5.81762743078757,5.664086197534332,2.0898977214682124,2.0944759850472443,1.8426277047579298,2.4469444216313962
16,5.204054521062,1.4921570579173549,1.9058423313426718,2.7303428110721177,6.349856450433806,29.24005874983527,19.980240716375604,1.9224110678514803,3.1052841116215886,2.325295469345982,1.8169017133993761,1.3859704692785058,1.5810941479362344,1.5828568027879182,1.5290317119746708,1.7540928647704095,-0.0,1.5949959918483116,1.5069563187104331,1.744079541718086,1.5979687706231105,1.400480496815893,1.6100933190511617,1.8899080201598668,2.2202285015476173,1.6509779483983347,2.001626591744733,1.9420029978117002,2.904354016944245,3.1377319074525283,1.4324170183190592,3.130622684510838,27.062203668291566,3.6092194206863475,2.4181362901380665,2.0175825285912103,31.478879701535135,17.353882231779636,22.291929387242114,3.1864381975349896,1.612208590330206,2.57195327064095,2.1618145002488878,2.068346114922368,1.381563194936924,1.7897107670754415,13.257445112832727,18.686260496310346,2.857035952972844,3.446922972967721,2.1828668133162137,2.559397674080209,1.9882113679998625,1.9285733377730003,1.2183574420254637,1.3667383650482317,1.6909740388783503,2.621996485498523,2.5337674578778886,2.342398006239464,1.970502478527647,1.3859580858201184,1.7880364769355337,1.9594865023122972,9.220384118685221,1.669102351261831,4.376505530834397,5.608640190004194,6.415024057953724,1.8307530079451153,1.1356007213702004,1.8073039781180262,1.2452375373324236
17,4.318046286368222,2.6100069536906836,2.8043557955189042,2.4444650689017697,5.355577610506389,38.417662518481904,17.741041983339663,1.9902254505462222,3.1665326583753814,2.1763041529599176,2.10333601401879,1.4968313331408272,1.9911507486181648,1.3767380039843145,1.7421239981991106,2.495135878545853,1.5949959918483116,-0.0,2.3125606895360518,2.0005779863121727,2.558497458439748,1.777234022786454,2.6777642967597073,1.88842113465616,2.215968968889851,1.7856453063494517,2.490465642947285,2.0183524850457655,2.7105225531842616,2.6270361040173418,1.7380216503030932,3.9766310627502905,31.110329796927907,3.627996481182325,2.221471054822573,2.873344727973625,26.801245275619543,9.998715367348083,12.536500375418012,3.818666957154618,2.854662215876578,2.3920269972331187,2.151340027523087,2.507438422823549,2.1884474967938936,1.947640877135983,18.54737048141134,17.506125569431237,2.4978884929333205,4.334768296966089,3.4141966771948153,1.932033317834745,2.1804805248607817,1.8396801011686903,1.3539795478022139,2.1826508904644153,2.447535698450804,2.486277623428202,2.8409811832048155,1.9717628585467921,1.8533368299953166,1.512526641474455,1.7081779319511237,2.4015245716495457,12.003223068786822,1.7368164723908175,3.9918429655063283,5.366138953430872,7.135243416779257,2.3992119203083178,1.498018866370104,1.7903982249660388,1.836159387000948
18,4.421287485765589,2.0036636674450343,2.288632888573207,2.036515529220032,4.572066609855494,19.812946392465005,16.618286203966598,1.457839268536867,3.3995458944789645,1.8891633662867748,1.8677160381562952,2.0064327883251325,2.2327076199114777,0.9429011273176682,1.6361131427954003,1.340761072513254,1.5069563187104331,2.3125606895360518,-0.0,2.1528532226732637,1.0045413006111061,1.2445738776748811,2.2969071920877115,1.7444576937687788,2.253074455099802,1.3439345628681132,1.325962510090723,2.471142173788309,1.8143070073826821,2.8803567710112756,1.5343444401149822,2.920765495888632,23.892600159034497,3.7225758472042245,1.9559090514592328,1.9073790573099907,28.26984234746247,14.34056958426058,18.778007395224805,2.8780401821278665,2.4667046846216363,2.210737964340656,2.4710334263219593,1.7115990129080052,1.5821914101425605,1.6958316325396083,13.97166978176209,15.865012400671421,2.0227592414377993,4.49135314161644,2.493783111570581,2.330690073507971,2.385072040490585,2.1959052281984985,1.430615025388959,1.636341666694289,2.3057139750458475,1.8978543617889176,3.5856112703617975,1.9988727605595311,1.5280175419272715,1.4594558955980632,1.619730018293742,2.1457195324853893,10.137434703518228,2.555344097243594,3.566031187683795,5.194043287132567,5.905780930919286,2.454729563509105,2.0685899025650882,1.899045848307169,2.230554131255174
19,4.087144404860238,1.769305360798857,2.601179356251572,2.7161902194848215,4.738047872746403,34.45028577150366,16.36098768476955,2.4087296580035984,3.6757898138091654,1.5068408964924036,1.3834257255504598,2.076325698837255,2.009863178589951,1.644867963826311,1.1096606327759704,1.8887369121246402,1.744079541718086,2.0005779863121727,2.1528532226732637,-0.0,1.8096183872484524,1.6327071419334922,1.9190079168262195,2.003067210271671,1.2067817512080832,1.9255766327616266,2.1813441410652055,2.104515242268756,3.2413835702916,2.6191844287953807,1.7455210183240804,3.7998044516760454,25.936425576949347,4.124748625713796,3.1445902180080343,2.120937843515971,23.990543386073924,9.847482650111816,12.30009126542201,4.214027334932744,2.034900728450759,3.366396189297083,2.8640627603139492,2.9770571245082356,2.103054251301789,2.4600375385983186,14.234087703573477,21.134846682508797,3.4920387225697995,3.6008375074203522,2.6421911450308193,2.2831283378314553,3.4756824965157067,1.2421367579073626,1.6039514140083644,2.2456372108168923,1.5961154365532695,3.2029739976451803,2.438892954580837,2.8260421018875985,1.8091957710518198,0.8725495700091138,1.645624577018919,2.7720293167914414,11.556719250078851,2.235217114785986,5.3613419771182835,6.2672837542857,6.353136540651506,2.8071228971073166,2.4994160753773444,2.4265789366067785,2.3759475028793235
20,4.803008982135571,2.224975320747727,1.9607556602763885,2.004158995270927,3.7457274225227097,20.204833320699635,16.117133839056994,1.4643273206989398,2.5822934946213882,2.2458933718409257,1.7958716713860579,1.9829561623795176,2.3118209489173855,1.5316940932877772,1.216431588826777,1.3814801506417649,1.5979687706231105,2.558497458439748,1.0045413006111061,1.8096183872484524,-0.0,1.190895795655647,2.110470780010961,1.0518172424333656,1.6229438377791907,1.4607140895501094,1.1885856533804027,2.273734713953949,1.9302364590558436,1.912861436821274,1.4758794034251235,3.051263292790236,15.158223269433346,2.9862244768856763,2.1389892491606677,2.0395533075134082,35.266874901453235,19.735142164778345,25.705875934061364,2.858600621545493,2.2646477454889857,2.518283956155395,2.6000665317206724,1.6332285192812868,1.5738324493914075,1.9006907755706135,11.050475743141593,22.349406675693587,2.1258987722035596,4.277367516882597,2.2084688708998446,2.3230681956280694,2.914141343599551,1.9740716238678324,1.6345002825808577,1.0880985919449415,1.9912519109779898,2.028305084609267,3.1782401513032426,2.076326951717425,1.769769081234401,1.5086447214978118,1.4277791044903225,2.050448459589975,11.002589191205395,1.7242576239454261,3.19285815178984,5.765435648135316,5.975635288304555,1.6861734870159009,2.054268516278251,1.8799947709711935,1.7064008162587994
21,3.6446970427349803,1.149633893132876,1.880758660821638,2.0418467427065665,4.1371907144897015,25.72085600350531,17.095995360308372,2.0100507696733567,3.7393030094702904,1.1288250861490925,1.4272240767596986,1.6454302204476494,1.424099534546504,1.1384194917232477,1.338525922168027,2.4372550699994404,1.400480496815893,1.777234022786454,1.2445738776748811,1.6327071419334922,1.190895795655647,-0.0,2.1806938366460265,1.979150524528449,2.3405027469984274,1.6963514538958109,1.4165191437614444,2.1429659279952653,2.832096222824902,2.6891817152865056,1.6910134310605036,4.778790180594307,24.36312591077148,3.9594622477407277,2.772867816182184,2.567082132543912,29.53241325261916,14.21709274201478,18.39409332570954,3.9899842454306897,1.985309742200496,2.2358383722888178,1.9350235289827602,2.164204120195925,1.2396536157829074,1.5608284372355978,12.533429948797945,17.666946059319468,2.506373164902063,5.086848532624026,1.9477908211821393,1.8672402079563966,3.2884147712232314,1.7280371430217605,1.400438791423368,1.886059943504859,2.20208436868481,2.8650250853951147,3.50514174026909,2.5152610641876367,1.901851980082499,1.6009959904014637,1.8599510559820784,2.369294043479878,10.03711639803193,1.7662660956660203,4.123896431147268,6.06851791014499,8.067996331990383,2.4001493482473584,1.9604096314929196,2.4642165897008086,2.142711362334361
22,4.347059331293797,1.5527361294489497,1.383039676878712,1.7063053428324164,5.274690487743702,21.648174122651913,17.834232658179012,1.7565664095361015,2.767122426372061,2.4118545342335005,1.4309139103402435,1.4634368022017952,1.0687201709832472,1.6431643995480372,1.5160867413434476,1.1651221116267343,1.6100933190511617,2.6777642967597073,2.2969071920877115,1.9190079168262195,2.110470780010961,2.1806938366460265,-0.0,1.3241764637802453,1.3915655025082443,1.2346323337929395,1.1129522783087022,1.0619510197705775,2.025636877574008,2.119651190300943,1.1581728445800115,2.1151197437580986,25.396482910782357,2.809546668993218,4.076155964622865,2.1531818260760467,28.152360751484814,15.001663697378536,19.422052765816616,2.8270179306006007,2.3712576783292576,1.9178132969795096,1.6456426891496383,1.2763419117624388,1.3937807375019085,1.3617994549328698,15.21654283931955,18.586242186843194,1.831789016689373,3.9416201455080015,2.2373970953595754,2.4930824280838104,2.868633202508974,2.373885528050395,1.9575872612937046,1.7343033492772857,1.9483374074005584,2.410587163353321,2.978800168132381,2.085576753021373,2.212357292072965,1.8556965824924592,1.8454427149088244,2.1320976272802556,10.868699915270147,1.9587726240831764,3.3596038423224397,4.731130868656387,5.46049844022039,1.8665650542024672,1.3790131373804637,1.349271287264801,2.065115415870708
23,5.4531168993043195,2.3000846667184423,1.890186841779685,2.0829929197128845,3.8407538462397603,30.83606551827899,15.167990160087966,1.7790093421745585,2.208200191186156,2.965894556352576,1.7694342586682248,2.133784595404913,1.6955407128125943,1.8119461399490282,1.4554844331105776,1.5376835879455095,1.8899080201598668,1.88842113465616,1.7444576937687788,2.003067210271671,1.0518172424333656,1.979150524528449,1.3241764637802453,-0.0,1.442725165926919,1.403163176901131,1.1511997287219435,1.3390836243672555,1.5230187478899673,1.4354694836147321,1.2228049467370794,3.4023648558395956,14.704920601407778,2.934065460856553,2.551690460488245,2.5240345439971335,36.527740857718555,19.703766919856083,25.58339232973398,3.16393452806532,2.648677205056951,2.6121437363162916,2.290265604751197,1.5396627474063598,1.9172092874711082,2.097363304947641,8.626325785471787,30.01169009048323,1.989092180587946,3.3078782505145936,2.1988588589237517,2.283117904324961,2.5897517392210294,2.0831571482335423,1.7883998590711987,1.4073291672046666,2.0911448652766214,2.228598072333507,3.0893206577425216,1.783603855406842,1.7945321943415686,1.5842726032120962,1.4401956976946533,2.091842315641544,11.421697773418128,2.1329319260484465,3.675098859842741,5.900861439365065,5.704071140552021,1.5992747595696923,1.826835845144076,1.605641263385212,1.4600321891481498
24,5.333069430972523,2.497193861795717,2.708548087883374,2.5172889071703204,4.2538523633084555,29.637693420372514,14.901752034126975,2.122791306686493,3.284959176291171,2.5896243510300008,1.4121309220693539,2.4972048435065735,1.847138420362744,1.96835945410476,1.2706587928267117,1.1314812430213392,2.2202285015476173,2.215968968889851,2.253074455099802,1.2067817512080832,1.6229438377791907,2.3405027469984274,1.3915655025082443,1.442725165926919,-0.0,1.6176338329499198,1.3522789945995513,1.2407574078072514,2.7595540085973616,1.6903836594951063,1.3395895312712949,2.585258459591795,24.862218975330578,2.88847218467231,2.7006740273215275,2.0411552764442904,22.961234183714502,9.27485141843742,11.841357003924774,3.493599992663793,2.5430178703894284,3.0369466091351622,2.6204191592540877,2.404985780768486,1.9522418224028404,2.353271859628213,16.654723457450316,21.358629499034354,2.632993175713653,3.546888538979212,3.2693643670946373,2.7547028750173945,3.3944536192653483,1.7534779636532891,2.06847353048839,2.03394598241082,2.1808021333133505,2.406520658652727,2.6984295327370402,2.1269417764014706,1.9786352962108271,1.32876377209615,1.5685809239303166,2.591149629377132,12.862602418530424,1.8564971932778673,4.102493015393191,5.36261951446437,5.377354633839885,2.2333170676963396,2.4439258027035393,2.110970257731078,2.3673505222005393
25,5.056861598387222,1.610884582036363,1.7715933180729593,2.230196064292159,5.304413663839731,29.292559452650305,17.70332896037424,1.2791090948616721,3.3431892714362488,2.6438829579572216,1.241604205628072,1.7086682960230013,1.1150835705382898,1.3884095381390646,1.316915995414239,1.4475864149967324,1.6509779483983347,1.7856453063494517,1.3439345628681132,1.9255766327616266,1.4607140895501094,1.6963514538958109,1.2346323337929395,1.403163176901131,1.6176338329499198,-0.0,1.6161366797111167,1.4379373089966008,2.462622424338934,2.3127924319084827,0.8771656154924121,3.5617379899265815,30.21778930763475,3.169225996149337,2.462763031478468,1.8610892978358626,24.58585644744832,10.038334041662972,12.352072959920246,3.1343496960481203,2.287156224620993,2.286862655056886,2.074413769385021,1.8813276599167128,1.700983385230868,2.2657339242691403,19.928102101821324,19.43104605346634,2.638899838354564,4.4308834458368,2.1720158191483465,2.2777093858089787,2.26282620640861,1.679612004499091,1.2954277790320312,1.6785397804503204,1.6440328605245582,2.10610349404736,2.6269919074077923,1.7342696894765615,1.968368790372845,1.2931310358961607,1.248800854095098,1.9250490861641234,14.05731396538446,1.741183398151854,3.729159423572959,5.475324982463107,6.569517656742211,2.295084140434014,1.8354462829181173,1.5063641020933298,1.9866025501349391
26,4.370240712895532,1.8953274815220869,1.556592568627572,1.6149293049156357,3.1758306058133354,24.456914288880313,14.60413999043238,2.0338551325537133,2.524183161999183,2.3787095254177975,1.3619384662779648,2.1518713951206383,1.406727588124532,1.3624052219436042,1.3828418466158803,0.8807761796465736,2.001626591744733,2.490465642947285,1.325962510090723,2.1813441410652055,1.1885856533804027,1.4165191437614444,1.1129522783087022,1.1511997287219435,1.3522789945995513,1.6161366797111167,-0.0,1.0825015890502725,1.544042982688732,1.5792883069478,1.4176007043820646,2.765398556270752,14.347039539402298,2.92480054125763,3.0712615973215875,2.4784770892628685,34.13832626027208,18.649670495359825,24.50105741252422,2.652531859927252,2.0931838063220645,1.8503442528830814,1.4781042427718865,0.9683112148895512,1.0527050498637016,1.13953831846471,9.000622427307917,23.95987296984941,1.4252846551894667,3.6375823838973727,1.8183357372866507,2.019916240294423,3.1556451527302256,2.4353406895007255,1.825462317366327,1.2331912971104932,2.481714774530208,1.9632392047189355,3.576619454211183,2.0857510174557627,2.037502946422919,1.5218042174440263,1.711014592135821,1.9606434573570155,10.128109136840168,1.842703853141297,2.5756612818852656,6.175192796918525,5.826445806004132,1.391341372679488,2.0812896027309438,2.0982897776401415,1.940234751540901
27,4.362594335559029,2.242681064158399,1.9428604627897772,2.027640390422236,4.78522738358325,38.58660362842806,16.291641742687116,2.356923350601819,3.6558963033471756,2.931699519832216,1.7599750176511588,2.1041892892018685,1.512288786974681,1.525302275028258,1.670330705835904,1.1394125857539212,1.9420029978117002,2.0183524850457655,2.471142173788309,2.104515242268756,2.273734713953949,2.1429659279952653,1.0619510197705775,1.3390836243672555,1.2407574078072514,1.4379373089966008,1.0825015890502725,-0.0,1.7988732822341456,1.96652424954728,1.1878378928434432,2.3399718147168995,26.284783235055357,2.8095693238482085,3.872931675901747,2.2491461992477784,24.70254914724825,9.276134590621817,11.797756672004219,2.6226892043349226,2.470685058221394,1.7162729993623458,1.6342845207065664,1.3529102230296233,1.644471883267984,1.7107759450608355,14.600871250322124,23.594870167052594,1.8542677165691694,3.268596208100818,2.7265163205248415,2.4821357367190875,3.2164171562259254,2.0808383961233656,1.7506655072363368,1.9012401107833254,2.2448227736214226,2.2921133480638827,2.511068350525247,2.2021262043598213,2.319947027280734,1.7480341547635374,2.077503581201468,2.2963028476753085,11.270131547917206,2.069098212761698,2.99763131827532,5.592520043831485,6.079911950907613,1.84561578772596,1.7135308246178256,1.8120075607821264,2.459019020953123
28,5.850035703947805,2.4743410089064146,2.2040519927929787,1.7363984680554805,5.400308104283983,21.746994268348875,10.863810361512618,2.3507389401480174,3.5807058313709996,3.403245128419501,2.9248534373442863,3.0079844742014896,2.9383838480875446,2.8818950699193095,2.9515465033783217,1.8207598451518285,2.904354016944245,2.7105225531842616,1.8143070073826821,3.2413835702916,1.9302364590558436,2.832096222824902,2.025636877574008,1.5230187478899673,2.7595540085973616,2.462622424338934,1.544042982688732,1.7988732822341456,-0.0,1.9727607518267405,2.3113575316533463,2.362578594104537,23.95208545161378,3.4279276870959876,2.792375744664653,2.664806967393515,40.31972463568724,23.69377868292305,31.476143167924047,2.754882784934521,2.668566903882026,2.011449142243891,2.6084170871539483,1.0653469064062537,2.639225706503919,2.889076049012534,15.769853464054052,23.260951724702977,1.3642143898549144,4.086723547465254,2.685368660578603,2.7682077278513035,1.9921823762986821,2.8570409046966296,1.9559936730267509,1.6858745300692473,2.5709636434892436,1.393832273379887,4.1712163759381475,1.8661471129396008,1.9447328095785497,2.1425193009412595,2.1698097193219525,1.724150191656734,12.016224739482576,3.021404565166001,2.3590710640316317,5.3131113932644976,5.447689287317594,1.656542685322596,2.0609606362056163,1.577616336121908,2.318572885434365
