,0,1,2,3,4,5,6,7,8,9,10,11,12,13,14,15,16,17,18,19,20,21,22,23,24,25,26,27,28,29,30,31,32,33,34,35,36,37,38,39,40,41,42,43,44,45,46,47,48,49,50,51,52,53,54,55,56,57
0,-0.0,7.86540671009373,46.22286710243102,7.673662899323855,10.657635253842912,10.199338525239563,8.78003519155966,15.464501916671056,16.901037141952727,10.645340965394073,11.660464156627363,16.471148531707925,40.68827172529948,7.279154348349814,10.96093090746748,13.105658285668705,9.944752334911826,8.760162411336523,8.83680959050813,8.658452120220163,7.8412875428166675,8.086129216638732,8.31290300398974,7.761451515581806,8.848347899140762,11.309710946378958,9.17259570518991,6.55430971773812,7.7180099461376495,8.056455653979993,8.789821328847696,6.226154806108864,5.024756939578037,7.613732268967838,3.642409365082729,6.607127222641218,11.448401705563981,9.663889727268117,8.873718740929483,11.450811081615658,11.153629388353409,5.265870501608417,11.91234757457377,6.253544751156491,25.69675042923454,25.49423823337218,14.02293407684909,9.900517826303316,9.298368160280386,10.97769932454242,9.31031959785617,9.038198919941516,12.549929596607722,7.138825350268029,9.092050276422034,30.669418015827034,5.404015609608742,3.4084659416579113
1,7.86540671009373,-0.0,25.8540677433492,2.410502537461071,7.302175113010462,2.3143159912006315,10.851414179599283,7.502487376934292,4.717925821137235,4.295027244454924,10.133208438360693,17.098364766450395,33.49691981322273,7.204229789837141,9.466318425283662,11.767333242148931,9.651502799039244,8.443592473864564,6.586819347319089,7.062923143321054,5.711127476298403,6.395847651845688,6.928616626938643,6.312075670924625,5.177165082287546,8.549867128168595,11.213880584581396,4.056229242181483,7.9163670662400065,7.159033755397073,7.9000592334257345,7.425063229798732,2.3379331786007516,2.087440876882682,3.327522510649573,3.273799627353873,2.5301164414450312,2.492301017238235,2.652018843366244,9.98427218523348,4.115164303990917,4.722108951503686,5.270595321684786,9.25333585449866,35.49762746054154,22.202137472160025,5.016403764570509,6.454881722376084,8.605717331814246,8.767288223819431,7.154465850831711,7.248336492422392,6.103203594278201,5.899317108130693,4.507277090931988,29.618361486908153,3.585270033167309,8.420024540003862
2,46.22286710243102,25.8540677433492,-0.0,22.89503735817201,23.37124463924917,17.237189034114515,12.87218354545961,18.450305673659567,26.74109879995201,32.59903441430117,32.05332838178813,26.74293665965169,43.21656779936549,31.227438626760957,20.756914255505258,22.067684376460715,18.310553205677575,28.46383047305799,15.651620082362102,17.99627152985532,18.637396250127317,20.944761457809996,17.719807722102775,21.827853647464796,22.018283232088372,22.445344873820563,26.647936499776822,22.50630712458224,24.93380445793375,19.95190640771402,14.696642032412155,27.484603249591895,28.78837583151743,27.998515155985913,34.48687253918376,19.71721750084908,30.856747985024153,28.20526076601984,24.701183719026485,28.148556727068094,27.988400849303595,39.4072010951004,30.693407535932906,29.915186114769007,45.320822566287326,39.19208993134818,22.53218055959279,32.6404438780775,20.865292758474737,19.998912924445097,25.3804950121251,24.89086200588808,33.77857669669187,46.6774715565403,31.644951067061005,22.859406999652006,37.63134810416095,34.9329617396534
3,7.673662899323855,2.410502537461071,22.89503735817201,-0.0,9.466323054031948,3.2272639873763582,10.173244473142713,6.4012964124898755,3.116999678847664,4.753660516201692,10.18498227980526,19.316066297500008,41.14338134744759,8.287195974780811,10.57536628064032,12.674838738114763,10.22776377298399,9.62554561550748,7.959170070458064,7.676977260246412,7.03488885528884,7.399347130189086,8.042885669010438,7.436823160773124,6.627920843405996,10.541025892763022,11.03600781812577,5.345347714545773,9.021031965051503,8.524340058842748,8.055246124019792,8.438914417867593,3.153813469564438,3.3672072639396107,4.243927389121763,4.069398518947295,3.830234570781797,1.86323125347315,4.227725007332378,9.829902294152614,5.215636444989556,2.6285638283989017,3.6276732394075464,8.099243975150957,32.174133347460455,20.916511407420497,5.16204430890135,6.086686654682139,9.53494977168263,9.58648474626173,8.621260980222816,8.301124896865124,6.456103816565852,7.726616816211548,7.807690019679027,26.607788325154125,1.520316266166007,8.041094385721637
4,10.657635253842912,7.302175113010462,23.37124463924917,9.466323054031948,-0.0,5.841824768438074,9.39182131377863,8.677415697741786,10.864716890367045,3.755999624955675,14.352810273442756,17.597047612918598,42.10582935710878,7.633103995765934,8.521519576093164,10.790295462877506,9.034057233310206,9.591476677901273,8.1875044177992,7.683511924495762,6.70576192193681,8.824334450769532,7.765927032263197,7.309616948277681,6.187054534235798,7.583026876336453,12.46738141503316,6.481612995967559,7.227934410570844,6.178368615002769,8.387098527965204,10.836683241913557,5.497179660402812,5.110568826259956,6.090191501087188,6.924456117470618,6.781607782394568,6.49193982127275,4.2869365275947215,11.802853563404787,13.839004251751646,8.634333569536267,7.879319151443361,11.89445457611298,31.125523064813954,25.090694581186117,14.936127341577437,14.050327193634725,9.79560305058776,10.31489131763242,10.423607564876244,10.149872413240463,8.138435506515957,3.054143594941604,8.760431970778892,30.852717233672024,7.497113913820496,13.494202304257218
5,10.199338525239563,2.3143159912006315,17.237189034114515,3.2272639873763582,5.841824768438074,-0.0,9.496626208746898,3.0902603823361523,5.056392504218059,4.039950929053552,9.636792108174335,16.592936394919526,40.78295058859643,7.526876517725075,8.131000690912458,9.338260341515271,8.702944883350284,8.281561939851397,6.840465716184415,6.395691313094606,6.100171608615444,5.879814453855504,6.731964753586651,5.676064052334064,5.118380225760939,9.443391241225978,9.776778058586999,3.8624413195081915,6.801553391745698,6.789704676146045,8.454237933988143,7.8436899939359614,2.58402449819592,1.9715118037725854,3.3046003469590493,3.871978936949828,3.432984850100471,3.394555693178104,2.9272053090530856,5.104318632530919,4.594761713745896,5.789160649253811,5.047208267903859,9.417211982813017,35.0835758933857,25.552658099720897,5.5679420568082625,6.633346523025159,8.294953806429053,8.154162587725962,7.655199682341665,7.755387169407922,8.09183295173712,5.053937185991,3.8178371778804165,20.847668528176108,4.471463661617139,9.785593060372726
6,8.78003519155966,10.851414179599283,12.87218354545961,10.173244473142713,9.39182131377863,9.496626208746898,-0.0,12.252538036896148,17.093509907796356,12.717205788163968,14.872263347508742,9.677862903852823,32.128312431123035,6.497362018865668,6.843551925836237,9.790208273627504,6.290354375473202,7.891958882129274,6.192980542110845,5.96155686238284,6.085035804294928,5.91178618338455,7.3649924907895175,6.365124988724156,6.6345537501295935,8.55820727478157,8.54726111845362,5.937723280057297,5.821813145605903,4.698166718448427,6.267094159862673,4.936466020349045,8.651485085837585,9.195369646464949,6.9269011175294875,7.352011007199774,14.946615110491985,11.351339744027587,8.825939482834904,7.839140383148374,14.191633707306554,12.274018993164637,14.350180178986324,13.249150056494697,22.640284956132422,26.721104031440596,12.797048809492722,15.180092491384912,8.253282328018296,9.18910511436108,10.505804024507917,9.718490368835717,15.866791760235284,12.179440777780167,11.776970891424723,16.027575582383935,10.905118113876078,9.1526075959035
7,15.464501916671056,7.502487376934292,18.450305673659567,6.4012964124898755,8.677415697741786,3.0902603823361523,12.252538036896148,-0.0,6.100073332030434,6.370809627312829,13.723319085925262,20.052027586196964,42.759623341155326,10.13795525574149,10.0378702304839,11.90540983997648,10.881674713606678,11.276005636624689,8.907104926958867,8.596091900416608,8.349259870379775,9.077076608978732,8.044720644041297,7.073133277617395,6.9091180555338525,11.033447728851478,13.374264241530975,6.673337668940908,9.292709310834269,9.338637414824081,10.441114175323829,10.570864699408759,6.421731171425941,4.6661137320556625,6.10331342815668,6.984153420191386,7.653627238516025,7.35406701495951,8.551387406822938,6.655979258276279,9.78500349873118,7.44312847207113,3.8113144106953736,11.91289257310952,38.976964818608835,22.08091417892138,10.07867180272598,8.772741079329142,9.097072696878682,8.308979309126746,8.819455576557722,8.676782210091936,8.759461491510386,6.97720525669749,6.6279476007321785,22.39477487819944,6.7985540603274925,15.348840542043659
8,16.901037141952727,4.717925821137235,26.74109879995201,3.116999678847664,10.864716890367045,5.056392504218059,17.093509907796356,6.100073332030434,-0.0,5.886804677219193,13.835025555884112,20.52507617552788,40.07300212460443,13.992240267747777,12.688556217765898,14.873455943500211,14.429469208035806,14.41461308109997,11.898138189024056,11.409148338459184,11.054919526344905,11.501429758553224,11.36592790541809,10.270095952932133,9.242874237447335,13.753147766885387,18.959568374695113,9.06641845005344,13.339119528352123,12.924662401463666,14.512409329019404,14.799295796829364,7.0433314614384335,5.665572422883161,9.565773283526518,6.639130289533458,4.064383155534734,4.134922573389667,6.6578324516124665,10.712587579092535,6.790177653187147,4.158124101409752,2.709658938044882,16.498354843871407,43.61120928365842,21.935342123914907,6.359724149030187,7.608197265533086,12.15787232846771,11.220461119897768,10.530003177090673,10.387551682386231,7.696516863353307,9.959790723045419,8.589381628439883,25.140351998406867,3.0161723349105505,17.294619153669515
9,10.645340965394073,4.295027244454924,32.59903441430117,4.753660516201692,3.755999624955675,4.039950929053552,12.717205788163968,6.370809627312829,5.886804677219193,-0.0,12.059287044212931,17.874100826912848,40.9632036295055,9.883965245015569,10.190438471496893,11.757651359105848,11.025637122932562,10.765356721072827,10.016893577615864,8.853823192406969,8.343306112264685,8.259971903323642,9.962315144544037,7.956512341385207,7.0021715919771434,11.683657986898508,14.957017361535852,6.222162805802361,9.01716888446344,8.242454266325804,12.941665685539238,10.099162415371447,4.671980606899743,4.190082448946575,5.562013884362355,5.463472650115876,4.182009492988961,3.4586165778734665,3.6161531231670714,9.568530104223669,8.005072748024274,5.31671624958615,4.787305830819102,14.511659940474802,34.66205957072528,23.03804976209903,8.818820805816525,10.79705842851463,10.504533097223414,10.334937919450375,9.947868567787266,9.63000229683837,7.536613031631739,3.9568904671150062,7.624032801530794,27.713931723148495,3.623905282870076,12.442028947124875
10,11.660464156627363,10.133208438360693,32.05332838178813,10.18498227980526,14.352810273442756,9.636792108174335,14.872263347508742,13.723319085925262,13.835025555884112,12.059287044212931,-0.0,29.78140506643368,23.002313849429033,9.190636073050005,11.071289827818925,13.74706698974079,11.927750479804775,10.832605388828414,9.307841504808419,8.195534363774527,8.409558794402823,8.083636417039216,9.254849746444176,10.208904361257305,8.94505582753978,11.164380903765485,10.774292927507846,9.321437598127513,9.204265587592733,11.439063236730284,10.975782725711705,14.144598706343324,8.883252866519532,10.23932121758928,10.777687018083425,7.503230335552521,11.998525030304975,8.863022473495912,11.306879388613293,13.151877187313035,6.6322448314255515,14.687037028698395,14.340843094666582,14.309349960173302,31.937941490692545,24.135354101513155,16.944201456584686,5.323588725075534,9.726420240907032,9.532206736254947,9.015897737991747,8.124678486905957,15.196506705508154,15.625088477873115,14.714432138583026,38.96423211514809,10.41678699632137,9.556652880636008
11,16.471148531707925,17.098364766450395,26.74293665965169,19.316066297500008,17.597047612918598,16.592936394919526,9.677862903852823,20.052027586196964,20.52507617552788,17.874100826912848,29.78140506643368,-0.0,31.97271940238576,9.93323881639943,8.734062404969164,8.811141653852296,7.290478727066803,7.639353813598725,10.681723068906082,9.037297475800381,11.711718278981278,8.735050834056455,15.64577689879885,8.555648342257514,9.322670346110234,11.713189353954299,16.06540489465851,9.08040993364439,11.133135752298498,8.379011518433995,13.344561965682956,8.694463707308104,16.60224672948104,13.744403275106547,10.852619713596578,19.425687417928966,18.744556633811637,18.825723691994646,11.064336981682228,9.185032343989219,20.114844374999326,24.981945606797883,25.06415629786112,32.911866051968296,26.49832563821873,30.212703320371375,17.48783160348702,24.009346156478863,11.767306990784382,13.418109230816848,15.181775857386393,14.694788985002186,20.429487918618374,15.87410081274568,20.120422141775357,12.811145101501548,18.100012131882348,24.053659154049782
12,40.68827172529948,33.49691981322273,43.21656779936549,41.14338134744759,42.10582935710878,40.78295058859643,32.128312431123035,42.759623341155326,40.07300212460443,40.9632036295055,23.002313849429033,31.97271940238576,-0.0,27.70814773639505,25.24110452169663,28.61039140931543,30.321822350584824,28.047569057835908,28.430176775976793,28.112200405795647,28.686520900463456,22.885795286960068,30.140477270428093,32.59128582782003,29.23756277572264,29.447956246358395,34.31759940576622,32.99937662053987,32.025607722140236,32.14912493881496,31.734223556785658,36.442804169088305,38.54532670780958,41.37683935451405,39.15710831980632,21.18139846123837,39.76822339091471,37.190911364738966,40.82843215026118,35.76477440185613,32.999263512072595,43.35540307876286,41.4552628743513,45.8270915086744,30.636000049607873,41.85084871292211,44.028717424481286,29.705720448849068,26.219708393659623,25.511273205059375,23.97710400830851,24.232165029572183,44.42594576895124,42.55620698285227,42.77006436827836,46.77446248529372,40.594798912473614,51.12047233289463
13,7.279154348349814,7.204229789837141,31.227438626760957,8.287195974780811,7.633103995765934,7.526876517725075,6.497362018865668,10.13795525574149,13.992240267747777,9.883965245015569,9.190636073050005,9.93323881639943,27.70814773639505,-0.0,3.329095659534618,5.25115281617856,3.292705776802894,3.0826138027097376,1.951419017534511,2.281327560203616,1.5973814578117744,3.1369296930745127,2.7172868549801423,2.6403947407405015,2.3341563851105502,3.078415555696384,3.9057493477365406,2.952540155026992,1.7214806843992139,1.972432350571493,2.4748877874690156,4.671546791844638,4.824418837593853,5.8320728779563025,5.314546773188797,7.947268205303898,10.1393413690745,7.75414030571489,6.934383930794052,6.2859436357314795,10.407685437113386,11.089656368053609,13.063224066456169,10.548356502862015,20.43856292528611,23.97781015769208,11.655143458300959,8.694103388252389,5.314399387179554,5.800478009768275,6.0343930415652,5.743233040352414,11.018327183061125,7.961331782849508,9.741198911568477,22.10058746723504,8.936555206774138,8.011363709535619
14,10.96093090746748,9.466318425283662,20.756914255505258,10.57536628064032,8.521519576093164,8.131000690912458,6.843551925836237,10.0378702304839,12.688556217765898,10.190438471496893,11.071289827818925,8.734062404969164,25.24110452169663,3.329095659534618,-0.0,3.3638756361621276,1.7624185507928745,2.4945608700123225,3.0302548429832634,2.148465340522361,3.998905618965139,4.051187309013233,4.002502842675659,4.118626413985898,4.0695018875523,2.5273225212828434,5.12022624641504,4.907744180833705,2.5774809529726945,3.3964500553728283,3.8636469716574355,6.175513784983847,7.504568167903539,6.934498701775056,7.634588316891271,9.437904312843438,10.763097444091729,9.455003084897415,9.329810665321245,6.64467307514247,12.46524762863636,14.217162889522559,13.328578876362485,12.735579883704824,21.95547335807054,25.841343866538843,13.453596931217952,11.012243482596901,5.287473938280036,6.155161133801991,6.76769477584348,6.63535786760716,12.123940665826838,10.003412987973874,10.33563233129269,16.52709535119072,11.485880420232556,11.850514943880638
15,13.105658285668705,11.767333242148931,22.067684376460715,12.674838738114763,10.790295462877506,9.338260341515271,9.790208273627504,11.90540983997648,14.873455943500211,11.757651359105848,13.74706698974079,8.811141653852296,28.61039140931543,5.25115281617856,3.3638756361621276,-0.0,2.552670431204113,2.590444357562693,4.609947200096525,4.256341953796094,5.126138876813155,5.64988666248471,3.982536166345902,4.799704176660917,5.910576583617492,5.039751182284782,4.930197483178785,6.462687462940382,4.338669599316726,5.182438896145537,5.659298740848991,6.94431572524719,10.221478682302498,9.084602589345346,9.98478824137398,12.421045306145498,13.460398501114895,12.303551629186677,11.512502139660434,8.548059525336162,13.704968474278786,16.93321971754974,16.262081280207177,16.07431325179278,30.17497677484184,25.43372987548941,15.980225492055647,13.407912939407343,4.568541725684753,4.94960911656827,6.962806979407286,6.1999419616433515,12.95887778182606,11.895194330853082,11.750993791393109,17.56628375668236,14.923491178724214,13.94652320535821
16,9.944752334911826,9.651502799039244,18.310553205677575,10.22776377298399,9.034057233310206,8.702944883350284,6.290354375473202,10.881674713606678,14.429469208035806,11.025637122932562,11.927750479804775,7.290478727066803,30.321822350584824,3.292705776802894,1.7624185507928745,2.552670431204113,-0.0,1.568302940437444,3.0830320954371677,2.4642600510790347,3.4332321943012754,3.7287005149484163,3.6960396922125054,3.9983216796050596,4.249194248305581,3.506322048911736,4.845159071632586,4.702042364378559,2.884886754610872,3.3472429816608695,3.715639174112667,5.39025383457052,7.498956985024442,7.057438021586423,7.109126287626678,9.00948807200023,12.161161643704267,9.782973504351785,8.555446580748054,6.664549072969772,12.501943091139156,13.79824607744663,14.490628458080442,12.629608765972703,21.03689043367158,27.312993825253567,12.753172436755522,11.68488614089987,5.501461546967386,6.2988277075182575,7.1444889092126855,6.684970089214693,12.81749162525415,10.81184283181339,10.479533977129796,17.053661748105537,11.611098771593413,10.06365014194475
17,8.760162411336523,8.443592473864564,28.46383047305799,9.62554561550748,9.591476677901273,8.281561939851397,7.891958882129274,11.276005636624689,14.41461308109997,10.765356721072827,10.832605388828414,7.639353813598725,28.047569057835908,3.0826138027097376,2.4945608700123225,2.590444357562693,1.568302940437444,-0.0,3.262808674229069,2.2447897644922463,3.283985925904293,3.2715178186239804,3.4492470214810322,3.756537762845581,4.095623599177308,4.046804173854819,4.16969219370157,4.512305057944353,2.9832948374466994,3.261731348209199,4.1594794318809,5.127401842826366,6.997071823825319,6.961009858886708,6.828572977852109,9.607304992564769,11.180313385376119,9.570949781494601,7.908365251622801,6.76082005454442,9.640169346648724,13.352484675759143,14.769402303137056,13.67912257778296,20.786151478371778,26.380162980883735,11.88950597696914,10.20095137429698,5.213763794364121,5.671356759921106,6.441200755024181,5.783048459624934,12.079323292104382,9.589018706740605,10.477344218160638,20.314787146394504,10.828106992204996,9.265619386855693
18,8.83680959050813,6.586819347319089,15.651620082362102,7.959170070458064,8.1875044177992,6.840465716184415,6.192980542110845,8.907104926958867,11.898138189024056,10.016893577615864,9.307841504808419,10.681723068906082,28.430176775976793,1.951419017534511,3.0302548429832634,4.609947200096525,3.0830320954371677,3.262808674229069,-0.0,1.8166373522294201,1.7995554499144955,2.799356654102796,2.5180646399856506,2.9809011914112356,2.5374566948821005,3.438468033907627,4.37704585071351,3.0107883181168553,1.2754782314915063,2.4119842361680335,2.222896680867722,4.669449706690561,5.799084216106437,5.517647521176404,5.988641125096733,7.103823713672635,9.498515260918126,7.49109341306535,5.939020368148627,6.065132742654923,8.991141558516482,11.981876479799201,12.675944745927092,9.47826409875698,26.64968049856323,25.748078275414567,9.02022718750238,8.54094831712306,5.341571532396108,5.569982855584359,6.158178012313671,5.66946141684605,11.023312153272762,9.492993680461668,8.356621931644911,20.6710600525421,10.164484694478773,7.734722485594075
19,8.658452120220163,7.062923143321054,17.99627152985532,7.676977260246412,7.683511924495762,6.395691313094606,5.96155686238284,8.596091900416608,11.409148338459184,8.853823192406969,8.195534363774527,9.037297475800381,28.112200405795647,2.281327560203616,2.148465340522361,4.256341953796094,2.4642600510790347,2.2447897644922463,1.8166373522294201,-0.0,2.23498090448422,1.591143342665632,2.905186811902562,3.0845173428946033,2.6151402565439987,3.188537598815059,4.9579392456084905,3.250146868713588,2.086114560274013,2.576733674444908,3.1609905456530973,4.8561206215164985,5.519107101707695,5.214437718334945,5.556660103069962,6.724113813288616,9.320752864258514,7.300311744489965,6.694596324258379,6.009108794272801,8.912422319480989,11.182146975578622,11.574930685729468,10.157302539388661,23.613015843660655,24.255173778989,9.867821967237681,8.173850239737424,4.594526745353161,5.021822465423351,5.344082094802484,5.040737791695605,10.63046967410064,8.997780244189633,8.692597090166938,18.837721279084885,9.288411461523141,7.62452574239202
20,7.8412875428166675,5.711127476298403,18.637396250127317,7.03488885528884,6.70576192193681,6.100171608615444,6.085035804294928,8.349259870379775,11.054919526344905,8.343306112264685,8.409558794402823,11.711718278981278,28.686520900463456,1.5973814578117744,3.998905618965139,5.126138876813155,3.4332321943012754,3.283985925904293,1.7995554499144955,2.23498090448422,-0.0,2.524374083255287,1.7379798530480606,1.5973664390679805,1.2801619464881893,3.5475557933622364,4.925314921260514,2.228686907489582,2.2525999459567805,1.806400109807357,2.7042368952841307,4.3186309612196645,4.523363255769602,4.6883280366435605,4.5016695028414615,5.87795690010536,8.57316275354233,6.31270792058198,5.53099361422353,6.7880746212318455,8.826426374032017,10.034462552706689,11.002468365503608,8.93018358989973,25.08149073383279,22.525919218398617,9.358587256410553,7.98772913814508,4.326825312695938,4.584742782721587,4.80584353727258,4.441037365033299,9.007465582223178,8.22949440626864,8.164385552203644,22.37471008472967,8.662996442414267,7.259728610822826
21,8.086129216638732,6.395847651845688,20.944761457809996,7.399347130189086,8.824334450769532,5.879814453855504,5.91178618338455,9.077076608978732,11.501429758553224,8.259971903323642,8.083636417039216,8.735050834056455,22.885795286960068,3.1369296930745127,4.051187309013233,5.64988666248471,3.7287005149484163,3.2715178186239804,2.799356654102796,1.591143342665632,2.524374083255287,-0.0,3.6295553510780465,3.18225827231036,2.4155328627683827,6.941747236399222,5.526592038650608,2.5983759974131986,3.035722885407436,3.142907818809926,5.071663010015894,4.563944158286141,4.955898021221985,4.8247086224245965,5.057754081100651,5.671777994426534,9.100520453515603,6.79034522930355,6.091060765248094,6.002855234823987,6.958411372315229,11.288264867771215,11.68969964418152,11.582072168214907,26.472739718794053,25.14053742252159,9.57411233680849,8.289345628175141,5.248865039232695,5.597081751404508,5.443669351397845,5.32914747031996,10.965475181444653,8.993494395643278,8.904170718648324,19.070817338659403,8.667673932769802,7.195448806481691
22,8.31290300398974,6.928616626938643,17.719807722102775,8.042885669010438,7.765927032263197,6.731964753586651,7.3649924907895175,8.044720644041297,11.36592790541809,9.962315144544037,9.254849746444176,15.64577689879885,30.140477270428093,2.7172868549801423,4.002502842675659,3.982536166345902,3.6960396922125054,3.4492470214810322,2.5180646399856506,2.905186811902562,1.7379798530480606,3.6295553510780465,-0.0,1.3832360751537793,2.7125589522835267,3.9730377896771247,3.711490440876165,3.395249843600705,2.6562908904530333,2.7134494227557706,3.4292196071975565,4.93770594801138,5.868046729529328,5.7494279136394475,5.766292237393778,7.356058655171084,9.478415614510865,7.8958096468692505,6.915496655158517,6.301962315510449,9.835346831719248,10.605780014498668,11.406754122100038,8.435068045994663,24.34294887919154,21.256062448024213,10.182860880168867,8.463679941729724,3.052399650693079,3.351026476728293,4.21563192911009,3.793020748552008,9.454330223785595,8.914667262801885,7.7226289512847615,23.410410652027988,9.842868339489199,7.627885032035135
23,7.761451515581806,6.312075670924625,21.827853647464796,7.436823160773124,7.309616948277681,5.676064052334064,6.365124988724156,7.073133277617395,10.270095952932133,7.956512341385207,10.208904361257305,8.555648342257514,32.59128582782003,2.6403947407405015,4.118626413985898,4.799704176660917,3.9983216796050596,3.756537762845581,2.9809011914112356,3.0845173428946033,1.5973664390679805,3.18225827231036,1.3832360751537793,-0.0,2.116272325182955,5.486058133435885,4.4754849376444445,2.372766485551652,2.681445475729259,2.161465677048207,4.087412408790527,3.1564592195607655,4.832708965882252,4.659937889145022,4.219922595601711,6.492770204535054,8.423392488815049,7.299641854015499,6.2580816833294035,5.344402159969401,8.419627825293382,9.869666572214792,10.438857170254263,10.31718853739389,24.0998241333597,21.723202071716287,9.496651869020527,9.118077617153542,3.535608558495132,3.7107243435251633,4.0288902235887525,4.136769812807551,8.249516121560752,7.684620139308767,7.45976539519205,15.467483436805798,8.455421515977008,7.566005558138183
24,8.848347899140762,5.177165082287546,22.018283232088372,6.627920843405996,6.187054534235798,5.118380225760939,6.6345537501295935,6.9091180555338525,9.242874237447335,7.0021715919771434,8.94505582753978,9.322670346110234,29.23756277572264,2.3341563851105502,4.0695018875523,5.910576583617492,4.249194248305581,4.095623599177308,2.5374566948821005,2.6151402565439987,1.2801619464881893,2.4155328627683827,2.7125589522835267,2.116272325182955,-0.0,4.522125751252264,5.824836046770798,1.6981987089883417,2.7142464962679256,2.222784475520035,3.969956440780012,4.472378414031101,3.8428255565860328,3.8138217307780775,3.5676451159097993,5.776127429107011,7.435408661461491,5.6349994994528645,4.8855044899163,5.415773666798109,7.591213612378213,9.767881712094933,10.270579104755885,10.618959718271446,27.6670029121451,24.663422700089285,8.678589270422819,8.078655847787104,5.415186815019563,5.299351261481197,5.521280273200279,5.289078723898527,8.393058526785513,7.236907049492095,8.11694269301183,16.92520840949626,7.998925998810717,8.379823258883992
25,11.309710946378958,8.549867128168595,22.445344873820563,10.541025892763022,7.583026876336453,9.443391241225978,8.55820727478157,11.033447728851478,13.753147766885387,11.683657986898508,11.164380903765485,11.713189353954299,29.447956246358395,3.078415555696384,2.5273225212828434,5.039751182284782,3.506322048911736,4.046804173854819,3.438468033907627,3.188537598815059,3.5475557933622364,6.941747236399222,3.9730377896771247,5.486058133435885,4.522125751252264,-0.0,7.43174882885765,5.695817392844242,3.435177190475346,4.262524234730925,4.256425851730253,9.683119188331725,6.556463467493653,6.574077836905892,8.979740012615697,10.279642523578117,10.615235676289059,8.202583839298034,7.930119581730811,9.879425490860642,14.797285797948813,14.066464014771851,14.902580681062775,11.231931609863322,22.597326845337488,25.21602121006028,14.045775196013576,10.893191339801225,7.190733624067089,8.137035688164852,7.953460578891485,7.74277369046339,11.676281467119104,9.654959891902475,11.139575567677474,25.189379121418593,11.806251004133397,11.865377390917594
26,9.17259570518991,11.213880584581396,26.647936499776822,11.03600781812577,12.46738141503316,9.776778058586999,8.54726111845362,13.374264241530975,18.959568374695113,14.957017361535852,10.774292927507846,16.06540489465851,34.31759940576622,3.9057493477365406,5.12022624641504,4.930197483178785,4.845159071632586,4.16969219370157,4.37704585071351,4.9579392456084905,4.925314921260514,5.526592038650608,3.711490440876165,4.4754849376444445,5.824836046770798,7.43174882885765,-0.0,6.027070112276319,3.588139265491437,4.887752840934233,4.283809803031733,4.654671893438053,7.584582456026601,9.509519683058834,8.297387020972609,11.393941484310933,14.571444251288492,12.04890452519017,10.087850608128452,6.8882613376069655,12.237714114634388,14.107931570500853,16.995098300271582,10.787747365070171,24.78736165625474,26.10095681657961,14.40885530286629,10.748265721213288,5.9134546178279646,6.753795738558355,7.119256942969335,6.833445061200338,15.481486865905485,11.04761615996958,11.320569698818444,22.7112216872799,12.793454447510149,6.836010918651625
27,6.55430971773812,4.056229242181483,22.50630712458224,5.345347714545773,6.481612995967559,3.8624413195081915,5.937723280057297,6.673337668940908,9.06641845005344,6.222162805802361,9.321437598127513,9.08040993364439,32.99937662053987,2.952540155026992,4.907744180833705,6.462687462940382,4.702042364378559,4.512305057944353,3.0107883181168553,3.250146868713588,2.228686907489582,2.5983759974131986,3.395249843600705,2.372766485551652,1.6981987089883417,5.695817392844242,6.027070112276319,-0.0,3.2838313860092323,2.8589266736395826,3.865148598212967,3.3850944089088983,2.798079605744468,2.6288861145973783,2.853681083901716,4.53209102702865,6.661921162138947,4.875189504586262,3.733492565391169,5.40474242852067,6.6265405916714295,8.790970831390554,9.375659167258211,9.301088854016848,25.936608662564645,24.44240722497506,6.853651116826616,7.2811450347756,5.547239435076148,5.888655019763715,5.137868766411174,5.57651875650477,8.587910079147584,6.287462450239781,6.1953972930280985,18.979267236421652,6.829961409906539,6.01268326159738
28,7.7180099461376495,7.9163670662400065,24.93380445793375,9.021031965051503,7.227934410570844,6.801553391745698,5.821813145605903,9.292709310834269,13.339119528352123,9.01716888446344,9.204265587592733,11.133135752298498,32.025607722140236,1.7214806843992139,2.5774809529726945,4.338669599316726,2.884886754610872,2.9832948374466994,1.2754782314915063,2.086114560274013,2.2525999459567805,3.035722885407436,2.6562908904530333,2.681445475729259,2.7142464962679256,3.435177190475346,3.588139265491437,3.2838313860092323,-0.0,2.246321899515113,2.6938026711250016,4.510884434462974,5.527226378207293,5.437348267017189,5.2995495317292605,7.506514871055309,9.542241958636371,8.049114032067774,6.812772716666865,5.66786719378936,10.609270078795811,10.919149480100439,11.789313668047926,9.888633248286709,20.302407318895224,24.304676789245143,12.452043021093193,10.307307566591412,5.18402148271677,5.643251626584296,6.3366790712484615,6.169195978298963,10.770234201435578,7.71685595142612,8.419513218258695,21.394209008324008,9.024574758356584,8.492222275157642
29,8.056455653979993,7.159033755397073,19.95190640771402,8.524340058842748,6.178368615002769,6.789704676146045,4.698166718448427,9.338637414824081,12.924662401463666,8.242454266325804,11.439063236730284,8.379011518433995,32.14912493881496,1.972432350571493,3.3964500553728283,5.182438896145537,3.3472429816608695,3.261731348209199,2.4119842361680335,2.576733674444908,1.806400109807357,3.142907818809926,2.7134494227557706,2.161465677048207,2.222784475520035,4.262524234730925,4.887752840934233,2.8589266736395826,2.246321899515113,-0.0,2.5345740382148287,3.425163950943667,5.12587431618276,5.097396499640071,4.5027569274942465,6.892274451800681,9.618379427343491,7.419899084173562,5.926180269322186,6.125331943810016,10.99143987621971,11.300194021298042,12.236946236085736,11.149819573288488,22.918779195224616,23.419720925124196,11.221055522991888,11.537249656043825,4.980212401044676,5.315865309148522,6.642402262059015,5.9163118167445665,9.689667917060117,8.068441065098726,9.031594418726884,19.12279253358802,9.112735351041689,8.86763500588034
30,8.789821328847696,7.9000592334257345,14.696642032412155,8.055246124019792,8.387098527965204,8.454237933988143,6.267094159862673,10.441114175323829,14.512409329019404,12.941665685539238,10.975782725711705,13.344561965682956,31.734223556785658,2.4748877874690156,3.8636469716574355,5.659298740848991,3.715639174112667,4.1594794318809,2.222896680867722,3.1609905456530973,2.7042368952841307,5.071663010015894,3.4292196071975565,4.087412408790527,3.969956440780012,4.256425851730253,4.283809803031733,3.865148598212967,2.6938026711250016,2.5345740382148287,-0.0,5.9178798825981875,5.982694916254089,7.048624311149673,7.385671960829209,8.424212152655148,12.322132841069857,8.783055854584761,7.284103044728006,7.178690962408914,12.689026801444182,12.537146625615838,14.567732391982409,8.400567593615099,24.250381517898646,25.805930299829946,9.721724212279229,9.665672672817587,6.534040325896819,7.432546462742284,7.597268169924778,7.229093904113088,13.697894028982633,10.924444267089997,9.761487623600551,22.09552668027495,11.32260675158092,7.01186618307274
31,6.226154806108864,7.425063229798732,27.484603249591895,8.438914417867593,10.836683241913557,7.8436899939359614,4.936466020349045,10.570864699408759,14.799295796829364,10.099162415371447,14.144598706343324,8.694463707308104,36.442804169088305,4.671546791844638,6.175513784983847,6.94431572524719,5.39025383457052,5.127401842826366,4.669449706690561,4.8561206215164985,4.3186309612196645,4.563944158286141,4.93770594801138,3.1564592195607655,4.472378414031101,9.683119188331725,4.654671893438053,3.3850944089088983,4.510884434462974,3.425163950943667,5.9178798825981875,-0.0,5.799736076151912,6.002128166687162,3.654962485508394,8.078312182057774,10.820835857156297,9.223915023915866,6.571757971976642,4.798589459859186,9.458961066100418,11.33549430268334,13.571166260819592,12.708032068577316,23.63959426892516,22.485979710002134,9.664813510049374,11.679236248673215,5.724446660853736,6.241970342524305,7.0276694034175495,6.706720435848779,11.255328845467153,8.058653130503423,8.228078299046933,17.333352678488083,8.778616095692263,7.205431772463982
32,5.024756939578037,2.3379331786007516,28.78837583151743,3.153813469564438,5.497179660402812,2.58402449819592,8.651485085837585,6.421731171425941,7.0433314614384335,4.671980606899743,8.883252866519532,16.60224672948104,38.54532670780958,4.824418837593853,7.504568167903539,10.221478682302498,7.498956985024442,6.997071823825319,5.799084216106437,5.519107101707695,4.523363255769602,4.955898021221985,5.868046729529328,4.832708965882252,3.8428255565860328,6.556463467493653,7.584582456026601,2.798079605744468,5.527226378207293,5.12587431618276,5.982694916254089,5.799736076151912,-0.0,1.3885876021810002,2.134957858843294,3.9140387376568584,4.807712204042039,2.434923749356592,2.071190363439498,7.805344019455459,6.133837663922631,5.872897669435036,7.022066373946241,7.191204527720338,24.88245280231529,23.332721744352895,6.388330240474929,5.809246733074725,7.756801560060294,8.019667374988403,7.156523146071177,7.251226624666367,7.480996158103539,4.570841285369518,7.123174546292278,27.273099790623853,4.343407354794101,4.966738170822429
33,7.613732268967838,2.087440876882682,27.998515155985913,3.3672072639396107,5.110568826259956,1.9715118037725854,9.195369646464949,4.6661137320556625,5.665572422883161,4.190082448946575,10.23932121758928,13.744403275106547,41.37683935451405,5.8320728779563025,6.934498701775056,9.084602589345346,7.057438021586423,6.961009858886708,5.517647521176404,5.214437718334945,4.6883280366435605,4.8247086224245965,5.7494279136394475,4.659937889145022,3.8138217307780775,6.574077836905892,9.509519683058834,2.6288861145973783,5.437348267017189,5.097396499640071,7.048624311149673,6.002128166687162,1.3885876021810002,-0.0,2.3488354904046553,3.135488135855656,3.843458891533596,2.7274035954052294,2.120867845105012,5.663704298097902,5.544532794163846,6.1571951379005645,6.504201150786221,9.648844387298979,29.027580207981767,25.076633314937414,5.476380015492017,6.02672079538323,7.535116622751622,7.612556710827284,6.804204111245837,7.04943606771509,7.391292080208735,4.329043964901489,5.066544641058883,21.298553057927734,4.403017955903243,7.662857445324356
34,3.642409365082729,3.327522510649573,34.48687253918376,4.243927389121763,6.090191501087188,3.3046003469590493,6.9269011175294875,6.10331342815668,9.565773283526518,5.562013884362355,10.777687018083425,10.852619713596578,39.15710831980632,5.314546773188797,7.634588316891271,9.98478824137398,7.109126287626678,6.828572977852109,5.988641125096733,5.556660103069962,4.5016695028414615,5.057754081100651,5.766292237393778,4.219922595601711,3.5676451159097993,8.979740012615697,8.297387020972609,2.853681083901716,5.2995495317292605,4.5027569274942465,7.385671960829209,3.654962485508394,2.134957858843294,2.3488354904046553,-0.0,3.8742652754625193,6.18862075970665,4.726317464766811,3.467635280897933,6.134916779140117,6.895659773406805,5.378941781054391,7.190680874266968,8.043671537840222,23.335551739136932,24.401411203846486,7.310210227656533,8.188825626268013,7.277843828208377,7.351998370340894,6.773185061928445,6.888608703900013,7.605526587608753,4.884041908268503,6.363936890768172,23.049814012291435,4.602285345414702,4.63863765519011
35,6.607127222641218,3.273799627353873,19.71721750084908,4.069398518947295,6.924456117470618,3.871978936949828,7.352011007199774,6.984153420191386,6.639130289533458,5.463472650115876,7.503230335552521,19.425687417928966,21.18139846123837,7.947268205303898,9.437904312843438,12.421045306145498,9.00948807200023,9.607304992564769,7.103823713672635,6.724113813288616,5.87795690010536,5.671777994426534,7.356058655171084,6.492770204535054,5.776127429107011,10.279642523578117,11.393941484310933,4.53209102702865,7.506514871055309,6.892274451800681,8.424212152655148,8.078312182057774,3.9140387376568584,3.135488135855656,3.8742652754625193,-0.0,5.417974290151801,3.0837448307473827,5.0553445356175875,8.42145478066519,5.165819998499764,6.326716084202684,6.140309481120919,7.707962464927603,31.972482269764033,24.52434692387698,7.4835922733058915,6.26963820814479,8.484053691951228,8.504496853353427,8.401826340871898,7.8801208910844,9.480986094972405,7.461868948232633,7.608463822760912,28.104882932161246,4.53535745638289,6.898330116278353
36,11.448401705563981,2.5301164414450312,30.856747985024153,3.830234570781797,6.781607782394568,3.432984850100471,14.946615110491985,7.653627238516025,4.064383155534734,4.182009492988961,11.998525030304975,18.744556633811637,39.76822339091471,10.1393413690745,10.763097444091729,13.460398501114895,12.161161643704267,11.180313385376119,9.498515260918126,9.320752864258514,8.57316275354233,9.100520453515603,9.478415614510865,8.423392488815049,7.435408661461491,10.615235676289059,14.571444251288492,6.661921162138947,9.542241958636371,9.618379427343491,12.322132841069857,10.820835857156297,4.807712204042039,3.843458891533596,6.18862075970665,5.417974290151801,-0.0,3.702678951466572,3.831178343133702,9.932820440956199,4.196550195832314,5.3862999538811,4.544730438915333,12.68537613695521,38.701589374068476,22.21049727509763,6.0054136972802254,7.153594936343947,10.645382121726877,10.338669953301658,9.90721627848765,9.373043671788366,7.867284335020223,5.387187360745829,4.450092093849741,30.56716657345107,3.7409199480419617,12.24249987092087
