,0,1,2,3,4,5,6,7,8,9,10,11,12,13,14,15,16,17,18,19,20,21,22,23,24,25,26,27,28,29,30,31,32,33,34,35,36,37,38,39,40,41,42,43,44,45,46,47,48,49,50,51,52,53,54,55,56,57,58,59,60,61,62,63
0,-0.0,8.885021868756366,11.158727649015395,9.445961883862708,11.16706515167186,6.3203652128076255,13.651544507324296,15.298209293144774,12.153647752274294,10.963327561621114,8.963144284854227,8.686779230808098,9.573300877844224,8.201749491208444,7.910461616956577,9.672355530772721,7.421947987968759,13.88585147599486,15.852550028674353,14.048863839412578,14.28631545882561,11.772833015490201,10.817352462200368,10.858765758730994,10.725659802556953,10.282579584494586,7.600198534782333,7.801933176455068,12.334557201145863,10.675162390697716,16.00975180971871,18.592642853238498,25.260873353242395,24.56084913082089,24.194937982823273,18.955193671805574,15.571175479076807,16.18906671222001,17.64761680097137,16.153346725830062,28.64103049788232,19.792260469903454,18.26541164710338,18.971854582225376,15.5074191031211,12.82475259314347,13.372304394706115,17.459519092181775,22.83487147919314,18.40099245941028,13.847440120984166,20.370395417243657,18.272379319245132,14.768630815729962,7.715155886599965,11.261991688271614,7.468512165203007,16.20740871018557,18.5215465380947,7.4474536281765875,12.470492536412529,14.412681454721247,11.037653447718704,9.355872334939544
1,8.885021868756366,-0.0,7.858326136188126,5.942276773073865,5.595306441785675,5.032299811936961,7.7723331404536715,13.201544405315206,10.216423856640807,6.518090110615586,7.076898193082621,6.233191017359637,6.655787296689028,6.443895043502283,6.458114750683367,6.91254150422009,7.4268735491828135,10.458852520411552,13.72736702544981,9.203678287872062,10.62823499054853,9.548589952526799,7.355680947991953,8.356139575794273,6.96916732389828,6.05895250431905,7.585162570849127,6.083887980351436,6.869705415075403,6.440138062693235,14.050809710719916,14.29432341507269,23.19463198972939,19.17996437594245,18.111853071125687,15.462920713707147,12.810991781713385,13.695568268777494,12.394267250810099,17.345321594109475,30.319670547356523,15.297513343033236,12.578134919827253,17.540058576762473,14.338750453203476,9.22284830593733,11.487929356244992,13.430265234391257,16.785208401089594,12.820973119003623,16.71020684403674,19.879702364119016,9.928941398847519,9.901716283483648,6.168536948265684,12.84458846761344,5.612511065831216,14.786396054639088,15.622792307724007,7.462599336931605,6.17847744611566,11.168305048191796,10.084700176508157,4.831075461587403
2,11.158727649015395,7.858326136188126,-0.0,4.579554344602098,4.110554054694068,4.945408657335552,3.157757746799542,11.35519718828366,5.808944146082625,8.653236927848004,7.192519698939804,9.186551859650006,10.481485716111425,10.051814448626857,8.201935544423446,9.187534756463933,9.198480023688363,8.448131441104508,12.424963106635904,8.417703405321175,9.683127894193158,9.5980388813727,8.11851221848903,9.129151969288305,7.831937581887698,7.485950727557785,7.514697276222561,6.669883940384614,7.178795606139857,8.777963013624213,12.960253764479496,12.779119598513045,19.937259213509794,17.89475763773885,16.934805418558188,15.826162324106429,12.571650762203946,9.719594796528675,9.778146203076274,8.528439829471257,25.461991329768473,12.672924002473152,9.948040838900246,14.13854594172162,14.035499653625411,7.083180814952425,5.124771822733496,13.047521534915582,7.484436694592105,8.230482199880164,8.15556546409987,10.839945846134745,6.743116992744982,6.019525515589259,5.039724024555543,9.554069380469826,7.566270260068708,8.289008189046791,10.439266424816777,5.035501659353002,10.605175404973462,8.266399719478859,4.941860688467046,2.0348866512175836
3,9.445961883862708,5.942276773073865,4.579554344602098,-0.0,4.467318176594587,3.3263088327883352,4.226598068524273,10.651884449932844,7.344074890684337,8.613434034278928,4.473969453460646,6.572935396215591,7.718434311150114,5.039607382757817,5.501103246979335,5.759954915103312,7.557420786128121,7.874876941922337,11.668869158589338,8.060372408588307,9.39701944332545,8.600682495367312,6.538749568342732,7.609392028274928,6.7215224486308145,6.566910865525992,6.976928874754615,4.828610799703905,5.939766832235267,5.87631607561236,12.941477180907858,13.298691269999066,21.14062271698169,18.00329049898317,16.13144367236253,15.478166451355552,12.045763367555946,10.763717357308963,9.990555683895243,10.625586624889147,23.723896651030817,12.412622939501402,10.829536563259555,15.638818214268108,12.204058516344402,7.977984298286999,11.773930680791004,12.001167947119056,15.530146016216928,10.430851488079485,11.427875217672721,10.245339638614624,9.346736712196304,6.106469564676503,4.042205695880573,10.177350477035176,9.344268504278658,10.60583225790065,11.766745108388031,4.459133176502397,7.62732626853553,6.406800564130792,5.193900786423314,4.130438746274219
4,11.16706515167186,5.595306441785675,4.110554054694068,4.467318176594587,-0.0,4.070654282372591,3.8929811061179396,9.229510452218916,6.256948736348987,10.453369300188331,2.926374428522753,3.2990033661910485,3.876925046282685,8.567395572116823,8.202964610017514,8.841570980905974,8.002329150389286,9.440906499031406,13.339961482522805,9.151933622356175,10.451272350196767,10.381657959766923,7.836971783852346,9.853640815786427,7.477059831425045,7.137799574805268,8.021924339387459,7.038357952783496,7.084693506606864,7.3634625559255475,12.954078227811737,14.620911158236682,20.474665415648232,19.270336307603277,18.09774363435108,16.612628299925372,13.371489710578318,11.423099742135731,10.574232296954246,9.220478564567593,22.81519932379711,13.934152776073637,13.061155175809672,14.47002820987675,13.091933835990275,7.535731541062682,6.742494896470932,12.266781103150777,12.871585996981572,11.154633491399572,8.072451062395272,11.784097327040987,11.111650066837186,5.522138970471775,5.0362766423997725,8.048317351758376,6.292361081317375,5.900277815508715,6.8884511495071905,5.319731611632035,5.282909028496274,5.964433729998815,4.651399134973532,4.0154649625064796
5,6.3203652128076255,5.032299811936961,4.945408657335552,3.3263088327883352,4.070654282372591,-0.0,5.687479992832399,13.39714773732466,7.838759285346075,8.189209188497726,5.631343312313803,5.584518251038464,6.882092422272651,7.606341339831263,7.569057932608473,8.20714902743922,8.115028143400258,9.74814019362805,13.493820551340509,9.802954115094131,11.324367240431878,10.558163052862747,8.067678724984091,9.777600441511629,8.367321301480146,7.8192197988430605,7.7521976374672334,5.787395079158207,7.89697021212809,7.777917671647424,13.252860778951346,14.257143782730347,23.410905437957915,21.15928670863516,19.38855654212567,16.034430382443908,14.30147012581214,12.610035756608474,12.411389874077084,11.130141190342576,23.85067804816762,14.688171610579284,12.049136817534968,13.910853575012194,15.256427920584096,9.146289095576817,10.538042277668998,15.229658121350996,14.09493552890545,10.906768871547582,11.863456441755456,12.869492877476262,9.794574373187261,8.756360082082061,4.024894085993118,8.423228393860386,7.977708204933373,11.935059603419681,14.025548509633035,4.022176847249304,8.473059195299067,9.0744403550547,6.459975915805807,3.3074275717696566
6,13.651544507324296,7.7723331404536715,3.157757746799542,4.226598068524273,3.8929811061179396,5.687479992832399,-0.0,6.784508466755171,4.438737747003193,9.658544562602579,5.471801653349196,7.800932762129478,9.688047471827451,8.419486228026182,7.338642845059729,7.371723792696232,8.240568885892658,5.961803014557494,10.21104726109184,6.4098669378148285,7.275485376226775,7.182031970542038,5.99925691773043,6.46497907487157,6.456617809560782,5.991357023612833,7.203059696416231,6.119547454457037,5.304674024980091,6.579318866767482,10.379519483192954,11.589487361230981,16.763699331939147,14.719816314958509,13.803174526988576,13.834512482266934,9.299769714363867,7.37199849828975,7.6834347384943005,6.069118379216893,23.997617484595377,8.683491750728065,7.151825438922469,10.695205456573921,9.482447383925935,5.318056393999183,5.405393513037002,7.831778215260129,7.5532198976022045,6.80821095056497,5.151174855098461,8.68167548735336,6.646273436926223,4.59022938216276,6.33493609486899,9.111845111407138,8.117291003633152,4.766296164430978,5.892384204389122,7.517452548932115,7.448350648955248,4.95675882286429,7.006878002602142,3.469044876115318
7,15.298209293144774,13.201544405315206,11.35519718828366,10.651884449932844,9.229510452218916,13.39714773732466,6.784508466755171,-0.0,4.914952064057532,13.033561969192617,12.77579809460745,11.238892110521782,10.78457443730356,13.26795648437438,11.880239837483243,12.292385329812642,9.831932005835451,7.874821547129163,11.046516671827211,6.310482114357086,8.054146517600044,7.50994892946278,9.190171118021828,8.456439718642056,5.536489752003207,6.246434714788938,7.813083755750272,10.726539237158224,5.938111841017515,8.83387965603906,8.290619794739031,18.085168266902024,14.667674545774174,14.296930005342846,13.548972306591816,16.268810680604744,9.094823099546051,8.101073250099317,6.9229454893511155,6.323301826012063,23.394949123495056,4.811332678147353,6.802502694116856,10.438223385411405,5.997357592019903,8.125914762184623,11.152612420252934,5.818061521118256,7.097860204399891,6.70856391673728,6.292447266563253,7.6362306140454885,5.4236053656046455,8.50356031993715,13.395996754018352,13.405676971614689,10.813009739783242,6.610246296980414,7.104237742767271,11.132300259607213,10.325617934314723,9.071467692903612,8.40787183715942,9.025330845946263
8,12.153647752274294,10.216423856640807,5.808944146082625,7.344074890684337,6.256948736348987,7.838759285346075,4.438737747003193,4.914952064057532,-0.0,10.026163175933792,7.862313638051653,7.2186460921122775,6.937067606488146,9.783177170816131,8.224364917435912,9.487461465266986,6.513767151273642,5.336150440420243,8.90489499463794,5.015949667071616,5.2331452386668476,4.4674274692926135,7.138056048171761,5.555215343421658,4.6236892311698075,4.974230360419738,4.605038139856361,7.327090340023464,4.7012385556653875,8.430147135172277,7.2377561516845335,7.485600442696677,14.697753865465323,14.116105809773433,13.461842253875027,10.037447643186825,7.449070902193965,6.488972861258373,7.1959071545912785,4.552766396333285,23.358782756793058,10.335063745701625,10.61063778278182,9.540241674092774,9.617230391940225,7.5063604329217615,7.2719611924742695,9.483372398876131,9.937712740808031,8.959925579583025,5.623642058184568,7.893257912319311,9.884274846870358,7.687206224851096,8.882306355447529,8.35706691783778,9.71952766030131,6.336545879625628,7.547513828987623,8.28665404858722,8.45594323589555,6.654281827761555,5.474703287378644,6.102910659099058
9,10.963327561621114,6.518090110615586,8.653236927848004,8.613434034278928,10.453369300188331,8.189209188497726,9.658544562602579,13.033561969192617,10.026163175933792,-0.0,8.194529993843547,7.692981664035792,7.203356791824877,4.319895943061271,4.42388144998838,5.029912995641974,5.088602432463346,6.93301108075818,8.256025772556853,7.882737793750863,9.322404153340663,7.310379671215204,5.624421693212236,5.4070887554111895,7.469574067207382,6.999266733472805,5.7788151206261285,3.8804717469643704,7.323559675472197,7.115301113626636,10.783725127339787,10.462473559782703,19.947467528060788,15.455855786813249,14.579569366873152,6.4885980070554625,11.237370145578456,10.32824621634769,11.53100301163658,18.725631377379774,33.46994382126484,15.568820751177201,10.66978417277271,20.715685033653063,13.128888049927564,11.745342202064517,15.609539199570099,15.538484733953098,19.317707371699772,13.46733076602472,19.759920430309517,20.46750741754828,12.126295267162167,14.941033701450504,7.522205851972021,11.540411431191357,10.6750192349011,17.968470594355637,20.85579071347605,9.845293959473857,13.573349577756352,15.936855863994221,13.480566201484935,7.14240338756134
10,8.963144284854227,7.076898193082621,7.192519698939804,4.473969453460646,2.926374428522753,5.631343312313803,5.471801653349196,12.77579809460745,7.862313638051653,8.194529993843547,-0.0,2.7035479849579542,5.405657854313336,5.790962941829489,5.541786960837051,6.196026655430425,6.9932261536567415,8.136626332058306,12.158102715940409,8.899184263470202,10.430133954225253,9.795414983637128,6.650085621226236,7.91875824643844,8.843242727323572,7.982489765718084,8.280466140001009,5.497260124860342,7.7435037772735225,6.787447377768984,12.907065681319603,14.146913393483109,23.189906856471225,19.965480819477005,18.08880838494911,15.146026804144793,13.345652206500516,11.748819145684408,11.855832243428843,10.501648050253573,27.94843536743047,16.474363547783884,15.143150501498445,14.312714620242577,14.8665151378255,7.9891388881958365,9.926335975299798,14.141160448957155,15.913844394169022,15.360052550509304,10.719381710559443,11.780409943922116,15.57127986860425,9.342884462764166,7.493860877898367,10.361355725236962,8.43073684677446,11.373350091485554,9.963287311601668,10.54278847834618,12.52535763839573,11.418126969969611,10.470572369457512,6.404183598003109
11,8.686779230808098,6.233191017359637,9.186551859650006,6.572935396215591,3.2990033661910485,5.584518251038464,7.800932762129478,11.238892110521782,7.2186460921122775,7.692981664035792,2.7035479849579542,-0.0,2.902650607090374,6.960904107831096,6.987330045527714,7.501329215241482,7.008359137559682,9.67559024745072,13.215949387964724,9.977782008843562,11.395301935624108,10.180028544320393,7.388282315969165,8.886478856243926,8.422995401064346,7.390433952895805,7.680955876106964,6.678324796158601,8.183357908175875,7.196915718323798,12.116541947177161,15.08011001969386,22.9906927372396,21.69539804510907,19.31461080475855,15.130732796053316,14.041595596021905,13.16289715592347,13.120613603587971,12.124901916331593,27.149708785714942,16.49739695766447,17.274973370111177,14.684707089517257,14.993987082227934,11.593476368686446,13.188677350630963,14.682510432491801,19.685461993161063,16.334291601624827,13.30045920386682,13.212922473951958,16.736289285107514,10.077931803865026,7.927079658967887,6.675501273999796,8.896202613591544,11.061828878833449,10.88083103088054,9.608140578760963,10.237195296892835,11.625120580915643,10.747577320861541,7.8795907011491915
12,9.573300877844224,6.655787296689028,10.481485716111425,7.718434311150114,3.876925046282685,6.882092422272651,9.688047471827451,10.78457443730356,6.937067606488146,7.203356791824877,5.405657854313336,2.902650607090374,-0.0,7.501932866447066,8.112453210837002,8.535445850100015,5.942983511988157,10.510251860472163,13.421904374765319,10.34857143325288,11.18202986044732,9.212032113549219,8.92326506241708,9.00169652648756,7.460407882996793,6.981250549086453,6.804269627846418,7.466331994200748,8.336463851201525,8.537302601276531,11.639959025711612,16.04201716168277,22.903079823238222,21.394684910930224,19.270570304914084,15.165717569350392,13.506187117003828,14.198823979336373,13.502245649304829,12.93711747068603,26.4201213265969,16.663256452574934,18.325846930013295,14.890373264601566,14.92635744542722,12.473486176071935,14.583919060290233,14.974119111347317,21.528823172578093,17.201864999981545,15.353953865434027,14.918393079268322,17.690868839866777,10.25889528210977,6.873240623967814,7.833532311408836,8.855171203415336,11.679581065550689,11.477039571733993,6.462594401116897,6.678136856459851,11.596822796902494,9.481562718879331,9.151308654453995
13,8.201749491208444,6.443895043502283,10.051814448626857,5.039607382757817,8.567395572116823,7.606341339831263,8.419486228026182,13.26795648437438,9.783177170816131,4.319895943061271,5.790962941829489,6.960904107831096,7.501932866447066,-0.0,4.02058959488321,2.8144160719759563,3.5144967010483286,8.040729199824288,9.520950160134065,8.451210484301779,9.810454242631392,8.351512611509293,4.786620498411512,5.04315522007809,6.407400022921633,5.9375217692061675,4.172774039345451,3.358878435752394,6.691763891003507,4.607804473686093,10.95684859301001,11.544811679653803,19.990307656121384,17.336370530591218,15.00711261250434,9.212513237396324,11.35581208260945,11.658242006106216,12.101593577096361,16.111653354196505,25.01043700361211,15.476417484072714,14.899184291059557,19.422655491414833,14.347750494739424,12.727881211189056,17.11044581132369,14.714970867534163,22.26262278324256,15.807210127911187,16.267332177961798,15.03231220645765,14.731402389097243,10.8551980823911,7.803563703971901,12.354402600920535,11.733146475594674,14.53119879171224,16.22491441311619,8.59076406911044,10.787310030563301,11.488982759717597,9.699885211805215,7.357245662445134
14,7.910461616956577,6.458114750683367,8.201935544423446,5.501103246979335,8.202964610017514,7.569057932608473,7.338642845059729,11.880239837483243,8.224364917435912,4.42388144998838,5.541786960837051,6.987330045527714,8.112453210837002,4.02058959488321,-0.0,1.515239845866928,4.091590352791465,6.017312026070688,7.19267249351699,6.562709008096462,7.727353361046587,6.152644259712168,3.6886329737151624,4.030166488554462,6.0286836579686645,5.1600370114009,4.8280390729509035,1.7773853838461933,5.778228867006306,3.452517545957275,10.380781642517077,9.325286061776314,19.326987483162196,14.501540792299707,14.483545853226651,7.7384669176884975,9.107302278562686,9.267470583153035,10.22534998573023,13.99076248267733,27.144019507998888,14.66748834262414,10.310824400494846,20.045076192687805,11.446795722032828,7.416007621593739,12.30919090850582,13.879393899170681,18.162191922233912,12.57518802196334,13.70830558240741,16.20652111687216,12.34386651114927,10.116188521625066,7.8033877053660925,11.0966089650552,9.138457888457738,12.70300682765712,15.346422741022089,10.419044952956465,11.560955050827083,11.7887728320406,10.510108561098024,6.688610519674712
15,9.672355530772721,6.91254150422009,9.187534756463933,5.759954915103312,8.841570980905974,8.20714902743922,7.371723792696232,12.292385329812642,9.487461465266986,5.029912995641974,6.196026655430425,7.501329215241482,8.535445850100015,2.8144160719759563,1.515239845866928,-0.0,3.8735640679543843,5.484969566483952,6.792524745379603,5.626934899136711,8.04210702211319,5.914782609928447,2.6565013218658264,3.247057574290767,5.722892257828003,4.6189695674932745,5.411891384283509,1.7489535825097846,4.821034442210711,2.2508816096121906,9.900021183694964,9.816215190017951,20.102750255786596,14.51990907600257,14.211850506434654,8.456507943343953,10.064464987915741,9.325490995606867,10.41619521358729,13.807460660825074,25.798191861757424,14.26766825439976,11.743530548841333,18.97850276137185,10.902764681739813,9.485300174451476,13.282707247096075,13.569735165566168,18.541453088433386,12.080221684082067,14.693426543049162,15.242028757597224,12.11337841170028,9.168022353690823,9.053765239263235,13.36367762349986,9.749572754612553,13.009446497939026,14.222978487613625,11.00596056615488,11.605554178791165,11.251650906826022,10.368881388189441,7.426959796069242
16,7.421947987968759,7.4268735491828135,9.198480023688363,7.557420786128121,8.002329150389286,8.115028143400258,8.240568885892658,9.831932005835451,6.513767151273642,5.088602432463346,6.9932261536567415,7.008359137559682,5.942983511988157,3.5144967010483286,4.091590352791465,3.8735640679543843,-0.0,4.8708001266693355,5.759629247716105,5.341583137803988,6.010525591570136,4.852085930853339,4.5691192176497655,3.6252321639197387,4.944558935364332,4.7536233648722455,2.539048022711347,3.2735366641746118,5.345824839977279,4.934596662226837,8.01763237132978,8.67703401627374,15.809878902333468,12.215745398390593,11.609997620870583,6.543686853703485,7.963871624410374,7.940801796057209,8.630449292683982,9.561244363784983,22.91992324462047,14.671707129624409,13.367527608960808,12.602138181157455,11.2451329603709,9.806156981368613,8.959808127709104,13.063773970086832,16.317958030267423,13.745413740166994,9.87201882307332,12.81339358982378,14.463447491575373,9.35214948700332,6.351371854935417,10.378338434463426,7.49299522350689,9.682531358594174,10.465056322581253,6.8671581310925704,9.701930386082179,10.547836434502374,7.582454726837657,7.246217254216188
17,13.88585147599486,10.458852520411552,8.448131441104508,7.874876941922337,9.440906499031406,9.74814019362805,5.961803014557494,7.874821547129163,5.336150440420243,6.93301108075818,8.136626332058306,9.67559024745072,10.510251860472163,8.040729199824288,6.017312026070688,5.484969566483952,4.8708001266693355,-0.0,2.3719763297213032,1.8495707445431209,2.040834007661328,2.5464219537245243,2.743874935611447,2.205052490665826,4.353444126144289,4.08966930319149,5.008707435583132,4.688392958286784,3.713120910753221,4.353504178927153,5.653659395106509,4.564704252025857,10.375169463309303,6.425151631051547,6.0385289657066785,4.930184943126776,3.29276862220026,2.528259201161256,3.333999137889699,6.367798207107648,19.474853675427386,9.709800399464042,6.8263113732466785,10.742858814197982,6.617097470425949,6.835115973288241,7.504779695095244,9.142829601146875,10.239887616018121,7.052854900247664,7.9809102887381655,8.616664555962217,9.112178007590323,7.741032554199746,8.862906226343995,11.874380069215624,9.794664406426651,7.308927097214643,8.030327847889083,9.494885656818951,11.38448556089545,10.247961660250946,9.879075961699401,6.622843588265793
18,15.852550028674353,13.72736702544981,12.424963106635904,11.668869158589338,13.339961482522805,13.493820551340509,10.21104726109184,11.046516671827211,8.90489499463794,8.256025772556853,12.158102715940409,13.215949387964724,13.421904374765319,9.520950160134065,7.19267249351699,6.792524745379603,5.759629247716105,2.3719763297213032,-0.0,3.4589260161271875,2.1616141315995425,2.931384678663795,4.08889363580482,3.120334905600157,5.483792806444331,5.491092107603134,5.47009304705971,6.150339140583793,5.125485605635637,5.9484275065470245,4.438207439401374,6.8939645897373465,9.206218527076855,5.027064770632028,4.887105990435367,5.600658320238536,2.3477853545752834,2.878253793592619,3.2661245315571548,8.115571619054432,15.29264299384813,11.599525236481442,9.036681471420653,9.49467221438259,7.63040466310373,10.140429358286609,9.683059890451531,10.873832013406393,11.577092195817675,7.563731798267604,9.095087982769792,9.947776084620868,10.755226552999385,10.136147389350155,10.907161527077593,14.027777128664797,11.890307080760392,8.61546054959167,10.261025337574598,11.439580126591297,12.50582673168904,11.856808243715626,11.562721491046652,8.705731761191922
19,14.048863839412578,9.203678287872062,8.417703405321175,8.060372408588307,9.151933622356175,9.802954115094131,6.4098669378148285,6.310482114357086,5.015949667071616,7.882737793750863,8.899184263470202,9.977782008843562,10.34857143325288,8.451210484301779,6.562709008096462,5.626934899136711,5.341583137803988,1.8495707445431209,3.4589260161271875,-0.0,2.5800189360872325,2.68886396661669,2.9379084105318634,2.661793769776587,2.7640584764910505,2.808379455912943,4.68634661432966,5.000001303624796,2.036718419509954,4.16670543948884,5.08414134126609,6.36476298712589,11.448969567840312,7.200997988712671,6.635636819528944,5.4544113425121346,4.076763010723533,3.830634040233749,3.7918160504102505,7.128172511135369,21.39523181845933,9.337225602971287,8.28788238176515,13.778323028342239,6.216445323585426,9.124892913796504,7.767951680147778,8.359260730820527,10.267034756175484,7.263732008884779,8.512412424889213,10.10277010308095,8.83585994434974,6.9557664733194,8.073951754722177,11.126835384910246,8.60099275289668,7.755363552259752,9.442963399843206,8.553057897086289,7.083329298706598,7.809707725642439,8.520898979473754,5.959294535757363
20,14.28631545882561,10.62823499054853,9.683127894193158,9.39701944332545,10.451272350196767,11.324367240431878,7.275485376226775,8.054146517600044,5.2331452386668476,9.322404153340663,10.430133954225253,11.395301935624108,11.18202986044732,9.810454242631392,7.727353361046587,8.04210702211319,6.010525591570136,2.040834007661328,2.1616141315995425,2.5800189360872325,-0.0,2.2355612295139817,5.124736071806608,3.0810841678743395,4.117562977587423,4.441649898185038,4.4150061954290045,6.972735789502507,3.795004757976729,6.554453466509539,5.008864139326711,4.097432507876844,7.414046165418291,5.639170691420539,5.365755904242497,4.6270455174584955,2.050316818968073,1.8187596800428771,2.586215919023514,5.755204030392899,15.020247675880652,10.08560409002782,6.670660625599127,8.764733457115673,7.966902937685515,7.032738232545289,7.745322129224002,9.636563264253475,9.774896600514852,7.043466304452504,7.088903252477191,8.589640143220377,8.839906330188686,8.149090216453637,9.561134496111269,11.575070210783885,10.620487599601347,6.266685411065379,7.540099739497071,9.61453261256637,8.639731893395064,8.576593780088315,8.42026172812031,7.430117201298911
21,11.772833015490201,9.548589952526799,9.5980388813727,8.600682495367312,10.381657959766923,10.558163052862747,7.182031970542038,7.50994892946278,4.4674274692926135,7.310379671215204,9.795414983637128,10.180028544320393,9.212032113549219,8.351512611509293,6.152644259712168,5.914782609928447,4.852085930853339,2.5464219537245243,2.931384678663795,2.68886396661669,2.2355612295139817,-0.0,3.276628334589134,2.1727376794974647,3.250100369425651,3.136426833305583,3.2889858389758713,4.881409341159022,3.0674605505282626,4.51133022174726,5.54872387895432,5.474074932261199,10.65611009790086,7.610397919001164,7.74554647841047,4.608450961184881,3.5328667017944824,3.587258205592917,4.460381770873308,6.745800275658693,18.498783453207047,10.17878568177259,7.5635304717307505,10.102912488680326,5.617442668201301,8.152688638037574,8.488415077184866,10.064503496622681,11.094430304095727,5.840212860570624,9.113506424460354,10.870118126772885,9.261757503870292,9.09579056243321,8.671133679534723,10.57609416803581,9.88086072941785,8.88033942597533,10.605409572774718,9.031062385197625,8.640681748583743,9.562393098016374,8.779471969968993,7.333168825716678
22,10.817352462200368,7.355680947991953,8.11851221848903,6.538749568342732,7.836971783852346,8.067678724984091,5.99925691773043,9.190171118021828,7.138056048171761,5.624421693212236,6.650085621226236,7.388282315969165,8.92326506241708,4.786620498411512,3.6886329737151624,2.6565013218658264,4.5691192176497655,2.743874935611447,4.08889363580482,2.9379084105318634,5.124736071806608,3.276628334589134,-0.0,1.269611227963781,4.42156392558308,3.0663855957892094,5.023954080501138,2.9931796099568984,3.139462273534561,2.0931508825029552,6.884307239801358,7.114123769295029,16.7788668009984,11.39996724116779,10.755872955769112,6.610658191804123,7.039305123004594,6.457606012948409,7.261776454193964,9.717349733782548,22.716693052036184,9.876860636714303,9.230775478138058,12.074946280042335,7.027661788954067,8.025379768616833,8.44374003918883,9.444050827999865,11.657039809095044,7.396712553870816,11.894662710555204,13.253553967794549,8.494715266254234,8.475593864928777,9.541835832575023,11.922499781962332,7.6132716357053,11.100589910454348,11.458235852212127,11.164542721118016,11.297726357980013,11.1461871793579,10.761883744415204,6.290069921375684
23,10.858765758730994,8.356139575794273,9.129151969288305,7.609392028274928,9.853640815786427,9.777600441511629,6.46497907487157,8.456439718642056,5.555215343421658,5.4070887554111895,7.91875824643844,8.886478856243926,9.00169652648756,5.04315522007809,4.030166488554462,3.247057574290767,3.6252321639197387,2.205052490665826,3.120334905600157,2.661793769776587,3.0810841678743395,2.1727376794974647,1.269611227963781,-0.0,3.4648526635872368,3.211491978806326,3.2559106723938247,3.390981458630716,3.261624230107908,2.929540280236225,6.201467636255167,6.173404033227489,12.89999704435301,8.24455360235994,7.588775494682922,5.339877159328925,4.548555923964068,4.757475241750523,4.891313469821424,7.85929486285113,18.887851998571236,10.084977203536285,7.686099964848173,10.340824541526658,6.131189157044986,7.388649677095842,8.608280753795496,9.426541115888288,12.369429988459071,7.6697837134038,9.619854675820072,10.614600303196221,9.969307541380898,8.481889195092734,9.01604212499406,12.641371866139899,8.7422053429439,8.849374361737544,9.017063765067643,9.912998067486493,10.836876130000581,10.679355925513828,9.731091271321912,6.97522198123795
24,10.725659802556953,6.96916732389828,7.831937581887698,6.7215224486308145,7.477059831425045,8.367321301480146,6.456617809560782,5.536489752003207,4.6236892311698075,7.469574067207382,8.843242727323572,8.422995401064346,7.460407882996793,6.407400022921633,6.0286836579686645,5.722892257828003,4.944558935364332,4.353444126144289,5.483792806444331,2.7640584764910505,4.117562977587423,3.250100369425651,4.42156392558308,3.4648526635872368,-0.0,1.3364538353773758,3.393160209059597,4.670039903290378,1.7031749440958304,4.255514669262109,5.837463167870948,9.060345094246768,11.90291003326776,9.036277383433426,8.536050197789715,7.531214349792429,5.658971574604509,5.691948439441604,5.185133873448199,8.619921499460034,21.617316211900583,8.237075770638057,8.597924096555776,14.8658072950566,6.007679999740895,9.210904403558338,8.248660147673865,8.04356148580249,10.919322037141145,7.263594831606543,8.988271005475019,11.609901715813097,7.438595536943663,6.5025768268222786,6.760689629788013,10.004620840306327,5.874043560283604,8.13788625832854,11.291959843937194,6.061198847142543,5.417534176885584,7.43490836304705,6.75583149542581,4.86372773399403
25,10.282579584494586,6.05895250431905,7.485950727557785,6.566910865525992,7.137799574805268,7.8192197988430605,5.991357023612833,6.246434714788938,4.974230360419738,6.999266733472805,7.982489765718084,7.390433952895805,6.981250549086453,5.9375217692061675,5.1600370114009,4.6189695674932745,4.7536233648722455,4.08966930319149,5.491092107603134,2.808379455912943,4.441649898185038,3.136426833305583,3.0663855957892094,3.211491978806326,1.3364538353773758,-0.0,3.946824278274815,4.133542725839866,1.81363698098501,2.3570062589151144,7.081747464786208,8.476555036169154,14.20820465273321,9.789821285113767,9.31537822363349,6.912771242350208,6.1339638280612405,6.488966567177554,5.793730472810381,9.356972521243126,23.52557244083023,8.26524441493706,8.737705911635345,14.934817483258703,5.595335513700056,9.276325967709601,7.954139503712888,7.336477514205199,10.550421534143176,6.718733287889463,10.384755893035315,13.820330569065419,7.329810379389447,7.205334028918899,6.78214745794332,9.959941718656651,5.552455415080348,9.679365480701884,11.548087927190863,6.961483721951794,5.889241914505469,8.388563586632806,8.118570531157257,4.971900124403992
26,7.600198534782333,7.585162570849127,7.514697276222561,6.976928874754615,8.021924339387459,7.7521976374672334,7.203059696416231,7.813083755750272,4.605038139856361,5.7788151206261285,8.280466140001009,7.680955876106964,6.804269627846418,4.172774039345451,4.8280390729509035,5.411891384283509,2.539048022711347,5.008707435583132,5.47009304705971,4.68634661432966,4.4150061954290045,3.2889858389758713,5.023954080501138,3.2559106723938247,3.393160209059597,3.946824278274815,-0.0,4.006001787980991,4.630383176896256,5.279826836082316,6.899130715615548,7.673814280018779,10.753398753845063,11.435713726745384,10.94908913190332,7.1316887578801,6.070072388072099,5.331206718038588,7.459505517281722,8.6310071206185,17.958116209546173,11.106379432150975,10.838109712507352,12.541723963544582,8.93893578734966,9.471843253950656,9.563453464132293,11.883772629472592,14.821217759420103,10.194564890547381,8.602085604590455,9.429989173085113,10.662407329243432,8.526648761070858,8.192258304303182,9.345104356007589,8.080472917428727,7.857104803999889,11.38766621278166,7.913153939337548,10.110438938829319,9.319075598399513,7.030372066307382,6.118118315212827
27,7.801933176455068,6.083887980351436,6.669883940384614,4.828610799703905,7.038357952783496,5.787395079158207,6.119547454457037,10.726539237158224,7.327090340023464,3.8804717469643704,5.497260124860342,6.678324796158601,7.466331994200748,3.358878435752394,1.7773853838461933,1.7489535825097846,3.2735366641746118,4.688392958286784,6.150339140583793,5.000001303624796,6.972735789502507,4.881409341159022,2.9931796099568984,3.390981458630716,4.670039903290378,4.133542725839866,4.006001787980991,-0.0,4.219875346211426,2.7053383471428223,9.558313190140696,8.774184427260973,18.52887762543184,12.902759432997483,12.850901136721722,7.874278122572856,9.0688028084783,8.24370034958471,9.121786176397118,12.26714461772794,26.843692472791762,12.533803122673456,8.638255901050803,18.26284229827253,9.898906248219369,7.93637106575616,11.058980949750401,12.360818509874212,15.110788286456218,9.405822144529683,13.480245466830368,15.048630785903997,8.997891021782086,8.800670894710269,5.505789225851547,10.729254662691467,8.10979069912137,12.469285034409387,15.00294642888281,6.303630544145947,9.612434052879086,10.076811294649396,7.591527549549981,5.277869212540756
28,12.334557201145863,6.869705415075403,7.178795606139857,5.939766832235267,7.084693506606864,7.89697021212809,5.304674024980091,5.938111841017515,4.7012385556653875,7.323559675472197,7.7435037772735225,8.183357908175875,8.336463851201525,6.691763891003507,5.778228867006306,4.821034442210711,5.345824839977279,3.713120910753221,5.125485605635637,2.036718419509954,3.795004757976729,3.0674605505282626,3.139462273534561,3.261624230107908,1.7031749440958304,1.81363698098501,4.630383176896256,4.219875346211426,-0.0,2.3559405691436157,5.521310425508729,7.353862606735642,13.116937747340293,8.483528238486839,7.606793015705628,6.913210524173493,5.357085278270117,5.719352885446026,4.4362026997482085,7.727367291356393,20.025974216878566,9.078495738921907,7.692444586546678,14.291093055242868,6.25956008108987,7.041421071443769,8.287234216287231,7.467329507344363,10.943112890656728,6.589531323342739,9.358773941512299,9.825526146781515,7.551990625562598,5.9180513218896476,6.537186580740393,10.362573311888907,6.559840630053789,8.372037391039644,9.853392860567855,6.977980774008298,5.575974498193723,6.808665872355443,7.207280037913228,4.7312067494492895
29,10.675162390697716,6.440138062693235,8.777963013624213,5.87631607561236,7.3634625559255475,7.777917671647424,6.579318866767482,8.83387965603906,8.430147135172277,7.115301113626636,6.787447377768984,7.196915718323798,8.537302601276531,4.607804473686093,3.452517545957275,2.2508816096121906,4.934596662226837,4.353504178927153,5.9484275065470245,4.16670543948884,6.554453466509539,4.51133022174726,2.0931508825029552,2.929540280236225,4.255514669262109,2.3570062589151144,5.279826836082316,2.7053383471428223,2.3559405691436157,-0.0,7.157504662745079,9.423203369892844,17.3750347176008,12.413826982097941,11.937318830628117,8.450644474468426,8.115009162912742,7.732584011633153,8.121270547171445,11.883069519355189,22.248495456432124,11.399010009242838,10.47451366860538,17.43792878895485,8.064361121779124,8.217605368291492,11.276915423885047,10.674829193923403,15.817554346945078,9.489383338926322,12.613967248340181,13.496902612482742,9.408892441048456,7.444313784688023,9.483560154251114,11.366279362233222,8.28795326163126,10.916440940386623,12.327976148300538,11.088341792432336,7.9872487297897905,8.743369229774194,9.980201416217495,6.925336559626861
30,16.00975180971871,14.050809710719916,12.960253764479496,12.941477180907858,12.954078227811737,13.252860778951346,10.379519483192954,8.290619794739031,7.2377561516845335,10.783725127339787,12.907065681319603,12.116541947177161,11.639959025711612,10.95684859301001,10.380781642517077,9.900021183694964,8.01763237132978,5.653659395106509,4.438207439401374,5.08414134126609,5.008864139326711,5.54872387895432,6.884307239801358,6.201467636255167,5.837463167870948,7.081747464786208,6.899130715615548,9.558313190140696,5.521310425508729,7.157504662745079,-0.0,11.20096786614122,7.714656290292479,8.37073900413591,7.893716762904445,7.9765950743583875,5.402112960154263,5.784129499397776,5.541896701013843,7.947641535480963,14.455750488348428,9.08146905229039,10.876730389963823,9.123408847088495,9.43187717610589,11.676046202933556,12.88249598055177,11.7142185416309,11.028340362149573,8.35167614539034,10.569756795294483,9.934019342027678,8.739067247692784,9.553844358258972,11.97631703304036,14.038781519276315,11.91934061710074,8.58698655333857,9.826398698142171,11.167986011041611,11.879699524407766,11.350471594868859,12.039570428848263,10.120650138937055
31,18.592642853238498,14.29432341507269,12.779119598513045,13.298691269999066,14.620911158236682,14.257143782730347,11.589487361230981,18.085168266902024,7.485600442696677,10.462473559782703,14.146913393483109,15.08011001969386,16.04201716168277,11.544811679653803,9.325286061776314,9.816215190017951,8.67703401627374,4.564704252025857,6.8939645897373465,6.36476298712589,4.097432507876844,5.474074932261199,7.114123769295029,6.173404033227489,9.060345094246768,8.476555036169154,7.673814280018779,8.774184427260973,7.353862606735642,9.423203369892844,11.20096786614122,-0.0,11.186401866313897,9.797168629245043,10.099023770738278,5.704998876439049,6.2114219814759375,5.5857460310285205,8.258337375088164,8.592605913878545,18.0495915497213,21.417654790862997,9.104169823232409,11.606028572742108,18.82086838851851,11.032799610138293,10.844342886288548,21.49133809833724,13.988221768635293,14.378999745121904,11.51667305770562,11.93435391168854,13.012099972432623,12.329476591358427,12.802716620034124,13.759818230111575,14.532961172627116,10.61731447506224,10.667964296671224,13.697164809929438,13.094806697242317,11.817454919469728,12.654028252682629,11.691815266742001
32,25.260873353242395,23.19463198972939,19.937259213509794,21.14062271698169,20.474665415648232,23.410905437957915,16.763699331939147,14.667674545774174,14.697753865465323,19.947467528060788,23.189906856471225,22.9906927372396,22.903079823238222,19.990307656121384,19.326987483162196,20.102750255786596,15.809878902333468,10.375169463309303,9.206218527076855,11.448969567840312,7.414046165418291,10.65611009790086,16.7788668009984,12.89999704435301,11.90291003326776,14.20820465273321,10.753398753845063,18.52887762543184,13.116937747340293,17.3750347176008,7.714656290292479,11.186401866313897,-0.0,1.919996445459065,2.358535741503735,11.75597833313463,5.308550462752384,5.791355828316329,5.6742628310055,14.319880897164829,8.487078782779495,14.757482716948337,11.375502052829212,9.97561225695554,16.80841283745988,16.00314670333699,13.966110549937037,15.381748888958455,12.370372094253423,15.694543975375785,9.552943159845979,9.00720306039462,12.911677366095926,17.345935218241074,21.21394868918464,20.48987372128875,22.487167883175566,9.819457266219118,13.188248517724876,19.86808671921882,17.551315466665294,15.049274382279163,13.390118187046737,17.14401896579388
33,24.56084913082089,19.17996437594245,17.89475763773885,18.00329049898317,19.270336307603277,21.15928670863516,14.719816314958509,14.296930005342846,14.116105809773433,15.455855786813249,19.965480819477005,21.69539804510907,21.394684910930224,17.336370530591218,14.501540792299707,14.51990907600257,12.215745398390593,6.425151631051547,5.027064770632028,7.200997988712671,5.639170691420539,7.610397919001164,11.39996724116779,8.24455360235994,9.036277383433426,9.789821285113767,11.435713726745384,12.902759432997483,8.483528238486839,12.413826982097941,8.37073900413591,9.797168629245043,1.919996445459065,-0.0,1.0068523515171348,9.622994921688926,3.898180686565295,4.631455731256645,4.133204572755806,10.824714291039458,11.56217115418203,14.309826645286039,9.992896549628442,10.406019399198193,12.281731831401677,14.061303519110018,12.525788037052285,13.51526836431291,12.112822230111753,11.132468411019392,9.624817991691138,9.17225974160306,12.391082344107817,13.68111084999116,16.205125427854032,20.658945129449826,18.102919064260533,9.85052637410155,11.696947165531073,17.181216283010084,14.226476046330282,13.01777785059787,14.972511551818043,13.318447045943502
