,0,1,2,3,4,5,6,7,8,9,10,11,12,13,14,15,16,17,18,19,20,21,22,23,24,25,26,27,28,29,30,31,32,33,34,35,36,37,38,39,40,41,42,43,44,45,46,47,48,49,50,51,52,53,54,55,56,57,58,59,60,61,62,63,64,65,66,67,68,69,70,71,72,73,74,75
0,-0.0,1.4999218223238204,1.693328893714415,3.5554614949554324,1.7132921951634308,1.743020931621942,1.5603126511549728,1.5504172117194186,1.6224281446497957,1.5647664937444141,1.8709714701538647,1.6324255400795917,2.2660389412738904,4.047750926470649,4.317226702777277,4.192380065648265,3.173143951919145,1.8116864347121489,1.679980747472665,3.3509581805526714,2.621322512566206,3.020539230370235,2.953140646575929,2.817747867123724,3.111944359787831,15.307547976687541,3.999135207231383,5.3482174647138,61.86242789304931,2.572762520929735,3.221077773514998,2.0354725153669384,4.24554995483811,1.7330539149842523,1.6316383389556748,1.6728417290200481,1.8052383254896132,1.3503204409587453,1.6838086140458237,1.8614450156306344,2.866916843814517,2.025470630464208,4.3687035053120296,3.0503448927208434,4.505349678414644,3.600613442663994,2.3576894230501826,2.165992915937438,1.765834529221451,2.5895380775314147,3.0177305823699037,3.018202770315936,4.064202133198663,4.173143287975138,15.588263894363273,9.124812980416557,11.718199589505764,46.20352045488127,8.659119698987432,6.292745830880568,5.455834998170201,55.48760212368861,60.91321914539115,3.7032594779632837,5.4206116359051455,2.419644454848416,9.255803274795579,6.6956217213253595,8.426874034026877,5.776962993756326,53.41247559536281,68.74063607053867,4.414819655014086,5.2131604381771135,4.025534080104166,9.235409366188016
1,1.4999218223238204,-0.0,1.3099204889852862,3.190723069933832,1.367328236477848,1.4222100063569088,0.7571017189369562,0.5965856160695506,0.5823183100621367,0.6818725400737797,0.9524993970157595,1.3208241233850324,1.3570422408575926,2.386489289563521,2.601864277784086,2.4439866008492754,2.931518171379037,1.6542229050759227,1.4803397064232975,2.3070873071447324,1.883297138376722,2.348006518754157,2.192133462757683,1.9033396333746302,2.36636247068219,14.563229773508573,2.924002986803919,5.102407331350733,58.947157044104266,2.232752766926723,2.7058644085427996,1.5003415834377418,3.7580589972702914,1.3807583307705384,0.7270861791864844,0.7172688005791551,0.8523494208408601,0.7926273330005613,0.8443800522661713,1.0092034044774465,3.252347158080819,1.837963486658343,2.5713225186271274,2.7972394229940196,2.719721712878278,2.8111445710952756,1.1253614359867146,1.3511492036318176,1.0331196153768583,1.929659568439004,2.311042419900319,2.3184703224023324,3.9081872554565513,3.957933242658197,14.710948525284623,8.567782451365753,10.732986793048916,45.98169749764937,8.811288230937132,6.071506339285111,4.890278074338939,52.31334523688023,57.03635821583621,3.990532373277257,5.2857649665138435,2.2324013137320153,7.390357615199376,6.978086469547743,6.776071399573801,4.90978291069668,51.48241529597614,66.30717931937396,4.073843946920652,5.003712118100571,3.450121778900987,6.491964272367639
2,1.693328893714415,1.3099204889852862,-0.0,3.6188186657051116,1.9590955481453738,1.3429801985352432,1.994007480939967,2.147104962379996,1.8789823452971006,2.1800698978672797,2.826353910974757,2.563772447388477,2.7909134455119964,3.4064426954508096,4.518760531848407,3.494292119451735,4.926796597897154,2.216102636430644,2.2562112687108447,3.008232049725355,3.5905630715651244,4.039206676729582,4.483607153618614,4.580587459500244,3.794084691620924,15.363426674187606,4.200736722090819,5.175351889337055,61.42361915571103,2.488122401249634,3.7716298022914754,1.9230369186259226,4.638025825106869,1.9306567284138272,2.523190217198289,2.506629639329824,2.7548649150368743,2.7136170575708674,2.511862436753753,3.0606484384900976,3.74702053001045,3.038832656056323,5.242944268312562,4.610181063183492,4.80329857494567,4.4999112426296355,2.7756033458877147,3.8395495442572143,2.1463647611354597,3.6156779773138092,4.125520132890612,3.9257119636557354,5.391810825976135,5.411004055548657,15.890333108239084,9.436193164028579,11.974553484028421,49.33331907081392,8.357345077050766,5.74382649082666,5.551368119680044,54.142873166491036,62.07691892222714,3.8049452652446174,6.8768583146503515,2.883077979085389,8.770115503668569,7.983945186979055,7.139358921897907,6.351575354798681,54.06051034848062,71.23146915560434,5.399358335586255,6.988587419303438,4.446033805347456,8.559002198911935
3,3.5554614949554324,3.190723069933832,3.6188186657051116,-0.0,2.9283509792538918,3.4659838324798056,2.44586418485639,2.63219479878405,2.8199902913419437,3.4305665542575,3.2310923370572557,1.8122537455360495,5.156663144700841,4.118980542741059,5.6198398336533675,4.339369588881496,4.460565057634861,2.84137060378885,2.4860764307070684,2.720689914185044,3.5014867694744023,4.267667055792259,4.215412918386723,4.473130399048276,4.3177441888440535,15.1495331588694,4.78039955357711,7.680626326122228,57.00845527656036,4.3064210679391834,4.267129843027137,3.8138007543667767,1.2705475933949728,2.7821900680571106,2.647779629101287,3.060540832530183,3.6407281950005195,3.1331140054082125,3.0571688014749867,3.4627951110271757,3.690631144914879,3.185052128581746,4.1815833296370695,4.700367558135377,4.963731547276103,4.651131441234439,3.6622465556397694,3.467315235282425,2.6014659255884465,3.966189532549454,4.108778635271744,4.116056323139204,5.712419081180022,5.569458870547163,15.067053091499437,9.413753340884082,9.237061889682174,42.04624195274941,8.967845380731212,6.287422987669347,8.079588720987203,59.61200703913465,49.63474596948074,3.554394498776038,8.600506289841189,4.965342115715232,9.804084126527448,7.108443931831472,6.1254631413406795,7.224599798248722,58.274004413383686,49.40115413685737,4.0102649586913754,9.205803029978552,7.298426658211881,9.085653352218381
4,1.7132921951634308,1.367328236477848,1.9590955481453738,2.9283509792538918,-0.0,2.499119942858978,1.6962677769328944,1.7414851366042088,1.6737763227636864,1.9791617339525913,2.1855304401911666,2.2145548425855526,3.254229664180591,4.19870576817275,4.825814416682068,4.730910826770461,5.168336091695914,2.4639913236765145,2.153308587845266,3.3360529524428513,3.606567317640323,3.816830152745261,3.1388110417746216,3.55003767285947,3.826908807657283,19.521003619053964,4.7098306344547565,4.145256734155202,72.01587623665495,3.1892545190287214,4.145897206880901,1.6010161711663404,4.916466822749477,0.26786142953541275,1.7000688064273954,1.7752251043830514,1.9503682061618381,1.825361287445889,1.9338089641479215,2.164811937604222,4.904835496303689,2.921708770384158,4.653901933336087,4.651553241397066,3.8165289445197943,4.501006987285466,2.7408889198483504,2.5919917569659363,2.230122141118293,3.394586166091396,3.8963994273903,3.911854745913023,5.504188188846261,5.533646814803354,19.90324726265357,11.086479164654326,14.121426209625719,64.38865876056457,10.412579475266584,8.393386348232037,7.197439821609871,56.66640191128791,67.40159878104588,4.946182595048728,8.454320564330763,3.897291959124848,11.841259277136206,7.687213134811588,9.241692896175396,6.585889418459825,53.90868501236639,76.68178140753754,6.539939449737307,9.324375141472098,5.52231110466797,9.66413376774896
5,1.743020931621942,1.4222100063569088,1.3429801985352432,3.4659838324798056,2.499119942858978,-0.0,1.8440293246930444,1.7962347680844433,1.6077071523803412,1.8158034439895465,2.3474733984699183,2.3717527184089593,2.8013455997148657,2.4845978126082833,2.8183371500448957,3.6038200791077513,4.009280759875399,1.9713427739549731,2.012864310982767,2.2827366075669024,3.056960405428512,3.6492448481783124,3.9559452652033764,4.294994830565151,3.5111968925241936,15.07212339265744,4.586403719243677,7.71992643437905,56.20288043227946,3.61959036073793,3.6044278538364103,3.0253727100181083,4.7267752954688245,2.5160337205659817,2.589688741361465,2.4941754710740582,2.659017745955132,2.4815112429165715,2.444950824709805,2.752520867178492,3.5603198791359656,2.532475833900459,4.824471813215465,4.791157272617994,4.971240182132873,4.011554484168419,2.369736688286872,3.5735991354684766,1.7423599893282935,3.2002246010856523,3.640292881415562,3.5169945382368692,4.700548304011141,4.747298246509726,15.778014617530994,8.148253370951137,11.780658687184546,48.947446807071685,8.310882080941518,5.664415646937,4.994980129419342,57.76765777406683,56.988512607002,3.427316156745088,6.506605499268384,2.9297426237601623,9.070158805893636,7.613320821395541,7.252590261223487,5.822392048667768,56.30317786644423,64.52223243991821,5.298210873211923,6.591050225886229,4.793436281294049,8.930903488767365
6,1.5603126511549728,0.7571017189369562,1.994007480939967,2.44586418485639,1.6962677769328944,1.8440293246930444,-0.0,0.42836946831041284,0.6805274762314731,0.6207829980184307,0.751048859175357,1.3497187341898125,1.9619891550654138,2.153086786868947,2.6747037715948387,1.9075874502506636,2.4486355152440717,2.0617141684745386,1.894303440248143,2.71283058212593,1.7973112611024613,2.1694640055783796,1.4668487906622365,1.4621357886162556,2.1253108602005706,15.426131593733526,2.8824495797725027,7.24837804017671,60.50841069170551,3.039123079817467,2.7873079285477176,2.3690312505451705,3.5902688235471003,1.8342564224080338,0.602852891883793,0.5887700767102764,0.7435667846735049,0.7068238896309444,0.7261909773989137,0.7600958124601828,3.1438611758121464,1.2550817032955497,2.2196080394054527,2.183225414110362,2.500354925442597,2.6023185135232185,1.0270016891265124,1.032631915611283,1.6348772139259942,1.6930764556660782,2.054317959719983,2.054160364940993,3.752562382669838,3.7940643637514992,15.9889874409001,8.245078106236901,10.926569226648507,47.73258158908837,9.427293658462567,6.4640006437370925,4.234237591006383,53.63009748368297,62.34790630943346,3.6846136112957004,6.008833933150051,2.4688122034187248,6.5415597235440845,6.763492766325989,6.916867968236499,4.900799577793725,51.28202128854109,59.48181451506013,4.321222310067954,5.3336298940605325,3.475340078139758,7.212035995718711
7,1.5504172117194186,0.5965856160695506,2.147104962379996,2.63219479878405,1.7414851366042088,1.7962347680844433,0.42836946831041284,-0.0,0.3837951377688541,0.4096367463100978,0.424461727660139,1.4038390233735991,1.2760360371465866,1.6333211322849215,1.8572748893583841,1.9235276908548888,2.439974272276555,2.046052186840264,1.7615326491045864,2.7049244890151383,1.5732663838673928,1.9165945903276154,1.413144466174413,1.3829193034579077,1.9495344727214394,15.409725710846303,2.9860620630830628,7.821278628700144,58.5017162190686,3.1919837368007182,2.8935362368306103,2.659459997030306,3.5304888323329178,1.7934956754588578,0.309567820786774,0.3313008403429119,0.3500035338280388,0.40941031624629776,0.40197802950585715,0.45319668190992174,3.0041063883122123,1.1388801986301167,1.8901727258020793,2.2131708603999596,1.8364935574124677,2.320378087039441,0.8995390034221952,1.1889475537760446,1.449495865270664,1.4781016316406645,1.8411585407068496,1.8645204485928804,3.751712397578167,3.7884228045269417,15.821688097168577,8.564782006554495,11.192060488711547,45.87025836995898,9.52725854696126,6.375469994352446,3.993731956551912,53.45153776390406,55.77606592725544,3.571978820929876,4.777763596563432,1.8860722230831626,6.539664021201846,6.843040482204375,7.219658753558939,4.19291983298057,51.61545464459643,57.55589495281786,4.089501422556931,4.798285628392259,3.1843670447328756,6.06627391335909
8,1.6224281446497957,0.5823183100621367,1.8789823452971006,2.8199902913419437,1.6737763227636864,1.6077071523803412,0.6805274762314731,0.3837951377688541,-0.0,0.47417534853970716,0.5859842643237557,1.5268501945667339,1.2653807050310648,1.5763095124577593,1.8680449580645702,1.8379208714600888,2.2739302857547155,1.872792840982295,1.6184950743937239,2.6360986632363197,1.5456320384179805,2.0111901123154494,1.6444578368890088,1.796616040446544,2.0249062619207523,15.837926072623135,3.0646122702871033,7.471582610082295,59.633174019875256,3.0628455901358014,2.9949774311021167,2.5351038783902853,3.8251757364246273,1.6363028572499478,0.648240842760776,0.5937061641982699,0.6979595179598171,0.6243048420229339,0.601035698834235,0.7033156109125083,3.166999308810027,1.0752011933473367,2.244815200183798,2.3129025009774895,2.3342808454714845,2.294039765971428,0.97947746180332,1.473913613474376,1.5895199575644332,1.5717605506548002,1.9320630467758835,1.9464050217188102,3.7069810059342023,3.7275916423189543,16.719519353944616,8.561728643178933,11.959350146614,52.33658319104817,9.570614630114335,6.703558019211861,4.236422520301708,51.54940497696965,57.884013689581046,3.4713353912999985,5.374685172380244,1.8669092461333536,6.738510401930628,7.473339165843025,7.096331175178815,4.16600801697805,51.36262876483547,60.537978458533225,5.404588347969145,5.299627802977995,3.3116754510791613,6.235173330277806
9,1.5647664937444141,0.6818725400737797,2.1800698978672797,3.4305665542575,1.9791617339525913,1.8158034439895465,0.6207829980184307,0.4096367463100978,0.47417534853970716,-0.0,0.371711164654284,1.655023939988482,1.096346366794497,1.515952305090295,1.6207758940043644,2.2023675160210496,2.427455211257691,1.941461860272998,1.9325624815120013,2.9380632890218634,1.6238109428378982,1.9295139614305206,1.361803926866049,1.4762250983472331,1.9713122404001864,15.169137412698031,2.749964882474951,8.072754415862208,57.03317227545038,3.1374545461463397,2.954552323146033,2.790590522881832,3.8557377002983526,1.9718911865899844,0.47060121502336144,0.48136342975747304,0.5121283777033517,0.4868572068440927,0.33510618417651433,0.46761054023480314,2.8684400229620697,1.1868621473406853,1.9190319847928865,2.182019492039603,1.873969655309923,2.3700591551342276,1.1661599608225188,1.2079686734002233,1.6639615691932224,1.508486848197454,1.881231651796564,1.8830335932897069,3.579075783644319,3.62071232727948,15.811539170081776,8.505024086609321,11.462854254053541,48.88083884890001,9.074800269227811,6.112615563837922,3.85799004436928,49.896793321835474,63.20718886506308,3.552163554125542,4.797799970171758,1.844179738967916,5.932956496625411,6.800605860309756,7.13911390035134,4.10402207343829,47.88196680158384,65.51417374877717,4.562139471086514,4.48697675667978,3.000499403909172,5.635963413899991
10,1.8709714701538647,0.9524993970157595,2.826353910974757,3.2310923370572557,2.1855304401911666,2.3474733984699183,0.751048859175357,0.424461727660139,0.5859842643237557,0.371711164654284,-0.0,1.7442269811895525,1.0444520085116464,1.4290641577862635,1.46737279174111,1.8390220245827178,2.0878978446724763,2.0688414019145513,1.9150956442963498,3.3245900632298424,1.4966698741349576,1.6855165441024158,1.0934271058328027,1.244768668606693,1.739284649296446,15.326098241274886,2.959165701022522,8.832384561184027,54.46285275897353,3.619599064496727,3.294480567433199,3.269908241380767,3.704046923926694,2.1789143997178675,0.41629705171839926,0.38627253333159633,0.3640331597372006,0.43784731292421675,0.3143969956140264,0.15114193732591225,3.0343248328175014,0.8987419354277865,1.5857126612855277,1.9087042474367555,1.5150548814351907,2.0415690956118016,1.1359421362837416,1.217508091037429,1.759485368825749,1.2723199306601543,1.6164901903944449,1.6355232039553402,3.7749282231496184,3.7971283115211993,15.543245837783571,9.064827621191087,11.341777911790633,46.94007528689114,9.234302895864674,6.667321686907484,3.678165863638309,46.47267370927754,59.560500694744455,3.896308406976882,4.450477300053638,1.7018146927674633,5.789372444435965,6.771506008043067,7.303365126346612,3.68282397680732,44.12672814392425,60.508214575334634,4.121046781141402,4.339924767505482,3.025478320581686,5.359564039136339
11,1.6324255400795917,1.3208241233850324,2.563772447388477,1.8122537455360495,2.2145548425855526,2.3717527184089593,1.3497187341898125,1.4038390233735991,1.5268501945667339,1.655023939988482,1.7442269811895525,-0.0,3.20016122999022,3.445495853841578,4.117403991866382,3.628886807859574,3.879807521509447,2.3715063628099524,1.8770393058116888,3.6761591575882813,2.686072424961136,3.5737373056621577,2.9016206182744666,2.869915108646613,3.676053678584943,17.489232277233985,3.6021479263114258,7.666842599895061,62.002612857569545,3.182822577339304,3.4536560922320603,2.3208844308153185,3.497319725652696,2.348890770007955,1.4772664308801418,1.501566405775913,1.72238433803482,1.5115065763426887,1.7935212342858167,1.7909970951283836,2.8661265352174152,1.799039256069374,3.6447893915420764,3.5911530721364953,3.923118064986659,4.34120637186453,2.1806727046454952,2.0011293656789495,1.4535991265473196,3.0252193753161936,3.385420360001447,3.44284709155575,5.149383992663027,5.262849768261759,17.561165105619885,10.300900303637354,11.93769200873784,47.03160283337955,9.587465947306402,5.566777182367909,6.3066527266436445,56.609171388160775,57.75654933744099,3.8949849915285037,7.91242239684242,3.759284795867049,6.976904278379029,7.6485001842831215,9.004276497980147,5.965380006915845,51.13949983587273,62.40874362935937,3.6166393436036315,7.1774262474619395,5.496276181766299,8.522063906225565
12,2.2660389412738904,1.3570422408575926,2.7909134455119964,5.156663144700841,3.254229664180591,2.8013455997148657,1.9619891550654138,1.2760360371465866,1.2653807050310648,1.096346366794497,1.0444520085116464,3.20016122999022,-0.0,2.3287626854919368,1.78538023894053,2.3259103649596082,2.603337142516539,2.224770730017553,2.5450352598353505,4.235622247239946,1.1797086441065125,1.4897099378358425,1.6100214072243093,1.1526563658821345,1.5371812182008506,16.267554917559437,2.7732272134608493,7.0705154787576,56.09312367367019,3.7443184658095405,3.4192425274991605,2.9004914886119897,5.169489383012435,3.2681874306531475,1.2600334444642036,1.0843845428994572,0.9842703400201144,1.1971359258519625,1.2993239365278821,0.932228068988364,4.950882436447566,1.929639120238363,2.399345981163412,2.4142373820641265,1.755348092349725,2.0818855476463987,1.6593919365485208,1.744509150842591,1.8329923575497025,1.071215740307375,1.3887670037973725,1.4437952265740046,3.7422078708072126,3.7157810710758974,16.26749016194331,10.22810104217388,12.010455861368643,48.8065782792841,9.597075634916884,9.549385329728961,4.464782566966237,61.04135925991292,63.864676073517714,4.3664103759323645,5.77508255489092,2.076898116521894,7.452323295532052,8.039402386046795,8.930483389034586,4.782358194685942,60.07569959410104,69.13509681080687,3.7802969863345273,4.835140226177625,3.2694665056777255,5.577514827056603
13,4.047750926470649,2.386489289563521,3.4064426954508096,4.118980542741059,4.19870576817275,2.4845978126082833,2.153086786868947,1.6333211322849215,1.5763095124577593,1.515952305090295,1.4290641577862635,3.445495853841578,2.3287626854919368,-0.0,1.8940290295298825,2.5557950877621476,2.8802440554675144,3.488477869076741,3.0646201269380637,4.187166167594736,2.5638143370405655,2.0110728921740963,2.65026712966986,2.8789169375270505,2.149751026891854,22.635108046472382,4.131266382591993,10.810611978684294,69.45869615608072,4.982498516683886,5.661588707505714,4.308855578360409,5.712085288076434,4.338131304518465,1.7792544894330184,1.7446024960165654,1.6474223881270544,1.8244725694790132,1.6435839651118103,1.5691606980431998,4.840250018552271,2.2728272359581037,1.7486899163206637,2.890360007372048,2.9418070973890345,2.4818270294640006,3.262434574474146,2.8268597933659345,3.6728603968967324,1.6826998806069133,2.0848280357118765,2.066529927732401,6.10812118229788,5.953765431586168,23.127666144215986,13.880503153810489,17.12254919456655,66.82644078810574,14.484571855569245,10.17922956175616,4.586345593982703,63.24525713915592,66.26414271168184,5.105890815811151,5.974589095006043,2.2811081352602196,7.498603384778048,10.641729822911314,9.563729066978336,4.670228578682518,61.64198411945353,72.0812334162467,7.828960217092361,6.9794178112129535,4.315601325823883,6.465898302555715
14,4.317226702777277,2.601864277784086,4.518760531848407,5.6198398336533675,4.825814416682068,2.8183371500448957,2.6747037715948387,1.8572748893583841,1.8680449580645702,1.6207758940043644,1.46737279174111,4.117403991866382,1.78538023894053,1.8940290295298825,-0.0,2.967063725414022,3.005445248286905,3.8748403217912886,3.7097696293219404,3.4224413348174427,2.5177216882616067,2.0891316513290077,2.5854004490447124,2.846272516654204,2.097484572158158,20.47250832002976,3.5104657421076175,14.119172645182765,68.09230950342415,6.224023522294945,6.16696957665386,6.227712292755605,5.37185377117272,4.809072333502344,2.2748824490002306,2.175176836157235,2.000787550630437,2.0708228734665157,1.815974072035023,1.7567117400011911,4.333226177214814,2.6401684518234476,3.111074941315068,3.870831957690958,3.052932641059555,2.138033463847601,2.457124263573349,3.2466555399619548,2.994315248082231,1.7057293256313928,2.098739825586872,1.9788329868237708,6.107392476397602,5.992131220818115,20.178662308667178,14.728802002557956,16.920620826160903,57.22531366337921,12.935861123326525,9.87542843695677,4.373380120889726,64.23022033487281,74.82897193970919,5.790140949496524,3.8778566848628118,2.2906319399334785,8.025537800513465,10.613141005914759,9.934376671150655,5.230564238097312,63.48682290055254,76.20261361672642,5.246158008467634,4.037658480589197,4.283377173183738,6.591784245371756
15,4.192380065648265,2.4439866008492754,3.494292119451735,4.339369588881496,4.730910826770461,3.6038200791077513,1.9075874502506636,1.9235276908548888,1.8379208714600888,2.2023675160210496,1.8390220245827178,3.628886807859574,2.3259103649596082,2.5557950877621476,2.967063725414022,-0.0,2.272936543745573,3.8860795939587924,3.642519628007051,4.68634823668767,1.390313133968103,1.7145983718633537,2.2327987698802074,2.001159633154598,1.828733142461079,21.451742290331246,4.023166660847473,9.280215268382554,72.14498802379059,4.611733869441159,4.468160796693616,3.423175031937644,5.7872100949315115,4.754047752090275,1.7337369803974991,1.788676152868151,1.7692554208850757,1.924937995483964,1.8766760149601924,1.658868230980408,5.670540591424608,2.305407147457954,2.1343149139462927,1.9228378113937046,2.343354281400664,1.908450613934096,1.925350326768666,2.089429430799444,3.818208447955744,1.300877257626766,1.6319197830116836,1.6067771429893807,5.738654323286192,5.578755818941813,22.97300547500579,12.417602883921163,17.272185548173866,64.58065373661819,11.770302466917267,11.397787517099262,4.772991608140159,71.33266913842093,68.41825979886099,5.329728176487494,7.889966650473812,2.4002705608301467,6.693394434563036,11.501188512233297,9.139005894750689,4.9129171822593225,68.8877931290395,66.86516725968515,7.725495425892359,7.038965262897058,4.05777127357303,6.634558498157868
16,3.173143951919145,2.931518171379037,4.926796597897154,4.460565057634861,5.168336091695914,4.009280759875399,2.4486355152440717,2.439974272276555,2.2739302857547155,2.427455211257691,2.0878978446724763,3.879807521509447,2.603337142516539,2.8802440554675144,3.005445248286905,2.272936543745573,-0.0,3.9385098645041596,3.584832340237459,5.612861742669842,1.4451122649248538,1.3870268365777454,2.0228887532136226,2.483109592782888,1.5546878796650137,21.36898295877552,4.163502454253308,13.602903499775431,77.03273576743305,6.198929124066316,5.0520683831861355,6.096321909022132,5.773356512146814,5.100557261661326,2.2927636867059396,2.2871071229546147,2.2598082460506346,2.2445630035889206,2.4006710563985,1.9740783487948497,4.934416397135574,2.7161397087688455,2.1446628970149444,2.356653563516556,3.0313077982398986,1.481625612136511,3.2327584870256096,3.1600797186034786,4.260524345927904,1.2327556482712985,1.3987292050603644,1.421361874732011,5.365173089665999,5.382298944918714,22.411257230949925,14.317190753524413,17.183567534898035,63.551528272584804,11.741885280086159,12.060356341704553,4.853505082920725,74.07400837648522,71.1519251653601,5.882736130030442,6.779771387088311,2.143439767829294,6.840197937990457,13.00226038281204,10.524814542969462,4.553812860492894,67.62106046071803,76.17121023268027,8.282519017391941,6.147794826013024,3.769017353217183,7.683409007555326
17,1.8116864347121489,1.6542229050759227,2.216102636430644,2.84137060378885,2.4639913236765145,1.9713427739549731,2.0617141684745386,2.046052186840264,1.872792840982295,1.941461860272998,2.0688414019145513,2.3715063628099524,2.224770730017553,3.488477869076741,3.8748403217912886,3.8860795939587924,3.9385098645041596,-0.0,0.8174461544255457,3.1958780622039002,2.417058561358862,2.975129074829909,2.542724369218534,2.668620986912902,3.1157971096034944,16.336248786884244,4.081807266350025,7.157080152557838,60.87776739332099,3.568083053301996,3.003439597601927,2.664288309586767,4.730527030234713,2.4938364256790932,1.8885931667446318,1.938312582182794,2.0077212929561283,1.8824255459672108,2.1178358646812,2.0300855794271744,4.105149109903003,2.6824937578993584,3.509877846595003,3.4394953332194915,3.5736848898278697,3.7287175547103026,2.859350783855841,2.16313204877057,1.8208456091061405,2.5706802364403485,2.923514665791941,3.0343260799795995,3.918879660791679,3.961467233627501,15.532290841089525,8.988510596232912,10.803220578842152,49.558277698430665,8.22665889885182,9.289433432026257,6.737116966157442,63.4700970394509,50.19486227124815,4.773098609102935,8.286887846061378,3.8792979475100258,10.53309623501923,7.714861422964553,8.091061759967713,6.33534144180112,60.12708759886473,62.33166958892527,4.330797912048405,8.21387697843593,5.299462873029313,8.88606128204983
18,1.679980747472665,1.4803397064232975,2.2562112687108447,2.4860764307070684,2.153308587845266,2.012864310982767,1.894303440248143,1.7615326491045864,1.6184950743937239,1.9325624815120013,1.9150956442963498,1.8770393058116888,2.5450352598353505,3.0646201269380637,3.7097696293219404,3.642519628007051,3.584832340237459,0.8174461544255457,-0.0,2.905256725433792,2.3239681971840653,2.817240087427519,2.731110571398991,2.7409179445499863,2.998279241148643,15.903433448622481,3.9008802224883166,6.916170010144454,59.57639245767523,3.4466495228378897,2.7642117019686943,2.4780550195624937,4.325589066630482,2.202538373711787,1.6564118865207547,1.6579960244855072,1.7838364240189761,1.6103974192764927,2.0424510181349818,1.8812400183424862,3.74836124293052,2.4366917068051626,3.0406938566257073,3.537149954080319,3.8681530605913075,3.5621854992121076,2.5201437667339555,2.0534321450062714,1.343452946289571,2.4555192444982232,2.755759689372671,2.940856279104967,3.653496312181913,3.681466019300186,15.063368214056032,8.785041581002618,10.560721357231236,47.652886746270575,9.80193207654103,8.368387420281236,6.756794681119459,60.44532946446407,52.32626336771276,4.9386204613807605,7.047669659799893,3.621385116707355,9.91696692895673,7.887700567125645,7.660640309614341,6.101157473341184,58.550105182722554,65.71711743921846,4.084019497328493,7.84789586077376,5.401679788934772,8.533859743220706
19,3.3509581805526714,2.3070873071447324,3.008232049725355,2.720689914185044,3.3360529524428513,2.2827366075669024,2.71283058212593,2.7049244890151383,2.6360986632363197,2.9380632890218634,3.3245900632298424,3.6761591575882813,4.235622247239946,4.187166167594736,3.4224413348174427,4.68634823668767,5.612861742669842,3.1958780622039002,2.905256725433792,-0.0,4.436053466331843,4.787357803202953,5.251714775954959,5.532835019050087,4.562946361411683,15.834461945620102,4.97253602651113,11.685584142252742,58.04258442917778,5.144762085764843,4.313126385060187,4.917381248838006,3.64392135309048,3.1708969393958126,3.5906276896407783,3.5225620011903076,3.668176907539974,3.441638520585248,3.3315104676619995,3.771694255496884,3.6756547236403727,4.620653315563958,6.337853350977517,7.115885160964048,6.3891816157458114,4.518652594098581,2.72755150011932,4.663254724253321,2.560864214477522,4.231540727730973,4.915795490169517,4.635921741812735,5.408167741271861,5.352647723543415,15.890821813401633,9.694657177905523,11.156926622269095,54.25399308328344,9.97798121038386,6.890668638486106,7.029849267808568,66.48392517465197,61.161767576257034,3.92846771226317,7.547033351815674,4.877556559053366,13.102158262818227,9.224891192031214,4.310610377301055,8.321593921439563,61.54384640791947,59.014420274155796,4.8352202514835305,8.224198107224229,6.952418835890733,11.395190542527386
20,2.621322512566206,1.883297138376722,3.5905630715651244,3.5014867694744023,3.606567317640323,3.056960405428512,1.7973112611024613,1.5732663838673928,1.5456320384179805,1.6238109428378982,1.4966698741349576,2.686072424961136,1.1797086441065125,2.5638143370405655,2.5177216882616067,1.390313133968103,1.4451122649248538,2.417058561358862,2.3239681971840653,4.436053466331843,-0.0,1.3571557372220198,1.1740028213531524,1.2590186065633546,1.3636034044639642,15.084290002975681,3.157354277473002,8.80101383413003,55.98148336365072,4.962411846248852,3.9564738485524305,3.9870245735227203,4.470908984643221,3.655582105115685,1.4658449785071193,1.5317811915805986,1.3660856847230298,1.4418271002733645,1.5596228850949385,1.2595639160160677,5.51902782761165,1.4461156516609648,2.4890780095056435,1.2681618028140713,1.2023738874975867,1.6742482864950659,1.9346797626233756,2.2323367111911905,2.226476232945982,0.9562924816792642,1.0586806512449354,1.0662513077484044,3.7016819614206287,3.7283991520720074,15.059263285574735,9.892451275776347,10.711548882361882,44.278054740078964,9.672813575685021,8.443073530122268,4.1593230100834475,58.06686426215248,50.13296277395312,4.310048792543885,6.48839809387266,1.9319618482517895,5.252920578499836,9.765663523268152,9.263442144129074,3.950491159245828,51.79626832230507,55.55894719469344,4.115662555037925,4.893662021391637,2.6774151558262385,4.885689500165127
21,3.020539230370235,2.348006518754157,4.039206676729582,4.267667055792259,3.816830152745261,3.6492448481783124,2.1694640055783796,1.9165945903276154,2.0111901123154494,1.9295139614305206,1.6855165441024158,3.5737373056621577,1.4897099378358425,2.0110728921740963,2.0891316513290077,1.7145983718633537,1.3870268365777454,2.975129074829909,2.817240087427519,4.787357803202953,1.3571557372220198,-0.0,1.3629085479768006,1.5806063577249854,0.10715666151774735,14.855275849365437,3.52056974597795,8.721833720198047,51.790180768467515,5.128349972421906,4.3160980740905375,4.205856629811661,4.798655709653498,3.852113762341985,1.7707859256069076,1.8330648442042095,1.669300293825634,1.8378201695289675,1.8604736198931782,1.5712083441164617,5.812424504446199,1.8632351345122116,1.6299747613735667,1.1922552746241022,1.103493112454688,0.5262733048288568,2.356989542788808,2.407732268621145,3.0203510929291735,0.398775254360185,0.2906565950381578,0.09984525659348469,3.667650142112927,3.601508608574034,15.397315478515013,9.735313455378382,12.239411272530482,47.47572664872826,10.208271352259565,8.81582338861246,2.660613282962751,54.23534698676939,58.925580641028986,4.5332687959594935,4.9068487709839275,1.3922472226643228,4.804248666870764,9.544416517726974,8.297975265068095,2.6843570027826202,49.93761037713207,64.49537944182134,5.3841756981985025,4.675827668860116,1.7654032244953832,4.017683914480397
22,2.953140646575929,2.192133462757683,4.483607153618614,4.215412918386723,3.1388110417746216,3.9559452652033764,1.4668487906622365,1.413144466174413,1.6444578368890088,1.361803926866049,1.0934271058328027,2.9016206182744666,1.6100214072243093,2.65026712966986,2.5854004490447124,2.2327987698802074,2.0228887532136226,2.542724369218534,2.731110571398991,5.251714775954959,1.1740028213531524,1.3629085479768006,-0.0,0.9636722053590987,1.2834468059260973,16.069250273242698,3.38858586285179,8.86985498282581,53.79410946879819,5.336529674097026,4.969585980642555,4.274981133994165,4.464482519150115,3.152833973540653,1.4718046840434365,1.4126081009153921,1.2742240684014083,1.388939190826702,1.334014128998362,1.0363044009387845,5.7951411148679215,1.5910437092365723,2.343900414851107,2.158151590518224,1.6199682390932313,1.8365737520844485,1.696679794110611,2.13470433878575,2.52875810589121,0.9958933352148438,1.2454305734443534,1.2143384369773642,3.9071900049441632,3.880625769919646,16.382231471001298,9.367466403420792,11.812396699320628,48.45843871730815,8.758136316112175,8.496352379855086,3.754516916190552,56.285773047621554,65.22908322966431,5.092092185441477,6.76923526293828,2.569135929847167,6.756262071109778,8.05462283185858,9.942522032418443,4.4937105690820625,52.450510423813775,61.17257424814955,4.3315775440340065,5.484508232069548,2.9809905058215906,6.736385066078015
23,2.817747867123724,1.9033396333746302,4.580587459500244,4.473130399048276,3.55003767285947,4.294994830565151,1.4621357886162556,1.3829193034579077,1.796616040446544,1.4762250983472331,1.244768668606693,2.869915108646613,1.1526563658821345,2.8789169375270505,2.846272516654204,2.001159633154598,2.483109592782888,2.668620986912902,2.7409179445499863,5.532835019050087,1.2590186065633546,1.5806063577249854,0.9636722053590987,-0.0,1.5667647103490796,15.955254002113298,3.2677097226452787,8.583141747483232,53.3966771031018,4.996742529602962,4.046407291854595,3.9600736190256463,4.655076672793137,3.565694707697109,1.3786269183857698,1.2246023851854289,1.1214414473099903,1.3743717949938141,1.5583082716204792,1.0056921494724285,5.64383514388943,1.7944641576921956,2.4141901495887286,2.165296828882354,2.0796504726119407,2.11631922540991,1.4340761071981991,1.1715920957907928,2.1671907097798493,1.1605636189886637,1.2733446415803218,1.5145781735561565,3.996219040457221,3.9613701227187477,16.411802161800093,9.834453716093593,11.902748013990383,45.64984790914151,9.56856661840492,9.009456530082979,4.6519511015408055,61.002245676087796,61.28573812262986,5.0272867721172725,6.514904631622591,2.6576123003155403,6.867662622257831,7.9897703881791555,8.702761937307493,4.851947292417506,58.727351736705366,59.41516337011591,4.518489787152777,5.559718788569737,3.4046751756216747,6.132321593270793
24,3.111944359787831,2.36636247068219,3.794084691620924,4.3177441888440535,3.826908807657283,3.5111968925241936,2.1253108602005706,1.9495344727214394,2.0249062619207523,1.9713122404001864,1.739284649296446,3.676053678584943,1.5371812182008506,2.149751026891854,2.097484572158158,1.828733142461079,1.5546878796650137,3.1157971096034944,2.998279241148643,4.562946361411683,1.3636034044639642,0.10715666151774735,1.2834468059260973,1.5667647103490796,-0.0,14.739735171634091,3.605742921834699,7.981168176608629,51.58644053697323,5.116538922894123,4.4835551294914575,4.004631020932747,4.817874118006482,3.8595225184172803,1.8278174327185026,1.8954100553380095,1.72520510204252,1.9144307577351958,1.9231749241280136,1.6200686967626452,6.166156353059016,1.9208242198027046,1.8570195325427366,1.258903714948041,1.1005864068595974,0.4856246132301228,2.2654293733924398,2.4350307893978176,3.0585094236602033,0.44948610897448915,0.32908634962185845,0.12652805627435681,3.865667616232479,3.7691616088454447,15.251440106264969,9.717100276308797,12.162799449533821,46.300115365751424,10.093923408832946,8.726109366633935,2.5462170537085043,55.58613918998187,58.70884026834287,4.5314419721948,5.17750661282858,1.2991177990760319,4.78229641353413,9.570504895991842,8.347394289521835,2.682982822582924,51.242303348625214,63.029160817662415,5.130839963164571,4.886208503793269,1.6750123955671756,4.085047563966797
25,15.307547976687541,14.563229773508573,15.363426674187606,15.1495331588694,19.521003619053964,15.07212339265744,15.426131593733526,15.409725710846303,15.837926072623135,15.169137412698031,15.326098241274886,17.489232277233985,16.267554917559437,22.635108046472382,20.47250832002976,21.451742290331246,21.36898295877552,16.336248786884244,15.903433448622481,15.834461945620102,15.084290002975681,14.855275849365437,16.069250273242698,15.955254002113298,14.739735171634091,-0.0,16.505030523436048,18.60798195169284,29.879945486145274,15.72453162685864,15.005953518944752,15.745552881468713,14.586948776428677,19.39611475421807,15.104674680701402,15.515067092138072,15.61399230218405,15.334697328751838,15.658128852557892,15.406386933675373,17.10991835021552,18.143158769837907,22.23268353972893,20.58980813966966,19.46958240333616,16.324944147921403,16.116391445434466,16.270882370397143,15.219485984334193,14.338315991593523,15.126735903487372,14.603438908887744,13.965361239238591,14.318147539546537,0.35877942433493054,13.126318979050573,12.509052233324109,24.57030931242596,14.106342846883585,18.117730141175283,19.80051991794633,33.90077783959335,33.587584083098506,16.744967505435135,26.434786319198313,18.42708764570472,27.09204256645586,17.614193036679332,20.808508943401012,20.68245612431587,30.314626458160376,35.347105482062034,15.726319110899713,23.892528458433777,19.026431576120284,24.41676464393471
26,3.999135207231383,2.924002986803919,4.200736722090819,4.78039955357711,4.7098306344547565,4.586403719243677,2.8824495797725027,2.9860620630830628,3.0646122702871033,2.749964882474951,2.959165701022522,3.6021479263114258,2.7732272134608493,4.131266382591993,3.5104657421076175,4.023166660847473,4.163502454253308,4.081807266350025,3.9008802224883166,4.97253602651113,3.157354277473002,3.52056974597795,3.38858586285179,3.2677097226452787,3.605742921834699,16.505030523436048,-0.0,9.309855445821865,61.10336712544009,4.351696313058342,3.3816451098594014,4.254073090724164,4.613930517959516,4.590352795189303,3.0058723805449477,2.8272384626248654,2.8109411956205954,3.0758200339381383,2.975524821813524,3.059599405905888,4.273577138339725,5.227890252850736,3.8839712067988588,5.892373261668088,3.8790270604465205,3.6925877627075523,2.815853747717692,3.3640686612999025,3.2827871860609616,3.2499950887714575,3.533384568576525,3.430605524380801,2.9987505760955813,3.099663506734842,17.15277691265219,9.230415837425438,12.828711563557281,51.15129902060311,8.376133960395551,8.79754612043663,6.999988230142116,64.18855185079812,66.73039140872419,3.878241109036993,8.61666244521072,5.16101621790278,8.944886531474092,9.053738418834428,9.894104162053043,7.239638491001921,61.258327880070965,66.51749555997489,3.5336513770601474,7.464448556487424,6.356435384666155,7.978861156507622
27,5.3482174647138,5.102407331350733,5.175351889337055,7.680626326122228,4.145256734155202,7.71992643437905,7.24837804017671,7.821278628700144,7.471582610082295,8.072754415862208,8.832384561184027,7.666842599895061,7.0705154787576,10.810611978684294,14.119172645182765,9.280215268382554,13.602903499775431,7.157080152557838,6.916170010144454,11.685584142252742,8.80101383413003,8.721833720198047,8.86985498282581,8.583141747483232,7.981168176608629,18.60798195169284,9.309855445821865,-0.0,58.766911497493055,4.977195922307768,9.443753823369072,3.3524369614984306,8.778649888493094,4.217950486397297,6.578911789463795,7.104051141462093,7.555963961193913,7.980967786094841,7.91105587698952,8.525692706950835,10.863009035857145,7.9337028595406185,11.745012496625016,5.078057430241045,6.210135624211612,10.745621838356035,9.043275570628184,8.367802210434663,7.2726288373160655,8.575430095818845,9.071638246843706,8.69423371891699,12.216806402513555,12.242361750779923,18.099130646716603,12.622447330875705,11.784940767928926,54.24343214153267,10.362001849025326,9.038524795417745,10.55186963849607,64.75938313738818,53.064155744371874,5.4427239332002255,17.54735044982413,7.349905180398642,11.830271488579656,8.822546228549095,13.411175323717323,10.123570322061482,57.26838765258349,64.56901573176849,5.587497333839127,17.734140627947927,8.112716384168914,9.53262798737691
