,0,1,2,3,4,5,6,7,8,9,10,11,12,13,14,15,16,17,18
0,-0.0,1.7991089494930004,2.822689758474042,11.417935710064135,6.327173892859091,5.3994454634611975,3.386161239344781,3.8022386913209036,3.8054966922480484,10.639432291399952,13.245208410483974,12.19383278388775,16.89207565714422,6.164310872987823,12.759505273380466,10.25593585682131,17.094714947723322,29.843268659103742,40.901553615880694
1,1.7991089494930004,-0.0,1.362971242951332,9.765434802141975,3.4144156686248226,3.4396155549651097,2.050260799804605,3.4582183479897366,2.6426964193559233,9.423387064787013,11.706310349769089,10.785314000559517,15.471255140852584,5.701468914102061,10.97820028728258,8.960710218812508,17.128587155059737,27.811397819598337,37.11838768795759
2,2.822689758474042,1.362971242951332,-0.0,7.861994050500105,3.889623272759575,2.7244744402085455,1.3433527640741256,3.270189979812371,1.725145956284923,8.111442145051962,10.037967274854232,9.074691941529592,13.342014123564025,4.521844327910509,9.467044605530926,7.716260559153295,14.99621517535205,25.35859344791667,33.4847378460307
3,11.417935710064135,9.765434802141975,7.861994050500105,-0.0,5.147541041239166,4.89417296762192,10.134924830034787,11.28976192065996,7.994667435701442,15.76149542058846,16.047030839510864,15.082869171769998,20.996802066293167,10.107093113384156,15.963433009867366,15.784527889544739,14.297347602838427,32.11557917022999,39.05833422049173
4,6.327173892859091,3.4144156686248226,3.889623272759575,5.147541041239166,-0.0,1.7054435696698726,4.785875870658111,6.779771466612042,3.6097170708077115,13.805314925974294,16.19984949417709,15.125427746353715,21.18550296019757,8.43841818185954,15.340615074064749,13.216956532656669,20.223325574185033,33.56619149299344,44.98111391282259
5,5.3994454634611975,3.4396155549651097,2.7244744402085455,4.89417296762192,1.7054435696698726,-0.0,4.090969146015868,6.423573051974418,4.085174031486456,12.785286528710245,14.974527455424473,13.860811989782823,18.623701106299624,9.000655236874314,14.121202033540003,12.19132068713748,19.74110999631827,31.762612685712078,42.70371890886088
6,3.386161239344781,2.050260799804605,1.3433527640741256,10.134924830034787,4.785875870658111,4.090969146015868,-0.0,1.8405511205065705,2.1844373347921238,5.413783032539377,7.099019937485558,6.236189370283102,10.891759346057992,3.01004495562596,6.608350696838129,5.250319597260328,12.426607172622361,18.573683179424986,27.22417866989601
7,3.8022386913209036,3.4582183479897366,3.270189979812371,11.28976192065996,6.779771466612042,6.423573051974418,1.8405511205065705,-0.0,3.5782476187718757,3.6975876088151227,4.555195951119067,4.193893022535249,8.876951176173957,2.2387675152350766,4.916942990832069,3.877954732771331,9.876106661825718,16.371448044771938,23.611465432474567
8,3.8054966922480484,2.6426964193559233,1.725145956284923,7.994667435701442,3.6097170708077115,4.085174031486456,2.1844373347921238,3.5782476187718757,-0.0,8.018113728405533,9.796687685855792,8.839037192772832,14.348670601985502,4.106336745153812,9.54662036499004,7.9055662164558,13.90469786110303,23.797135148034865,32.80288404262512
9,10.639432291399952,9.423387064787013,8.111442145051962,15.76149542058846,13.805314925974294,12.785286528710245,5.413783032539377,3.6975876088151227,8.018113728405533,-0.0,1.0983536299365155,1.402795675890887,4.542941387057358,5.4058654942700075,1.587911283468131,0.745584146615822,5.327564717572046,11.018885435030558,15.869340121816208
10,13.245208410483974,11.706310349769089,10.037967274854232,16.047030839510864,16.19984949417709,14.974527455424473,7.099019937485558,4.555195951119067,9.796687685855792,1.0983536299365155,-0.0,0.9377890543356908,4.765937976540449,6.836316153948015,1.200124496262853,1.1255560108881846,3.9748922787119767,12.739806140591945,16.436210311075687
11,12.19383278388775,10.785314000559517,9.074691941529592,15.082869171769998,15.125427746353715,13.860811989782823,6.236189370283102,4.193893022535249,8.839037192772832,1.402795675890887,0.9377890543356908,-0.0,5.476480617322756,6.038365137741905,1.4468363200438967,1.358970962356543,4.84280829966129,14.335242108937788,17.566048388008884
12,16.89207565714422,15.471255140852584,13.342014123564025,20.996802066293167,21.18550296019757,18.623701106299624,10.891759346057992,8.876951176173957,14.348670601985502,4.542941387057358,4.765937976540449,5.476480617322756,-0.0,11.26375123557173,4.828888804493333,4.601595029893353,6.166281078938813,8.281842387952999,13.261300785442756
13,6.164310872987823,5.701468914102061,4.521844327910509,10.107093113384156,8.43841818185954,9.000655236874314,3.01004495562596,2.2387675152350766,4.106336745153812,5.4058654942700075,6.836316153948015,6.038365137741905,11.26375123557173,-0.0,6.814602504320747,5.97517275837806,5.052305403247255,17.553216028207668,25.805706828906825
14,12.759505273380466,10.97820028728258,9.467044605530926,15.963433009867366,15.340615074064749,14.121202033540003,6.608350696838129,4.916942990832069,9.54662036499004,1.587911283468131,1.200124496262853,1.4468363200438967,4.828888804493333,6.814602504320747,-0.0,1.2804557915166375,4.013997441565783,11.130568783730624,15.23577218648258
15,10.25593585682131,8.960710218812508,7.716260559153295,15.784527889544739,13.216956532656669,12.19132068713748,5.250319597260328,3.877954732771331,7.9055662164558,0.745584146615822,1.1255560108881846,1.358970962356543,4.601595029893353,5.97517275837806,1.2804557915166375,-0.0,4.526752417679937,12.668644859511698,16.886928622313974
16,17.094714947723322,17.128587155059737,14.99621517535205,14.297347602838427,20.223325574185033,19.74110999631827,12.426607172622361,9.876106661825718,13.90469786110303,5.327564717572046,3.9748922787119767,4.84280829966129,6.166281078938813,5.052305403247255,4.013997441565783,4.526752417679937,-0.0,12.724197630052581,21.952239872904713
17,29.843268659103742,27.811397819598337,25.35859344791667,32.11557917022999,33.56619149299344,31.762612685712078,18.573683179424986,16.371448044771938,23.797135148034865,11.018885435030558,12.739806140591945,14.335242108937788,8.281842387952999,17.553216028207668,11.130568783730624,12.668644859511698,12.724197630052581,-0.0,5.307315167406503
18,40.901553615880694,37.11838768795759,33.4847378460307,39.05833422049173,44.98111391282259,42.70371890886088,27.22417866989601,23.611465432474567,32.80288404262512,15.869340121816208,16.436210311075687,17.566048388008884,13.261300785442756,25.805706828906825,15.23577218648258,16.886928622313974,21.952239872904713,5.307315167406503,-0.0
