,0,1,2,3,4,5,6,7,8,9,10,11,12,13,14,15,16,17,18,19,20,21,22,23,24,25,26,27,28,29,30,31,32,33,34,35,36,37,38,39,40,41,42,43,44,45,46,47,48,49,50,51,52,53,54,55,56,57,58,59,60,61,62,63,64,65,66,67,68,69,70,71,72,73,74,75,76,77
0,-0.0,3.269152083373254,2.590378824603473,3.930553467025505,3.0949914597452417,3.0907687194144904,5.2177493002422,4.551291116740225,4.683917226440535,5.331573386118798,3.3760323303374635,4.600779481734133,4.122491203780605,11.398294768652011,6.218932964499302,0.9720642688381043,1.9007317268557498,7.011485568504506,6.572312495673505,5.257829377175072,4.666064551483022,2.9800758361981208,3.7551676036171715,3.3908572613241983,9.549686066949471,3.521540810117161,6.116738762811377,1.6737785700603403,2.6187112989597248,9.673586656899362,2.2630753228885037,3.1631807490933097,3.207782626759427,4.508368671305106,11.070946391244064,10.665867697713312,2.381668281699194,2.319540085856741,3.5093615558682587,9.614995113961577,3.9700363007505346,2.822480452053799,2.1070092299700507,2.4472133190475174,2.4096804596762147,3.691565501684157,5.11291840746013,3.1487634229675945,24.651229976945906,19.170120701013634,4.504722967257093,4.936304970272395,8.611875023099255,3.970146372869643,13.338683681831814,6.441423666992396,6.40793994835999,4.886757365556474,6.741467801987828,5.934319239856826,9.87474781696454,8.703068729332196,6.704144819199467,6.224921020259808,8.816426354079915,9.891976089257447,6.8801244199005955,2.414302558096929,5.43809630082408,8.094981044802743,7.017525978264988,6.536985979355684,5.3372225038233685,5.077544280781909,5.800574916062562,5.850907242922461,8.652834080409315,4.52563000112329
1,3.269152083373254,-0.0,4.15471940912499,5.641576852224236,6.021845144682307,3.172897161911244,6.829221907150428,6.511120164066284,6.252679851056759,3.5210953223685424,2.045568602445673,2.654811103552248,4.329909919548116,6.597487282480122,10.372244680167734,3.2953198477357923,3.3462344649812747,9.865731198412076,9.329390177900624,8.206004506900104,7.05227171358453,4.550308171005762,3.215834345222604,4.2281007292323585,12.976612851467063,6.610241297593155,5.7861749563931255,4.258168585355925,5.442985812812232,14.24860782508633,5.22436325574992,6.260788144548586,4.721891779855501,6.72874064306487,14.288909061253188,9.522316720179944,5.138230449859512,3.8670544810454723,5.5005415944415805,12.741460417797866,7.705032358633131,4.9644606954972765,4.062642715900338,4.878776243717065,4.901369883793493,2.182386962805397,4.766074433479275,2.4725850621968966,28.559449656030637,14.745355093845182,3.2572678673422,1.9298656884360021,7.630856317328462,4.653960408932574,14.998645856844881,7.5340866178112,8.176265488643741,5.1467769858231405,5.984081420410965,10.228165617469791,7.282366321171948,7.209070235291017,5.53523544442406,5.862761662498885,8.95849665774781,8.867639169796442,4.478944226761788,2.059618026097462,1.7608792283334889,6.046881933554023,6.628819765442087,5.78518655576682,2.705394920318593,4.068937514697411,7.805562076349125,4.931160863246733,5.96078204304189,3.281518251384921
2,2.590378824603473,4.15471940912499,-0.0,2.715933674118844,2.464280926330084,2.218258992943794,2.4676528827562345,1.9647827939815128,2.2184997662266834,5.789503732139052,5.016380050787707,5.200770573210865,5.159470297779388,9.457949998370077,10.27328558896166,2.070623537392485,1.2463877533390888,3.93007361659624,3.7061180646884675,2.432381858478639,2.818013950981784,1.2054289309830946,3.9203847938238927,3.803065178319497,12.215854413664523,5.5853440056264665,7.6105406136560285,2.85015542237688,2.5375863300204973,13.808060018194409,3.3910069818611546,4.600157266004446,4.464968619320288,6.772264731914589,14.935134488105835,9.945529061898888,3.178710744535461,3.7457012848385127,5.111126008109022,12.232368182454712,5.593696574083899,4.324863921988706,3.748147961106652,5.032755774824159,4.066130300318614,4.861418403569653,9.752930016137519,4.725461375937162,28.015653907346213,16.21880589168926,3.2678860467198887,5.844792728951776,12.652187591695304,5.6414433031778435,15.69200266736441,11.753363658506279,10.466819286261307,5.570832931322498,7.58764857303142,8.44013643443975,12.156713463385493,11.43379655446484,8.421945516602337,8.82082056330527,10.018653500814036,11.860729128196642,7.375819234067291,2.583892727222,5.5963508750745,10.76585736147336,9.472959983126012,8.853794164398176,6.518630876687129,3.7645714661405183,10.432593936939726,4.872327142320851,6.515919341557066,3.480478948992023
3,3.930553467025505,5.641576852224236,2.715933674118844,-0.0,4.153745242225768,2.7853945364637807,1.7132585443800579,1.2325868823890465,0.8803917299324503,9.239849844816616,5.546154801473369,7.704456155257348,5.727632226520317,11.404457177048403,12.262304829541288,3.6699408325834995,2.0723072495039743,3.1043900435481806,1.7989097883992593,2.9453908989744066,1.8185776679817198,2.4590105375721314,7.284702418794992,6.564989801441278,15.184753086615357,7.466014822202709,10.090134410139509,4.717831727991387,3.5295552891083464,15.301558821500617,5.0258703528025634,7.397046634738065,6.483411323865974,8.08220699937778,17.674758567303975,15.934913268967067,5.0349688451956895,6.348423822600637,7.92534051191898,15.270992765110057,7.281129348850304,6.720544695848611,5.4895762869200855,6.269788428273445,6.740540699112251,6.533969133912556,10.102168509879785,6.969853389399786,26.998734940604226,17.53034080655806,5.88758381268029,8.206134720957918,14.685985834989095,7.309185975798842,18.669235216926992,11.85312248011459,11.920134571412406,9.30804644108779,10.093476452488407,10.617905874800687,14.925985350770588,13.275155963540373,11.181101024424276,11.000671320997359,13.522530494771113,14.783049501007259,10.675952170679636,4.183578040892625,8.311770042528964,12.803877001145104,11.798393148896743,10.851718398067584,8.88794627874279,3.8883245440006626,11.526406781922217,4.182807119796173,5.4368874857936245,4.075737947701257
4,3.0949914597452417,6.021845144682307,2.464280926330084,4.153745242225768,-0.0,3.504553737329817,5.0735858287354585,4.437233667174135,4.6040874210752065,5.956547870177528,7.058810320550205,7.266774918502707,7.526031916594175,12.802505665059027,8.75786804448135,2.9241009608871376,2.233229079474955,6.545505257280248,4.275862007088629,2.6820909193128215,4.745713325828703,3.2813893599622705,4.130425703457157,4.467912539471411,9.460981998771292,4.216094806680298,8.989936166320549,1.774108652329884,2.118085987870383,9.012725517077797,2.771212451398836,4.055983802295714,4.997505066596253,6.475029483452221,11.753769427611784,11.463044908307884,2.7435949224572647,3.382421553023251,4.542428021101357,10.304972283333823,3.2396917857966705,4.5833870806486985,4.190952733804579,5.625912408976737,3.5814169500056723,7.752807286479713,13.939193493483602,6.502669840454464,23.672939708024096,17.501279918697072,5.95533821705012,7.527076724325872,14.121812508906034,6.8182459157844795,16.1370186200618,14.69329343154006,10.298114229528847,5.854298270565951,9.5279894198205,4.3997485804245535,14.305158917964704,13.56166087572182,8.799690927102036,8.758227127846526,10.896079050073066,13.830581595897685,8.941523321805864,5.125941285133095,7.711103846241177,11.499790095052488,12.172487253483396,11.814638463352496,7.016634643781302,5.96200484457147,11.237607863401625,7.913164260499312,8.198661629480386,6.239532541564945
5,3.0907687194144904,3.172897161911244,2.218258992943794,2.7853945364637807,3.504553737329817,-0.0,2.7464331873819265,2.5282935393824544,2.5426021241146284,5.818339464359099,3.8732019314710944,4.620644060593306,4.54127092222135,8.926801603065954,12.160554274334885,3.309114594693488,1.5495835991458675,5.588921556306371,4.548968821182858,3.797052280754619,3.374923145328717,2.3363949768607335,4.265379441920648,5.473237029867655,14.669191854447831,7.153442993470795,6.724811986036575,3.8949182389699875,3.2284124600416066,15.504212137037916,4.948304751239179,6.757278675577417,6.080338450394982,8.370061570860866,15.720042102746284,12.278451416748977,4.247729670415442,5.325097677000973,6.7359629597082975,14.352457466242715,6.441994649913819,5.886896887373811,5.023558772293177,5.562421531709851,6.146951970653282,5.694424073411209,10.437425041996603,4.344366459349316,28.61733751397145,15.307624025352386,5.4820607543123465,4.183026808688036,12.65774593771239,6.540391778694613,18.550630405685283,12.278574235374034,11.995783534451085,7.01335362706084,9.162559998432911,10.047300959452414,9.846262281946546,9.572600638527446,7.072749751700895,8.077249489303048,11.924246816105898,11.685535754432903,7.256815882807486,2.3116709018251487,3.7793158964063718,8.212574558155165,10.415188496605895,10.703033562787411,5.489452113469697,2.5281214016042375,10.10409290130668,3.19390624400202,4.652492777907869,2.5596908659234012
6,5.2177493002422,6.829221907150428,2.4676528827562345,1.7132585443800579,5.0735858287354585,2.7464331873819265,-0.0,0.780115925637977,1.0307802946998195,10.034893861289829,7.394411440202634,8.416418183869132,7.425251057686745,10.884642360596535,13.654754252804766,4.682119115018848,2.7141998921506536,1.7365752839948065,1.69185693988741,3.26244122980258,0.7105857824108044,2.823917127731148,7.067361413459496,6.979210892967356,15.442562008009892,8.003304684495783,10.67107184799537,5.590510169593069,4.0657973974029025,17.23008575405107,5.6733743103291845,7.826852959200633,6.83293190761604,9.88771999905606,18.57349011920647,14.156336854084747,5.758245290328271,6.944208913904493,8.358353081580473,15.417261878079275,7.909480372924877,7.379232113633255,7.095057811156763,7.989044918464285,6.540252827099764,7.132320180704987,12.322355390512671,7.697873504854473,26.909978671285064,16.97257942342032,4.8647758643972,8.876933658326243,15.717136494240714,8.22218612843646,20.679793859000235,14.854210971408628,14.26963009095083,9.543824700859547,11.843249238166552,11.280109412161908,15.549247300553573,14.716887460061278,11.774064749849003,12.379136801826819,14.719216145055421,17.044448271409916,12.109412678879197,4.908895902306138,8.319335079559723,14.42183065462711,12.42341790992692,13.60845511960679,9.70723004979537,3.7966301111857716,13.909116230641237,4.128557239883343,5.426965279611205,3.9486464598364726
7,4.551291116740225,6.511120164066284,1.9647827939815128,1.2325868823890465,4.437233667174135,2.5282935393824544,0.780115925637977,-0.0,0.8711869963042057,9.34898778265917,6.687540915649247,7.886573934853555,6.523290634424541,11.346913829465453,13.547437883784779,4.186198040758708,2.209294196234108,2.2236151307320817,1.8248937907350276,3.2224780945924616,1.1088963643981269,2.3713119007050305,6.795450954689326,6.1072911554866085,15.461105190084032,8.045774738480969,10.294498449233028,5.076005794777733,3.525995958529927,17.16804220170627,5.371800206804182,7.209272022594712,6.401224108675168,9.190297400894712,18.988456400210758,13.840753476180423,5.170394181137918,6.345312477287179,7.9372023674143355,15.723759509667696,7.536845324635676,6.640163739709685,6.479743847963173,7.248844752799229,6.353409812297744,6.958511733309788,11.732748743184294,7.389901102392273,29.06864021081057,18.521716194275193,4.536941096448282,8.611764930030922,15.09393470504249,7.707986049559672,20.42677066769718,14.109384275654186,13.736377578632203,8.878490715472614,11.126267782224092,11.476619248004996,15.653743501115304,14.627030458524187,11.546188009293184,12.14674547642935,14.040505619397965,15.997307151403866,11.216600647481634,4.339468677252496,8.241246056255989,14.34004492640213,11.858371660706833,12.404372193264706,9.363750450581682,3.6432727446228577,13.278278972080587,4.204322828705106,5.318233298753117,3.889196780677291
8,4.683917226440535,6.252679851056759,2.2184997662266834,0.8803917299324503,4.6040874210752065,2.5426021241146284,1.0307802946998195,0.8711869963042057,-0.0,9.519972397476145,6.421132721181256,7.841880062577245,6.583013084465144,10.210035593658965,12.671280284116456,4.4877703731817284,2.5435449286139016,2.337459639255195,1.6345405154221686,2.8847440872232246,1.1630923525170127,2.3123599977320106,6.443417326455566,6.50394719818931,15.149327590918414,7.537882368340963,10.608694733768257,5.249775262068701,4.409339586813826,15.842307402936484,5.073359811833972,7.2952482582487725,6.538584608100385,8.922200491764771,17.57659684243052,13.578071474425464,5.183929658511995,6.389366965840076,7.687085725546221,15.28481098691625,8.057383846493861,7.259791438798266,6.441965735719969,7.531757839986156,6.050981949594314,6.835910939170275,11.523123561943214,7.21462889185247,25.99715057759551,18.117533096839246,4.259490053345118,8.149208209309675,14.505224244238299,8.29795604134071,20.26404390556767,14.144015319755377,13.584428943369238,9.488409095089889,11.186173535788456,10.699750319028706,15.016310998634374,13.936744410120673,11.372149796575108,11.571499485871312,14.473732194615476,16.369975573605934,11.470988784449835,4.289163495311589,7.777541528491608,13.57763008250595,11.129276694246817,12.783958696251561,9.248268941994986,3.593850340219638,12.594062673774081,3.789244377442904,5.075446934181198,3.7380557383607163
9,5.331573386118798,3.5210953223685424,5.789503732139052,9.239849844816616,5.956547870177528,5.818339464359099,10.034893861289829,9.34898778265917,9.519972397476145,-0.0,3.495920907758737,1.737158463905245,3.911366471429744,14.139312588479411,7.323109839152776,5.1970231972610605,6.216377329376291,13.483661269998759,10.819861245099535,8.844968153902975,10.510373614048163,7.568309499266598,4.793440141858794,3.922126582421866,9.903420135832352,6.951561649115712,5.021132484295849,5.64557697001154,7.361193348178751,10.262464045027837,6.951291877975803,6.610686511300026,5.561049705880788,6.84521843969635,11.076728403024616,8.250449865597059,4.640371127312444,4.808761400112717,5.15130304321419,10.279652364173735,7.699766300272611,6.422471375833661,6.357920707848924,5.821543860749025,3.866257466708468,3.174320004686857,4.963957447068026,2.5966679067600755,24.063872598982734,17.475469804271658,4.083983418401403,3.3206308839364476,6.985214314356299,4.460970653937558,11.526931778145666,7.344318165227438,6.613205964445811,4.735108389773193,4.5158869100827905,9.369186260538811,7.097939399307781,6.527326603086844,4.738835392363247,4.946288781127389,6.5155338921079675,5.256075501358687,1.6452748941929274,3.8737541672004134,3.431457385058302,4.400431207168967,5.19666064623587,2.91504087819816,2.800857395921964,5.878139706945023,4.67673402222226,6.941451993818729,7.37273309471211,5.734176463334193
10,3.3760323303374635,2.045568602445673,5.016380050787707,5.546154801473369,7.058810320550205,3.8732019314710944,7.394411440202634,6.687540915649247,6.421132721181256,3.495920907758737,-0.0,2.5654384684044924,2.0865900062528357,10.360056299565942,11.663521021585169,4.411645310082041,4.0420567369188385,10.360276491228296,9.610016202540853,9.129694892563265,6.524209472625735,4.874549423281372,4.232819985485965,4.940110629042093,15.074848377042114,7.582723285390683,7.2475927512204725,4.9767603882777065,6.2093078374622515,14.269224657324003,6.233945800083622,8.09956505248575,6.018765718948335,7.9303598063314125,15.845468243542127,11.774499725616629,5.280409276419344,4.907389314558402,7.080940128692704,15.300880554121791,8.488141713647543,6.828870999916002,4.732425382827473,6.105885922036698,5.8264866345353115,4.521892014011307,7.14573490701599,3.541148877937415,26.80341312517871,17.598623406398904,3.7897846453256445,3.4462625330711885,7.1247818913526775,6.690486972970842,18.344526191424237,9.144783688155657,9.150641982229034,6.9352315779713765,7.1137590602954,11.682964365841341,9.834809098223058,8.641257753911919,6.829506763173958,6.8186539653845095,11.653707380773977,9.122654572533438,4.924068319330255,1.388596220022748,2.845301670177737,8.420923485252642,6.892854200038341,7.2108810660900335,2.7540710549270324,3.996740077245518,8.001306489446396,3.3877637080597087,4.229308336571378,3.101431348243167
11,4.600779481734133,2.654811103552248,5.200770573210865,7.704456155257348,7.266774918502707,4.620644060593306,8.416418183869132,7.886573934853555,7.841880062577245,1.737158463905245,2.5654384684044924,-0.0,3.5409880361660733,12.564225876394376,11.052499838135931,4.8214695527354605,5.209095928356539,11.650479845451875,10.182330186493617,9.155472818484993,8.816133974593486,6.7138629254917985,4.6072516402927075,4.591711515689038,14.839206712381316,7.234097889276861,6.6839785479400335,5.827922857267056,6.681075571810169,15.009851145021981,6.408558854348369,7.355289055010275,5.429889405733524,7.129942346454773,14.952506736687635,9.446723536004713,4.976586545195187,4.8569601176657935,6.262623543531663,14.721665445903572,8.599948111273724,6.67715152976965,5.685665223533549,6.443799500482455,5.513205899320092,3.2103553691584152,5.009020348830771,2.6234131006538837,23.679271471070813,16.373094622280504,3.325731256686038,3.2432028816190197,6.252351028296207,5.863426916965955,16.013696371362055,7.428413285564353,7.8295773324695785,5.830868726919281,4.793887958280818,12.239725959061637,7.364423888367498,6.6668243689838445,5.696577271845932,5.453564052111579,9.759866978862934,6.054316285194554,2.015867922375444,2.8661476991232084,2.8169040366018367,6.340719247683342,5.729824126313108,5.1078545807057845,2.1653466055118753,5.484774003699799,8.082715499911318,5.270303414210516,6.053907064077029,4.4214273566432745
12,4.122491203780605,4.329909919548116,5.159470297779388,5.727632226520317,7.526031916594175,4.54127092222135,7.425251057686745,6.523290634424541,6.583013084465144,3.911366471429744,2.0865900062528357,3.5409880361660733,-0.0,14.74188512886699,12.078095412699355,4.870437270099866,4.050714858328263,10.308266703899752,9.588175618763245,8.972073104665819,6.750810994406973,6.0948057153781,4.804239590564954,4.590867375133529,14.916136346088912,9.16803518142493,7.399886847175126,5.939581314918894,5.932924990278764,14.758351646960435,7.071257959693476,8.242844233640804,6.704891408627637,8.683458046163,17.819222043937568,11.747092514367287,5.831843508566866,5.389075439895154,7.231859358747896,16.056778887115396,8.845191579241408,6.532023004394534,6.068777864728645,5.982583580303147,5.910130659014817,6.48920623571841,9.347409184320854,5.186170849402863,30.78380296366262,21.002499948625438,4.516017759909147,5.366306842084909,7.647416489979406,6.7573517720181435,20.27445323710749,11.029056753375027,11.019840108109932,7.27461305307666,9.237991675974397,12.781191302563558,12.799806240762392,11.277652104236793,8.108658679243316,8.860694638659433,12.448840749768763,10.331471098960852,5.897520392226538,2.116809215289793,4.919070949008397,10.912162467043498,7.221549956619717,7.965140332118124,4.057433360224676,5.131573358913982,7.804869181787624,4.331120662641548,5.723762252171885,4.195873823413341
13,11.398294768652011,6.597487282480122,9.457949998370077,11.404457177048403,12.802505665059027,8.926801603065954,10.884642360596535,11.346913829465453,10.210035593658965,14.139312588479411,10.360056299565942,12.564225876394376,14.74188512886699,-0.0,17.617460635476196,11.628399176317181,10.687919492828357,12.97673953969933,12.554914873977655,11.99984817022403,10.991977842396983,10.31681243668853,10.14635132589215,9.576154074272443,20.359958670428618,13.624725562426308,13.477366020948594,11.455078571249977,13.279157902328599,19.52542172998606,12.800657512831146,13.51793100945639,12.80305327403945,17.07697550656373,20.862784408695102,16.812041531090642,10.612241779475784,12.8951837764438,14.28243488863385,20.47609373546834,17.50516948649509,13.785787316113808,12.479542440440797,12.31935093275947,11.139960645856249,10.352253009079845,10.931331007566504,12.5833181024995,29.790629476829157,18.727156851548926,9.081316984542568,9.573972298174137,14.77543470320671,13.320571945490908,21.213043926295637,18.307934344940847,18.014236430959027,14.731364480985645,12.696834115106402,15.082247754557773,17.2510927888626,17.33237265933533,14.698559954937869,12.957843965465111,16.50674107994406,22.247110021626312,13.990460747882972,10.922837992123029,7.0394763978566,12.733615114344383,17.102089914278835,15.070433672700844,10.025165428269595,10.30360406871984,17.106709132829653,9.254243140499728,11.48458437838253,10.78557265197262
14,6.218932964499302,10.372244680167734,10.27328558896166,12.262304829541288,8.75786804448135,12.160554274334885,13.654754252804766,13.547437883784779,12.671280284116456,7.323109839152776,11.663521021585169,11.052499838135931,12.078095412699355,17.617460635476196,-0.0,7.7483602257394555,9.052462588785223,14.85805595082676,14.663012753257716,9.723382686199482,13.001854523730751,11.175730550761203,7.996829844041812,6.532283161063699,2.620537211122359,4.905381328717024,5.363166851870661,7.351054980415467,8.349704659328884,3.145099824757709,5.751035584346581,5.571734285279394,4.605018388091199,3.752390210312285,5.749138390347563,8.217746630494254,6.971107697979833,5.348429218333582,4.922799949953125,3.882731887911671,8.173630763044997,5.302061815481104,6.19726518409777,4.491702565195411,3.606501968601953,9.290697833152871,7.096828847326076,7.880178251641224,21.63890910082728,18.564163787517856,11.872499429936235,7.681099486682919,9.735097782290538,4.331532298554333,8.118099321350728,6.066244134446445,4.844086655107045,4.322919312572432,6.622394158133366,5.911935270849982,9.014601986536896,7.411643679148361,6.990602459764856,6.4064932860101775,5.061081043772678,7.586997498741649,8.245353132118426,11.38928303558875,12.03438666244035,7.300197422698723,5.162264849824827,6.063236293636467,12.466695900839685,15.146909938828315,6.121741913990553,17.027718600126196,11.826961918321825,13.889682076520492
15,0.9720642688381043,3.2953198477357923,2.070623537392485,3.6699408325834995,2.9241009608871376,3.309114594693488,4.682119115018848,4.186198040758708,4.4877703731817284,5.1970231972610605,4.411645310082041,4.8214695527354605,4.870437270099866,11.628399176317181,7.7483602257394555,-0.0,1.6151576513826402,6.468541833058329,6.206261385541646,3.9238720948843477,4.745327737220825,2.9377137580268857,3.685046237671771,2.590451250617,10.303942258914226,3.887498378280585,5.586758983297881,1.9765130404343414,2.3392204226703597,11.388986245768555,2.2930368678890636,3.4008958850738487,3.0420801084357696,4.985191333339877,12.63019309787885,10.335632132946824,2.5978214169917324,2.4398812831811907,3.676595928961566,10.233773976702851,4.694239610139622,2.7583995645378705,2.137695385290283,2.8664060827981532,2.681499346364941,2.8400799830860546,6.513487257487363,3.096587288383365,28.573144095182887,18.41635344310882,4.393494070453008,4.721946605559366,11.100500154834176,3.3736203642889384,12.581411672767258,8.284919820620502,7.539516118185463,4.430816382753925,5.6927963344850925,7.072310969562583,9.782709765640549,8.846341810875657,6.635243574781105,6.601291692497895,7.809995672386138,9.995055172251156,6.524613901101996,2.4789475840779693,5.2383918626760755,8.076635768411208,8.268184872713466,6.717091670275454,5.830576368599906,5.381140267939182,8.008975353455229,6.426727001876183,8.925788561533487,4.838548193989783
16,1.9007317268557498,3.3462344649812747,1.2463877533390888,2.0723072495039743,2.233229079474955,1.5495835991458675,2.7141998921506536,2.209294196234108,2.5435449286139016,6.216377329376291,4.0420567369188385,5.209095928356539,4.050714858328263,10.687919492828357,9.052462588785223,1.6151576513826402,-0.0,4.487788541439276,4.068763560424947,2.7698809007315925,2.869459396012559,1.9780074925662263,4.216736328623619,3.941245909899418,11.829884504705674,5.985713183474838,6.694880430750589,2.6702641853758107,2.0007135570808963,12.840125330554486,3.6661952798628534,4.963175732803002,4.743386111700596,6.72384351903244,14.168341256632905,12.10415755882766,3.1328770870058125,3.891619227025499,5.189878893322807,11.780463559901019,5.035873770206441,4.043076305625919,3.667289213892901,3.9951391416653346,4.259598418798037,3.5817363949256227,7.60956292732225,4.220422959305467,29.540477788233733,18.28308432623834,4.700777406682502,5.169391490447387,12.23546812044944,4.426124747991111,14.795095908063802,9.979239819160679,9.45823720634425,6.336571766865598,7.761329742838005,8.055219334053964,10.823334428505206,10.060124571207291,7.680445987302936,7.818990078218126,9.73552218742162,11.89302680369672,7.887084541671853,2.2301362964343348,5.24330917046645,8.775691945642338,9.321799576383144,8.564298193400171,6.0054930393536035,3.4292812848667045,8.688179694901278,4.699616452729372,6.236065860831723,3.626506729477924
17,7.011485568504506,9.865731198412076,3.93007361659624,3.1043900435481806,6.545505257280248,5.588921556306371,1.7365752839948065,2.2236151307320817,2.337459639255195,13.483661269998759,10.360276491228296,11.650479845451875,10.308266703899752,12.97673953969933,14.85805595082676,6.468541833058329,4.487788541439276,-0.0,1.7924092408653554,3.7426200697061205,1.7673635909189185,4.211362171359998,9.657545399890457,9.278467187690984,15.355243849979415,8.154733168980577,13.355019385747605,7.324567293627075,4.727684013328572,17.923709262398113,6.134130191131865,8.6340995026098,7.600904142457805,10.85825125158983,20.142229589404035,16.5087960749554,7.638711427601877,8.885190406406988,9.806411061106306,15.643561487130345,8.267350370119328,8.522204265008396,9.128787896121397,9.584656410968051,7.35573663431579,9.572086779535493,14.736503096040142,10.454106811285916,29.05583587994745,19.045574793523393,6.819550361487711,12.10517788089186,18.352342850525538,10.046265002184004,22.596683955120792,16.881684265873506,15.947251174307853,11.80597380859952,14.440755133241728,10.798626483670292,18.723004417517505,17.716868955549394,14.716288744592063,15.099260196087233,16.940743056944573,20.3641624512028,15.633408940777176,7.458407550175645,11.786371368609226,17.73606912096612,14.601124900247202,16.32358276046164,13.07543000501555,6.329191655249517,16.217929874526828,6.691537989248185,8.547320728281855,6.882973535338168
18,6.572312495673505,9.329390177900624,3.7061180646884675,1.7989097883992593,4.275862007088629,4.548968821182858,1.69185693988741,1.8248937907350276,1.6345405154221686,10.819861245099535,9.610016202540853,10.182330186493617,9.588175618763245,12.554914873977655,14.663012753257716,6.206261385541646,4.068763560424947,1.7924092408653554,-0.0,3.076914700292288,1.5249378160390266,3.6604408550002963,9.059378818114403,7.519933515614818,15.961167984731862,7.9020980496146604,13.373323014173613,5.6222132048029225,4.489797378481824,16.46623166357243,5.682902655250323,7.354656590666361,7.510843390014488,9.603372085412747,19.189238002115122,16.284513036982446,5.989900075958983,7.251146451900052,8.868708917753983,16.12622046093371,7.334732750149249,8.177683509385977,7.907976763635945,9.253938318422296,7.367050108398337,10.4391420403396,16.115112554005158,10.20424052758818,25.47131369219709,18.910546288255926,6.620093204324395,11.79759920543928,18.7298626157534,10.367584497341266,20.844940991004623,17.2364699456727,14.860269157115575,9.860425448775041,12.297093347606056,10.100013614469017,18.641969783959027,17.422043672846698,14.217019358905782,14.033817450162035,15.141979283713365,17.52988140124021,12.866450351259342,7.105589948837531,11.38681002755904,17.071814599677406,15.567484154296954,14.511622077970342,11.087924517775756,4.6541777980228805,15.575178692460339,5.991917168598507,6.656071919298233,6.149502574798944
19,5.257829377175072,8.206004506900104,2.432381858478639,2.9453908989744066,2.6820909193128215,3.797052280754619,3.26244122980258,3.2224780945924616,2.8847440872232246,8.844968153902975,9.129694892563265,9.155472818484993,8.972073104665819,11.99984817022403,9.723382686199482,3.9238720948843477,2.7698809007315925,3.7426200697061205,3.076914700292288,-0.0,3.2335010545217386,3.2202984852342773,7.140594170704141,5.078640128597802,11.363805212356946,5.878589169149654,10.985889079914037,4.479044928152041,2.9440523696558065,11.656042292142834,4.030756977992705,4.891411824851437,6.769941775800351,8.855523698004086,14.65469590328855,12.55196059718868,3.819434042141981,6.463608430411492,6.563798240499898,11.547094636342242,5.312649451999326,6.679266229411757,6.813643754656368,7.56798678248913,4.466046591725052,8.214609964557892,13.931690701954366,8.42511083243894,24.52288160156345,20.31419169205164,5.734664854809299,9.968723689667135,18.242737378258337,8.49358015726231,15.599058394775582,16.79242990413289,13.511955148947996,7.860677012381641,9.790527383598453,6.012315123466439,17.157932141256502,15.985846414257821,12.568516412252785,12.920834978827045,10.186166253237735,15.259451454789025,10.45411745419865,6.234439681078865,9.247494868815247,14.185185851015163,13.660717126429773,11.508988768507391,11.31474588540517,6.204095729160334,13.660021739457058,7.418361340084132,7.38638016142961,6.343058505576085
20,4.666064551483022,7.05227171358453,2.818013950981784,1.8185776679817198,4.745713325828703,3.374923145328717,0.7105857824108044,1.1088963643981269,1.1630923525170127,10.510373614048163,6.524209472625735,8.816133974593486,6.750810994406973,10.991977842396983,13.001854523730751,4.745327737220825,2.869459396012559,1.7673635909189185,1.5249378160390266,3.2335010545217386,-0.0,2.9028556335932545,7.893263111700623,7.66169812172962,14.52214687876932,8.072496731935262,11.243838366822612,5.503654140743864,4.23542248446779,16.233401410013737,5.77571750341922,7.876494467332345,6.717736909893104,9.154751746463102,18.608789004236602,14.971305356777034,6.094779516273861,6.8354961141254735,8.628490544939615,14.957581330589795,7.723568998287016,6.8242419674582635,6.25501844392192,7.21929272482972,6.744274329498329,7.284353283447432,10.364970638795823,7.890813385266899,28.93309625505315,17.20388489186561,5.520005989595793,9.48929472704602,13.948750086878956,8.024057281313702,20.20752280264444,12.51618289989633,12.223582709038709,9.800959152696064,11.990633274449474,10.710889600158433,15.758715697397717,14.82238717930314,12.235957501298158,12.317013170793503,14.711102929033443,16.659483540302542,12.45327242601719,4.761528686380291,9.045652884133794,14.865467535724761,11.309576850686952,12.248326693543653,9.583993005293786,3.61762880154257,12.540109335993815,4.413566550662798,5.147337221412817,4.371094972029529
21,2.9800758361981208,4.550308171005762,1.2054289309830946,2.4590105375721314,3.2813893599622705,2.3363949768607335,2.823917127731148,2.3713119007050305,2.3123599977320106,7.568309499266598,4.874549423281372,6.7138629254917985,6.0948057153781,10.31681243668853,11.175730550761203,2.9377137580268857,1.9780074925662263,4.211362171359998,3.6604408550002963,3.2202984852342773,2.9028556335932545,-0.0,4.1293919278769415,4.920021160158546,13.780207883752835,5.798207457096386,9.012630355594437,2.8779538596090752,3.3257359972135925,13.499136010280681,3.944740663729353,6.189234923944416,4.920125304859917,7.162625037884554,15.897110102445726,12.786181808977497,3.7403511404906613,3.837786742782006,6.154188503658086,14.409159982577966,6.9119545514986,5.5637290120110015,3.9138423543202383,5.840818916076468,4.999110518778785,5.581499124105328,10.858393154614863,5.741432262155061,26.164700434221757,18.67170725438191,3.5668302000300884,6.411436189253429,11.229259984865166,6.435282863809778,19.526091533545618,12.152105707642606,9.359350099525013,7.603697742970644,10.148196401123867,9.591209512594432,13.261286417756407,12.211830898299093,8.573293830546259,8.47946696277141,13.537924742773539,15.456798733124357,10.52467612686894,3.198732962100751,6.32618902580373,11.986016613194904,9.938284880371388,12.065147489226916,5.8790235557445465,3.880113618689226,11.419807812855868,4.392453673440864,6.800694186193352,3.801462525452537
22,3.7551676036171715,3.215834345222604,3.9203847938238927,7.284702418794992,4.130425703457157,4.265379441920648,7.067361413459496,6.795450954689326,6.443417326455566,4.793440141858794,4.232819985485965,4.6072516402927075,4.804239590564954,10.14635132589215,7.996829844041812,3.685046237671771,4.216736328623619,9.657545399890457,9.059378818114403,7.140594170704141,7.893263111700623,4.1293919278769415,-0.0,2.709512246804085,8.832355668636598,4.161282730424241,4.949570136104383,2.759827166507225,4.0517514120781115,10.160072351100764,4.083325612960801,4.021961895846748,4.24705089919906,4.793941248686825,10.738480382516075,6.491827760665181,3.2805092697144675,2.757264901006597,2.587519316443844,9.144630191321236,4.977663409280442,3.772535769919284,4.208291227599411,3.8265217391427457,2.9769925922459866,4.093548254901758,7.620861034158157,2.4728530392152264,29.332669084051464,18.4489073711668,4.7500729165367686,2.4576522742924958,7.69434665129853,3.6212336404353236,15.351632407975927,9.148134078305338,8.300815022153682,4.8174646528002025,7.307497306296712,6.372462207609716,9.51636143834555,9.886420705881685,5.1681576334430055,5.344658505259308,8.97177886796462,11.269446976197319,6.481590240566033,3.407920260793417,4.501119650718813,6.581627322735359,5.96368880736593,8.138653747040479,5.243372592175907,6.26603442090686,6.9682020726163465,7.568485712778916,10.818215503542712,6.108355071646165
23,3.3908572613241983,4.2281007292323585,3.803065178319497,6.564989801441278,4.467912539471411,5.473237029867655,6.979210892967356,6.1072911554866085,6.50394719818931,3.922126582421866,4.940110629042093,4.591711515689038,4.590867375133529,9.576154074272443,6.532283161063699,2.590451250617,3.941245909899418,9.278467187690984,7.519933515614818,5.078640128597802,7.66169812172962,4.920021160158546,2.709512246804085,-0.0,9.219114193874095,2.659185765422348,4.294778346031572,2.9297785730888077,3.5829449348425966,9.266909543378938,2.3106933819893514,2.1099075895953905,1.823840710746935,3.3733907955254163,10.387329044521529,5.921986926032941,1.955341860882277,1.6362327205654847,1.913246805553072,9.431042798956806,4.404659633296518,2.206109608542728,1.6749329501074564,2.3483785503582815,2.423061225648385,4.175588618048664,7.9700341350895325,2.71700855008787,26.85356946964622,21.02805428250351,4.769411940727565,3.840118719672859,9.154361833658056,3.1088303998960902,12.864987474841572,8.91309550687101,7.206161012321599,3.1957509460807887,4.575968141656833,6.335298802250719,8.435013638237432,8.062296702760735,4.759971250618223,4.968499283495918,7.1972629388958005,6.883214871929867,5.012653106997342,3.9693415371907195,4.835120058447555,6.629510717899413,6.830085617313701,6.241474094286171,6.030050326702751,7.123647808201224,7.375890095280404,7.748912557381094,11.326523524326024,6.806928871774884
24,9.549686066949471,12.976612851467063,12.215854413664523,15.184753086615357,9.460981998771292,14.669191854447831,15.442562008009892,15.461105190084032,15.149327590918414,9.903420135832352,15.074848377042114,14.839206712381316,14.916136346088912,20.359958670428618,2.620537211122359,10.303942258914226,11.829884504705674,15.355243849979415,15.961167984731862,11.363805212356946,14.52214687876932,13.780207883752835,8.832355668636598,9.219114193874095,-0.0,5.294605794679774,5.262993686010825,9.520631482539459,10.121808941125316,2.9655737024772795,7.670342338136166,6.462274659763127,6.095822240511685,4.240367941693865,2.9191328082423027,6.071375477259974,8.364360215824643,7.534537550374976,5.528565646545962,0.9414789761821878,8.040800524731244,6.581850634591613,9.118320349885282,6.4448091880952845,5.911149091383981,11.876655163011252,9.540515040314197,10.269167528947122,24.063299489268424,18.34377780968502,15.833912417489243,10.224339339864676,11.421937352291607,5.873812023918837,7.3652045687786165,5.913788890450492,3.668098526974067,5.523739225361839,8.492101969603977,5.280723742836124,7.265730105038512,6.389620921765932,6.765267875282399,6.634516888013598,4.359107735251254,7.162953853209147,10.972436819646786,14.698704976757105,14.965087984976233,7.710020833029784,6.259475176742062,7.384995840796164,14.599693475507346,17.498444999426084,7.488971652959272,20.741312790421,16.342946317751185,17.877090386208604
25,3.521540810117161,6.610241297593155,5.5853440056264665,7.466014822202709,4.216094806680298,7.153442993470795,8.003304684495783,8.045774738480969,7.537882368340963,6.951561649115712,7.582723285390683,7.234097889276861,9.16803518142493,13.624725562426308,4.905381328717024,3.887498378280585,5.985713183474838,8.154733168980577,7.9020980496146604,5.878589169149654,8.072496731935262,5.798207457096386,4.161282730424241,2.659185765422348,5.294605794679774,-0.0,4.086595100009555,2.6704398854435425,4.47812032097977,5.993389800004222,1.5758473206037067,1.455029374917263,1.4606941630438142,2.2800656841503106,7.262956496749591,6.942330865122745,2.4983653582694445,2.077250858696002,1.864754573119406,5.3888782921055345,3.2969483269669793,1.912918233051876,2.3141990003506425,2.7571084168866173,2.7390466899689248,5.818405583098935,7.694625246122021,4.324328721991239,24.02147766929278,22.215432551735212,7.6749116200039325,5.32850046796832,9.807783950888854,2.5605397199132045,10.998225046386136,7.842833559657274,6.388122621531746,3.0528827235197555,5.848845717081888,3.6701291089849852,9.153098085668283,8.499367242371777,5.211409862505691,5.489314488815644,6.824506897433956,10.245337800992052,7.601447822193913,6.639736159345908,8.319807163507933,7.665348577387458,7.666865731662319,8.534758188755147,8.617739249436317,9.925612717217458,8.606365744013104,11.249652545787109,14.103047747210471,9.467293903553658
26,6.116738762811377,5.7861749563931255,7.6105406136560285,10.090134410139509,8.989936166320549,6.724811986036575,10.67107184799537,10.294498449233028,10.608694733768257,5.021132484295849,7.2475927512204725,6.6839785479400335,7.399886847175126,13.477366020948594,5.363166851870661,5.586758983297881,6.694880430750589,13.355019385747605,13.373323014173613,10.985889079914037,11.243838366822612,9.012630355594437,4.949570136104383,4.294778346031572,5.262993686010825,4.086595100009555,-0.0,5.879927414501301,6.641396197624642,6.779555250584804,5.837329573973127,5.70433746765185,3.739881537711743,4.199069969608055,6.266492614266714,4.319105222647582,5.561911225416844,4.681824849971912,2.739767115048448,5.050554958952972,6.443224515357695,5.337357266972755,6.224758917386893,4.547789285536915,4.266861086899447,4.324544659572759,4.693834335742058,3.2078861462091344,28.123619526550083,21.52408745886007,8.262569460854683,5.318985870010104,6.231112538740877,2.014888003509212,8.182098901040666,4.23399714811376,4.329574089442271,2.374490048895377,2.857248906265918,7.272849086122482,4.423572472328985,4.109451428966746,1.9202049136970123,2.9612040595604996,3.1790170319040896,4.626777097282388,5.68683717737401,6.40887195161259,6.760500674102135,3.31303602819227,6.102210928950573,4.985847884372855,6.803478932827374,9.398383719579078,6.002857309833953,10.317338084647904,15.598828296126197,9.606191892310704
27,1.6737785700603403,4.258168585355925,2.85015542237688,4.717831727991387,1.774108652329884,3.8949182389699875,5.590510169593069,5.076005794777733,5.249775262068701,5.64557697001154,4.9767603882777065,5.827922857267056,5.939581314918894,11.455078571249977,7.351054980415467,1.9765130404343414,2.6702641853758107,7.324567293627075,5.6222132048029225,4.479044928152041,5.503654140743864,2.8779538596090752,2.759827166507225,2.9297785730888077,9.520631482539459,2.6704398854435425,5.879927414501301,-0.0,2.309690935201713,9.668045815790835,1.5815753539634763,2.745961568380785,2.818813488027835,4.67955728695124,10.758869016147184,9.333400875352936,1.4593277554874373,1.7156262185458537,3.0144026613082313,9.903140931542946,2.8580965712908357,2.3710406476574057,1.9500066283893618,3.1364258649263506,2.534781333853142,5.094203299775169,10.049954640354017,3.969171671926526,22.074472351388355,19.04520123283885,4.950218434156122,4.8608482152348715,9.659191398681,3.8843283616531226,15.853890074246594,10.693578667758898,7.520696155341905,4.667264401102041,8.158339802610206,5.481139770354078,9.736121387010341,9.3631376262812,5.463968495026204,5.3379322993443,10.077326034424193,12.335412735692675,8.26437797551033,3.490705552973228,5.545491040561379,7.9371829054165834,8.837476738637406,10.486476400734917,5.170622954644583,5.723885687963681,8.72815447585979,6.7044552672285995,9.890163914775709,5.5556241499520365
