,0,1,2,3,4,5,6,7,8,9,10,11,12,13,14,15,16,17,18,19,20,21,22,23,24,25,26,27,28,29,30,31,32,33,34,35,36,37,38,39,40,41,42,43,44,45,46,47,48,49,50,51,52,53,54,55,56,57,58,59,60,61,62,63,64,65,66,67,68,69,70,71
0,-0.0,1.3951658929784245,1.433863257150513,1.2648487766424952,2.706646969799284,2.676651469107562,2.509492108644592,3.975234552389812,20.578126818722446,3.8846181767674177,4.096269729137123,3.2281823967593692,3.6916214191457724,3.5178676545061514,2.9321180283241772,2.673574876090601,11.027474890122786,7.870575659163053,4.632697068890519,7.328181456554307,5.35043860657432,6.273118997782016,7.20581860359768,24.42954597376196,12.58744703578706,9.606196701754174,5.591733486652906,5.0544718543173275,6.560027700278027,7.684533961533832,9.855291160246207,12.411836127771254,13.717973009478794,15.079439911155168,12.514040582599593,12.179807443129548,13.931322945208244,12.809812198801303,11.453984822130955,11.972432765595354,12.20208987367668,13.616804337032006,10.477138484886485,12.36882846777631,10.75747950112695,10.530031602435978,10.349030816197477,11.374191371624079,7.653838404274705,9.45393383844276,10.242957988063319,10.138543829783668,5.325535320724676,6.789611532555152,4.300550608349301,3.987875108014115,5.289575280609062,4.056734079997324,6.245352531625676,3.568362170832147,3.616387133605098,4.156838689469643,4.2953938776622165,3.6453107845506487,2.5382304381667464,2.7726827152388447,5.4730494711274575,13.334176748048092,3.844667652549677,4.468147989276946,2.6241253822848964,2.5986564038616247
1,1.3951658929784245,-0.0,1.8182545783979096,1.2796519911316848,2.600884509255892,2.5252394546076213,2.4509662894086266,3.4363283446796715,22.023680844157767,4.007265990899748,4.094730675599981,2.5088964078233866,3.0190610427402462,3.9926617233163015,2.3059254371523035,2.6217894387546017,7.842479864860139,6.62264830322247,4.465165587431715,6.52380294832323,5.43770713571096,5.623425472293642,5.859641759036683,23.96745145425966,12.090140887452785,7.3861347850811,4.816842924032117,5.194796951883981,5.96836784002625,6.350652523201738,9.655511392898635,10.048864990549854,11.329981044443551,10.672287360645146,11.222893150695544,11.751619936178365,11.676918411758596,13.099717370317984,14.207926292161186,11.567408851835644,11.276789610651374,12.188108936504868,12.390545961329254,12.553076613055183,8.46077971077234,8.28519472777159,7.449917628864761,8.350433919999698,7.458385967534109,7.8245205270465235,8.369593306951055,7.398316474895261,4.963573771044956,6.151597135502532,3.5408555870256198,3.8335290932720345,4.062894330992824,4.0585455689748065,6.639709534699075,2.6235982552956147,3.501511200164346,3.545397295449143,3.738681911818368,3.2687764943787205,2.1785367063823333,1.99517394692761,4.3192327993991,11.991516475546145,2.810591510595836,2.231375641816569,2.7242904811948234,2.6910983844305054
2,1.433863257150513,1.8182545783979096,-0.0,0.9678738330364423,1.4175960655322548,2.098365483952398,2.0920420308969345,2.171775170581934,25.809339293888574,2.3132355097676998,2.544902065753845,1.7749746049870214,1.9907223971522994,2.4733983781634317,1.7276196083700877,1.5728372821151637,10.828967784298515,6.751560208319566,3.561232787607707,6.654096169658812,3.3485102928056696,5.35340358058087,5.535581325024905,23.477111606906764,11.200294916386971,8.881989788992318,4.091154339969948,3.8335435753908635,5.271560081792653,5.856698583851912,7.018753248536181,9.34683159977165,11.205027488074519,13.352822827329268,9.479577984145854,8.541080892773284,10.448696357457989,8.212470147454235,10.69792778808756,10.879326781260525,8.276867023480007,10.105454218974172,9.471778465829702,12.098498215901204,9.021103113892567,9.195544721851824,9.08804353062973,9.613846705876783,5.896394927498906,7.504222269703554,8.64093908308661,8.365992528953454,3.7351023736545774,6.07228336670469,2.9305372448111733,3.9101350760062776,3.5533359737418104,3.420053370143403,5.365258518445434,2.0124388845217314,2.0695040216315315,2.9056719201274834,3.0817529463826343,2.932170564355437,2.1714650500345813,2.058791415513179,4.271155007245565,13.89649636197885,3.9764744497360125,3.7718479850847424,2.1710962043024993,2.0716588974075623
3,1.2648487766424952,1.2796519911316848,0.9678738330364423,-0.0,1.3765319817787443,1.4911464312221816,1.697949745470666,2.7551619239111385,36.80047181226736,2.8027587388262436,3.054471928810038,1.7759778129699137,1.72696903856916,2.2951969728357695,1.4716682511665267,1.0744769766030404,7.4915641076720565,6.377779200336418,3.4147309935947265,6.440878585386285,3.9986279444599946,4.9199935367656815,5.364805729667905,23.602101522002805,10.010302180723818,6.656463864993817,4.402596476645994,4.178417208112361,4.8201477926129215,5.543247769481405,8.650469116616286,9.875652424094985,10.217813095397712,12.156242440887667,9.832341918896791,10.881283432072575,11.930484062871324,11.535074613300617,12.70136691658895,11.0459125335053,9.997852954312197,11.601908706227036,11.217998046052735,12.347546738507134,7.354367146858419,7.626628778106308,7.453770683839651,8.145712660828707,7.385670249405124,6.535483160029604,8.02141991945755,7.303647863194861,4.58175564355041,5.1773891546819595,2.8663071641587496,3.2686942773659227,3.372359069679752,2.6908801348285243,5.729401009196157,2.6557257925946383,2.615628171833668,3.849325772412378,3.5284490779813447,2.9207854489713636,1.9954023995482695,2.0168395019888203,3.5974984502326084,12.089090132621823,3.144982991475054,2.6033080340664023,1.9848437135341117,1.9804196968511938
4,2.706646969799284,2.600884509255892,1.4175960655322548,1.3765319817787443,-0.0,0.5334037321029352,0.7982007670480263,1.4032631982429749,22.69011593738004,1.712846776440294,1.980905842005657,1.4043171262926817,0.7354633246184622,1.300247709490611,0.9800973083195036,0.6036014758499089,5.713831604169609,4.389180302478865,1.957472736050527,6.126119009622041,2.954717411966742,4.082224099189794,4.288804200129525,23.789819414339036,10.903463865660608,5.259924792964086,3.0335014896990327,3.43052836172309,3.4745211629334474,4.205455834277106,6.869857965297204,7.8148621573987205,9.312588492007547,10.10484874202365,9.313063708288851,8.196483581484355,9.524830913147069,8.497590761197358,9.719103470029337,8.947719961708632,7.098906132263957,7.8675965341502945,8.649179273804974,10.758957768723693,6.800211573961675,6.823256850346613,6.929626687310311,6.867578167793187,6.46450973633418,5.148121019189691,7.091190676690265,6.20451648328247,3.3883436550926596,4.585372489908265,1.9139549038502133,2.4102313914240807,2.2880221446808626,2.2992937692893194,5.119798463436818,1.2826869742238416,1.132310422891834,2.1054584277444643,2.5704431392776015,2.185196093734007,1.7740337759465288,1.9507678601947616,3.3820087058835733,12.169393214754441,3.099851625734776,2.069076312105446,2.0777220282442572,2.288320222980262
5,2.676651469107562,2.5252394546076213,2.098365483952398,1.4911464312221816,0.5334037321029352,-0.0,1.0488538405838477,1.6224723476701213,28.031421865474705,1.7993245082177316,1.9411080961916822,1.4147086780808995,1.0278520526859347,1.319589490859059,1.3151492405619785,0.5848336237090427,8.034019673064467,6.281975054579676,2.1747127654997818,6.199809847339613,3.349220637337396,3.813491910071007,4.6231761962407285,23.850334546195512,12.496412019570913,6.836255808290866,3.488765424751118,3.7166786438317088,3.472200470468541,4.91107604713314,7.336196281923024,9.031140256494892,10.196818181038537,10.65938800296845,9.555798007346443,9.540387335757403,11.101093177897528,10.038512886898395,9.587458664040351,10.258001945820823,8.637615717378065,9.8708343663067,8.82962439710138,9.702327102857092,6.951963022494596,6.555256784440997,6.904763213668775,6.982708592178494,6.535514996050591,5.490487186490477,7.530328055114414,7.002474014476287,3.4712823221011404,4.437760695922447,2.2477712653739714,2.4029789999385756,2.636098087360261,2.297643220730963,5.232561542617179,1.3418890094234692,1.1838986295017495,2.3759399857855743,2.774539718221907,2.2003550555677602,2.208060943996315,1.688145231621169,3.4744270406049353,11.937328438477591,3.7143596226301825,2.5682217123150806,2.621322804375575,2.351118918175528
6,2.509492108644592,2.4509662894086266,2.0920420308969345,1.697949745470666,0.7982007670480263,1.0488538405838477,-0.0,1.631888488142221,27.623853300425623,1.8511264795945463,1.9334624117962913,1.4599283812873252,0.7152965606287683,1.2092433958352502,1.0431576207496567,0.9684291755622237,8.119229456396903,5.932452057883244,1.529476880477691,6.775344985869005,2.893687787086423,3.84841447941333,4.286624002436478,25.52370761459457,10.043151411558663,6.338423983778869,3.176540596924514,3.2878132224681202,3.9905753065627554,4.55707616878598,6.264708137941836,8.428426012055859,8.996577202260738,10.607165628298388,9.039720125423775,8.738748560746064,9.712771391773073,9.428691887657312,10.128955890937721,7.567098173620924,8.080387677093247,9.147821707717792,9.786376784536529,9.411570006010981,7.0162256895105495,6.493918797990795,6.151452810535031,6.6315212237678045,5.938022243304822,5.614475352967475,6.245755720574311,6.058691985261583,3.239695822838884,3.9932095535822327,1.8158040566690374,2.633744254555262,2.4964098276248206,2.4983132639365917,5.680803708105264,1.0812644500805695,1.2804488742129958,2.2870747028760308,2.4292219112604667,2.0503620402479776,1.6371975835908394,1.8580857571820144,3.5721188906513,11.785624214767068,2.923878813390608,1.7982157487257557,2.0955926135642704,2.1553039921072275
7,3.975234552389812,3.4363283446796715,2.171775170581934,2.7551619239111385,1.4032631982429749,1.6224723476701213,1.631888488142221,-0.0,36.36630295627742,1.4912027861235688,1.3826103344207559,2.5388570236864796,2.2351303192406116,1.7241865786414892,2.0908905458443363,1.7398356722171864,10.257148931735815,7.138378625673423,2.6256979746660756,7.496817014433158,4.055019670961996,3.997287415196164,5.260433366997791,26.18689827536373,14.176769354538031,8.142375770650252,3.5820500317255206,3.5694084016489227,4.443295461778967,5.534990054877905,5.810835802498165,8.968452520916347,11.441770091500798,12.117997374115404,9.706378085494581,9.00934316970188,12.050632521306289,9.023524863601256,9.462780192593218,9.619486908671199,8.901417217651398,8.514723205735637,9.25941725618034,9.56502623992192,8.882843338822104,7.725666142766947,8.808824392461574,8.798988238534644,5.87810504499378,7.002274887449748,8.200185163862239,8.096103566748644,3.5443833653816705,4.382397185026087,2.1902981421688725,2.3061525531443383,3.2913612260794634,3.3218733100299414,5.717832611579521,1.765328739796492,1.6184011965776108,2.31002780580459,3.0524534864552235,3.1652248637486218,2.9213763877780767,2.8848934229277483,4.402350684732916,19.386219421727837,4.270282450445341,3.1403205417790545,3.6657257701721124,3.3213863560617534
8,20.578126818722446,22.023680844157767,25.809339293888574,36.80047181226736,22.69011593738004,28.031421865474705,27.623853300425623,36.36630295627742,-0.0,31.231311403225394,33.86758648511554,29.628594333221198,28.813394646499933,29.919626044304195,28.772220364725488,33.90016182764399,27.99688382069408,36.532754722777604,30.21094259743583,36.45724152949161,44.44893918163486,34.0670783015121,33.84621081041015,48.22351798853221,46.707583530705435,39.830570691231166,30.135625722372627,38.671645104803105,31.693003056104338,32.21037145978325,42.42571861842105,52.74648356786246,35.89248512323754,38.020534085479206,56.09856245525069,35.90288423425596,37.242827122504146,38.75537966972825,35.023014104851285,34.263621485271685,34.099041488450354,34.35944201844152,33.21552167323498,41.93627771139214,35.42048728218375,36.91820934108893,32.0150192125391,32.30913535480247,35.95834363111614,35.22478914226405,33.211537234581286,28.87341406894554,32.07966880121355,36.84269440360163,30.727328434966413,26.937624162938167,34.53851494500315,35.48435921594784,39.252319298722504,28.136382136243217,28.82305671103607,29.807550095640384,22.524087940622508,27.750622991727003,24.496436368843614,26.607484505616362,43.900841514018055,30.976643989419234,25.98902443167934,25.754317930866005,25.637987184264365,31.73163860731808
9,3.8846181767674177,4.007265990899748,2.3132355097676998,2.8027587388262436,1.712846776440294,1.7993245082177316,1.8511264795945463,1.4912027861235688,31.231311403225394,-0.0,0.6653694882752847,2.4052738356219003,1.8985963067477767,2.189722649511687,1.5905033108180224,2.0936401720615123,12.76918611791534,8.73166764605743,2.6205135849942014,8.805829752865872,3.012765634740138,3.301196691600086,3.9585896897102235,28.80784237143622,13.984319332683903,9.697375579908863,2.9567609608767675,3.535452099975138,3.3344109430243174,5.137918033037246,5.524697833674385,8.465031029104491,10.336082953563993,10.502598876864873,8.26366042357558,7.775714767832325,8.749016258598528,7.700143747194168,9.11776775979058,9.57014609717904,8.088001402546759,8.14566408524113,7.804651908768032,9.747507767404409,7.386835134233,6.808036804642607,8.47621342605124,7.328750270788385,5.0640932493375574,6.133554621602864,8.315773836531994,8.054861014138146,3.3912735862376246,3.112187680560031,1.6406103344031229,2.329518004368488,2.7019229250491525,2.8764766850570616,6.619236411763628,1.538712479970654,1.7375007950312047,2.333703968071758,2.455839927623856,3.655685416865502,2.64744279389375,3.2517971054974746,5.729333751224455,16.64516169130911,4.006545662893592,3.2455496671248456,3.396683750332995,3.090465163470599
10,4.096269729137123,4.094730675599981,2.544902065753845,3.054471928810038,1.980905842005657,1.9411080961916822,1.9334624117962913,1.3826103344207559,33.86758648511554,0.6653694882752847,-0.0,2.737003063792368,1.9670943386131847,2.3390674228760573,1.9368990454695822,2.1468980572649197,14.110005933605262,9.726493510903328,2.489289166000511,8.338407189599788,3.055319842854251,2.497800901343794,3.876602311318008,26.922045808088487,14.08442180805261,10.6511622367667,2.9571749068437687,3.3950237701979993,3.281236080696077,5.524697028887328,5.170788477316123,9.062872088943875,10.727892065691062,10.000770051652642,8.137313681334064,8.035717638487904,9.092220538380877,8.160176435100762,8.838653918422146,9.250309853571212,8.692066997358918,8.633971824933761,8.099735161123983,9.544453501303321,7.209155138360583,6.281436080792749,8.416868922680518,7.136086899048075,4.958457449968725,6.4731004068059885,8.410785408857057,8.35533304586112,3.5897887479343127,2.8801263410992735,1.4968705742039292,2.1011950708197547,2.9600259269703315,3.064369080152326,6.001395038537375,1.7113488814963735,1.6097710754877266,2.375331072513294,2.6085684485859364,3.604858482568847,3.0705420777339776,3.5103637195957247,5.937874035081751,16.999559474921163,4.8379394447511554,3.6744098266403626,3.553641398620255,3.7030574982461477
11,3.2281823967593692,2.5088964078233866,1.7749746049870214,1.7759778129699137,1.4043171262926817,1.4147086780808995,1.4599283812873252,2.5388570236864796,29.628594333221198,2.4052738356219003,2.737003063792368,-0.0,1.1319134881214095,2.1397225692964494,0.8551272530882404,1.1558067039041053,10.87681310794591,7.866260986367366,2.706246297159916,7.499710667200453,3.278597368621912,3.620542048037207,3.9458563074596897,26.943793165224058,12.21305825169037,8.334247804061068,3.7654398451053877,3.075506956852262,3.7991857594098444,4.509856598727565,5.492980074581035,8.968479523545877,9.146114843239816,10.657001965467197,8.103428792036016,9.457624054329276,9.501836858308947,9.833965003958292,11.743657463851518,11.18381304552498,8.696340358795524,10.523181684871538,10.634914184033056,10.841505915742236,6.589337496488256,6.838154921113034,6.4013770413537765,8.023887305549914,5.188399838320906,4.928486850264486,6.228647083414774,5.821968469080398,3.0486057003528426,4.210636104548561,2.102149060108362,2.6566755044097166,2.5076217815253075,2.802115779911566,6.624998371637803,1.5655722584033878,1.9739184953718483,3.023736472971073,2.3112792672757774,2.8833088920458625,1.9952553827440538,2.4232923260238084,3.9343719518229117,14.221988408820325,3.6407054166548503,2.032571629079681,2.503389914496875,2.2734615073772173
12,3.6916214191457724,3.0190610427402462,1.9907223971522994,1.72696903856916,0.7354633246184622,1.0278520526859347,0.7152965606287683,2.2351303192406116,28.813394646499933,1.8985963067477767,1.9670943386131847,1.1319134881214095,-0.0,0.9982967795511237,1.291113669514822,0.9231545146061748,8.541748341982295,6.167989563226786,1.7276518567773473,6.570758089790986,2.566239398194914,3.512099146872717,4.145664010277775,24.760830322984706,9.586794873581223,6.733094602023267,3.251783641697662,3.2383508886668446,3.7498579172483786,4.8616331177529215,6.259419295939309,8.30528168256493,8.559520530679109,10.165712461880169,8.55156551979546,9.166645548255154,9.395666935730233,9.96781145187221,11.510921732173738,9.8150288245236,8.573414977537631,9.9244003005225,10.494723248462675,10.473684282775032,6.089266572604097,6.331475602911939,6.549646181111628,7.212627247337642,6.090838096628871,5.03244190108914,6.681911441885283,6.3585391890290035,3.4854517216052834,4.17963788908972,2.0602614406814106,2.6726143320866025,2.529422727020178,2.499500393844495,5.615641411619858,1.1943495691676678,1.3223599634698329,2.396300051627187,2.494313666655562,2.2898821691839997,1.9365410932656102,1.7046818439207716,3.24139478064817,11.746628506846209,3.259128887801961,2.222987536998687,2.0830272361217403,2.0168512764001716
13,3.5178676545061514,3.9926617233163015,2.4733983781634317,2.2951969728357695,1.300247709490611,1.319589490859059,1.2092433958352502,1.7241865786414892,29.919626044304195,2.189722649511687,2.3390674228760573,2.1397225692964494,0.9982967795511237,-0.0,2.0192210639074792,1.2330235754859242,8.334508744501793,6.195693394568478,1.6622358781551374,6.90409579715856,2.840970793531352,4.458013983987703,4.647950529677929,25.92451903010902,10.203502691025813,6.743062093617876,3.567277292013182,3.782655128321619,4.451432857422654,4.765875562913775,6.214207119381151,8.566056862123006,8.944268192104534,12.223373905690952,9.471314103375537,8.771289864162457,10.551001962185625,9.547863825508355,9.955354325756502,8.341088290007391,7.96897361014105,10.344751945612446,9.553105442122623,10.418008120261193,7.681000854371586,7.314791329971924,6.747111943715977,7.332474284531406,6.220481519675006,6.119934941989279,6.605589169383243,6.36077727156008,3.6403481210903896,4.881855520997576,2.4659736234254614,3.27742273001187,3.197568953313179,2.989830787619128,6.083782138007426,1.7792362452397656,1.7819375896414689,2.459700854146556,3.18543976663092,2.23027653841652,3.1160780403106334,2.364404024251282,3.4950723358510425,11.689377614867093,3.517565925153996,2.7295511404951394,2.812379511804671,2.7502153354588064
14,2.9321180283241772,2.3059254371523035,1.7276196083700877,1.4716682511665267,0.9800973083195036,1.3151492405619785,1.0431576207496567,2.0908905458443363,28.772220364725488,1.5905033108180224,1.9368990454695822,0.8551272530882404,1.291113669514822,2.0192210639074792,-0.0,1.1442829567290602,9.700632336508098,6.800627078601941,2.118021398202782,6.801094451460001,2.6815735618725274,3.766904512105133,4.031637665368426,25.330528546112454,9.547138973622314,7.349165039477859,2.8948670283925755,3.005830289588084,3.8801344187799836,4.025120706692445,6.574112712828238,8.257165440484334,8.767950703454487,10.751303389224514,7.6138356745418765,8.31634291629747,9.194769204203087,8.625836553228483,10.009520187488473,8.536529482105308,7.695237875403596,8.947027840203736,9.22050396754089,10.457064634406402,6.133190662934178,6.323992151872485,6.389533070470093,6.170814738232119,5.356312542886887,5.468630446487963,6.73658817186852,6.092735763617636,2.770197653577371,4.095736051601452,1.7926492218142729,2.6282538758461897,2.2271949805552183,2.5457943350312005,5.695344831064491,1.2439080609920967,1.4158046187568007,2.2010495868336024,1.8530900042215177,2.5153402790735404,1.9170228402483651,2.2026157461416167,4.108987308261608,11.422012791282125,3.514895859177285,1.7114211692475072,2.195831786280864,2.4362060574463356
15,2.673574876090601,2.6217894387546017,1.5728372821151637,1.0744769766030404,0.6036014758499089,0.5848336237090427,0.9684291755622237,1.7398356722171864,33.90016182764399,2.0936401720615123,2.1468980572649197,1.1558067039041053,0.9231545146061748,1.2330235754859242,1.1442829567290602,-0.0,8.34959612879015,6.949477729409227,2.5674496055469596,6.105126680789542,3.092504567706545,4.333655108536856,4.84206350339551,23.928069486422366,10.54471597474531,7.179585094071655,3.570538024129333,3.5622686087393056,4.229585398066876,4.8467283435747,6.681183216234414,8.121491680738519,9.828852837060904,11.617684790900974,9.444174067938029,8.952150442193975,11.073090811213675,9.533464303031451,10.730110916431368,10.647855055529048,8.168696370105453,10.204028036272272,9.99838704091849,11.589522893337291,7.487529620076668,7.441676882536407,6.743706272188613,7.490858847404582,6.288520225918661,5.513527820128624,7.070799072919409,6.401128383706613,3.5072311171838937,4.992360548149471,2.2796837849989093,2.840999114524465,2.9441622744132836,2.689809041018427,5.493402981889671,1.5430547962486905,1.5231788392394587,2.8000381266561134,2.6544193875925632,2.244306222871301,2.11087761359782,1.896232920306796,3.044003998747047,13.168842660511416,3.1006324155660128,2.3143440388273184,2.1610675551644642,1.7843354717837907
16,11.027474890122786,7.842479864860139,10.828967784298515,7.4915641076720565,5.713831604169609,8.034019673064467,8.119229456396903,10.257148931735815,27.99688382069408,12.76918611791534,14.110005933605262,10.87681310794591,8.541748341982295,8.334508744501793,9.700632336508098,8.34959612879015,-0.0,3.399899548724415,9.176065175828503,12.52140741058557,14.60758494864781,14.171618729898823,10.83153603629972,28.33672262449231,11.571131375593882,4.324471369174784,10.657490359587456,14.604641420489488,7.923513231173913,6.68812744227664,20.71754519693514,16.33194168580299,17.434943427305925,13.309636723634418,20.266952063767807,19.44101785994517,20.809121834962266,21.072757926887103,20.688793309627474,17.16878230651024,16.051297367997467,12.127010605070208,19.64708972587592,20.68110821189367,14.489421969990223,13.932676152937496,15.21325442302614,15.150754329676587,19.48248755675678,12.035068303819946,15.544562851729703,12.094789150324964,14.433028101041037,11.30924986126025,6.440752410101146,7.644594988583575,5.079053267424533,5.601180756981589,12.455848222103851,12.464114204114159,10.492203148632912,12.973777397925135,13.886552484673404,9.235772615557492,9.798259688371312,7.832946519509136,6.142011370862119,10.738590191448166,6.341807928509876,6.441221283749831,8.491080334828201,12.68663855445395
17,7.870575659163053,6.62264830322247,6.751560208319566,6.377779200336418,4.389180302478865,6.281975054579676,5.932452057883244,7.138378625673423,36.532754722777604,8.73166764605743,9.726493510903328,7.866260986367366,6.167989563226786,6.195693394568478,6.800627078601941,6.949477729409227,3.399899548724415,-0.0,6.436857095390744,11.926292471787871,11.55590902714153,11.052500594616092,9.071708799853578,34.32041665017356,11.945240552596875,3.1674467073431583,7.975872529685863,11.147509124826433,7.183050237110841,6.469578314105708,15.899606822956342,15.028514510128817,15.684528368254997,13.39529540298073,16.402153437050718,15.95427924155562,17.38041299437403,17.04939359122561,17.408559606116132,15.485876389375026,13.236991884806397,11.088073117883686,17.66530248120454,19.255205968946363,11.874377707736306,12.434320081657033,12.83968236111812,13.217545467400342,14.72327818003374,9.987782308262915,12.772596118675082,10.270876252978974,10.067132338999574,9.207141518541853,4.19442800175461,6.514750821451093,3.497518732744584,5.875770865928071,10.608227788016189,8.606039397057133,7.829204151722991,9.182070163559938,10.26724566562865,7.202318417186526,7.249234819038713,5.8395583329405,7.270901680274878,13.446190192757022,5.999620898380299,4.763822050136473,6.5670715601354255,9.336339068784294
18,4.632697068890519,4.465165587431715,3.561232787607707,3.4147309935947265,1.957472736050527,2.1747127654997818,1.529476880477691,2.6256979746660756,30.21094259743583,2.6205135849942014,2.489289166000511,2.706246297159916,1.7276518567773473,1.6622358781551374,2.118021398202782,2.5674496055469596,9.176065175828503,6.436857095390744,-0.0,6.700090253679759,1.7376384455514076,2.8034852424526253,3.4253075205249868,25.222536715426358,9.321921161934487,6.70605687070977,2.0355519726753935,2.386483797966277,2.907058038061052,3.3226432365010803,5.162783626497441,7.031235971477581,7.702143674061091,8.993487272954052,7.371074042191052,7.576883294097502,8.017070870805929,7.793265549705819,9.151782367646826,6.678583663520845,6.393390369563436,7.7997861449878885,8.774188208681252,8.90355307167485,5.16686400889631,5.452557248842197,4.905379572531979,5.39030614766504,4.9876656407871005,4.124905766239823,5.022062198033404,4.892167892025294,2.3951979284315454,3.835083273034484,1.898238174533487,2.47287113745511,2.3600123947235003,2.6693780542606933,5.574661115450492,1.465541280865684,1.5198236893626123,1.5370128121763023,2.1425934391111863,2.3850251124881074,2.433842334701407,2.920956057830191,4.331340267467184,11.094540482498818,4.3356023669515675,2.6315065676802876,3.602676318717346,3.7432915155938664
19,7.328181456554307,6.52380294832323,6.654096169658812,6.440878585386285,6.126119009622041,6.199809847339613,6.775344985869005,7.496817014433158,36.45724152949161,8.805829752865872,8.338407189599788,7.499710667200453,6.570758089790986,6.90409579715856,6.801094451460001,6.105126680789542,12.52140741058557,11.926292471787871,6.700090253679759,-0.0,7.153197562294317,8.283888231955041,9.447712212452883,6.13874326938767,15.355922031934929,13.28837980567211,7.389289610099922,6.916043964504918,7.579207089624739,7.879421155202431,10.18781831626798,10.186074563128312,11.666396897290262,14.50753975869245,8.234830337491244,11.328856217483656,11.223929590972041,11.52600745956372,12.993527137625833,11.430647143204801,10.584306647262926,11.233179072256695,12.167857243554879,11.784584334949203,10.869204418849991,10.798866189509967,9.358537666115556,9.838028445154125,9.517032879948708,11.017846440287265,9.57707298510541,9.142069974366292,7.721353101972785,8.326306987516864,7.70173369189774,7.338633078814573,7.993363232610346,7.657819636142652,2.539606263311453,6.984788970719528,5.979600494424464,6.970642766322793,6.874879456004782,4.966985173268213,8.404462765616161,6.003738460233224,3.812132133555706,16.59898330085252,5.372330611180678,5.980299199265743,5.223230393260642,6.993799576084211
20,5.35043860657432,5.43770713571096,3.3485102928056696,3.9986279444599946,2.954717411966742,3.349220637337396,2.893687787086423,4.055019670961996,44.44893918163486,3.012765634740138,3.055319842854251,3.278597368621912,2.566239398194914,2.840970793531352,2.6815735618725274,3.092504567706545,14.60758494864781,11.55590902714153,1.7376384455514076,7.153197562294317,-0.0,2.8943090158790024,4.487115373076299,25.322874953012704,11.961157287619775,11.663213755604037,2.940257766694353,1.7420405341254548,4.167768810318819,4.600466784737264,4.099221430530417,5.559691667885077,8.646969524338358,11.137211504307098,6.51629437986936,7.689346238823848,8.206629609343665,8.01997777677901,10.210891186407702,8.438314548068828,7.413567855381526,9.920355015670832,9.56586320114086,9.341519572001419,6.002382256118084,5.304217180961523,5.832830700268062,6.974907187817382,5.221711355876394,4.666944510164082,6.333617147716286,6.217174199030958,3.181374324784564,4.066117291824087,2.8386680445879713,3.25093351906553,4.254194193772834,3.280287563426532,5.833875979011618,2.7278489963424972,2.646354089697317,2.7354605160982026,3.170345480733528,3.532980769373968,3.9700174079505004,4.5972979303048085,5.141560056065875,17.19946521961371,4.960690496428833,4.068827095694942,3.9704843563250805,3.578733806702813
21,6.273118997782016,5.623425472293642,5.35340358058087,4.9199935367656815,4.082224099189794,3.813491910071007,3.84841447941333,3.997287415196164,34.0670783015121,3.301196691600086,2.497800901343794,3.620542048037207,3.512099146872717,4.458013983987703,3.766904512105133,4.333655108536856,14.171618729898823,11.052500594616092,2.8034852424526253,8.283888231955041,2.8943090158790024,-0.0,2.3090118089929588,26.90908654823147,14.963982826843369,10.859369972988574,1.235140464074557,2.2910216160112737,1.4109937469724816,2.9229644347068033,2.810189709403019,6.254031915307718,6.794396143576443,7.528807540114924,6.20466939927288,6.691637578229309,7.268108100503889,7.229692124370996,7.712921845723229,6.386565200271904,6.604303675906731,7.506433126693129,6.928568055179919,7.127029548539855,4.288398806258918,3.5873260787578305,4.53257127042133,4.4113020697162755,3.3350485663992253,3.106770714678646,4.151074358259984,4.512582935085322,2.0277360976102234,3.1235763230507008,2.341674944799894,1.8859292793427325,3.620604687921425,3.4380992432214414,6.187906068133691,3.245096526645535,2.6454486422341916,2.5198427687031004,2.6520157167516185,5.2216137137106715,4.2139862259452725,4.772359483249335,7.267585956214002,16.648628006302587,6.894331777937729,5.420016769043213,5.684241684015435,4.922021083386657
22,7.20581860359768,5.859641759036683,5.535581325024905,5.364805729667905,4.288804200129525,4.6231761962407285,4.286624002436478,5.260433366997791,33.84621081041015,3.9585896897102235,3.876602311318008,3.9458563074596897,4.145664010277775,4.647950529677929,4.031637665368426,4.84206350339551,10.83153603629972,9.071708799853578,3.4253075205249868,9.447712212452883,4.487115373076299,2.3090118089929588,-0.0,28.25427629882077,14.89274417507108,8.402309994433546,2.0953418636300665,3.803952013117371,1.5667547744574901,1.356989011771715,2.6114457384233685,5.7189671769868875,4.44693280835728,5.038418277784295,3.397216086838304,5.278814365103611,4.787227761365297,6.255954149756745,6.604441827813576,5.638898431002823,5.315667816675884,5.867357414599954,5.690393563159072,6.258865491768783,2.4042464346394326,2.600099674559866,2.6552160448881525,3.7147713294219744,1.5430184028158078,2.2374751265160664,2.577212971084648,2.2387937392123414,1.4924972709228148,2.195317134028759,2.6420132426338565,2.3685731030214168,3.327401253819398,3.690064720208959,7.350940675731503,3.531628380628247,3.698456228412632,3.5295316049432053,3.4612632266338266,5.255593261737792,5.13595618756994,5.972466584273755,8.29695525141265,17.129211306768926,7.300241056489998,6.122918723186125,6.482365554105882,6.22069300714879
23,24.42954597376196,23.96745145425966,23.477111606906764,23.602101522002805,23.789819414339036,23.850334546195512,25.52370761459457,26.18689827536373,48.22351798853221,28.80784237143622,26.922045808088487,26.943793165224058,24.760830322984706,25.92451903010902,25.330528546112454,23.928069486422366,28.33672262449231,34.32041665017356,25.222536715426358,6.13874326938767,25.322874953012704,26.90908654823147,28.25427629882077,-0.0,30.62308155739315,37.135197994476044,25.229926742157115,24.62686660677493,24.53378165583408,24.950504196263548,31.582770829823676,27.030051695556896,28.49231345819813,36.37782969372806,15.106183936625865,27.61346365882234,26.837597597005267,27.94508532245451,28.529235895897745,28.38728727127403,27.6105585106323,26.980029406688892,28.331370786235787,27.001038330218847,28.523229127698336,29.689869957897795,27.841638422079846,28.343375277680785,26.68968781479539,34.18553685909975,27.766610893728615,27.468437817626175,25.607188700871728,25.030084729787905,26.217122496406553,24.709652164050436,26.08208051620839,24.826726120272557,7.023634943901079,26.203283474376153,23.52680986849237,25.734904283544402,25.910940352532194,21.5713258596912,32.2411127419783,22.855822969661883,12.340696159886608,35.68846612130452,15.686547564073239,23.82198336953011,19.766734641677747,24.668702099964097
24,12.58744703578706,12.090140887452785,11.200294916386971,10.010302180723818,10.903463865660608,12.496412019570913,10.043151411558663,14.176769354538031,46.707583530705435,13.984319332683903,14.08442180805261,12.21305825169037,9.586794873581223,10.203502691025813,9.547138973622314,10.54471597474531,11.571131375593882,11.945240552596875,9.321921161934487,15.355922031934929,11.961157287619775,14.963982826843369,14.89274417507108,30.62308155739315,-0.0,13.54316528401172,13.302325239511795,12.851670498053343,14.474664733988806,16.917567533766718,17.944129677204657,17.39708241463732,19.8996291064183,22.915838482600943,14.477061868853214,20.954630008729126,20.504427321373434,22.36257041567336,22.016678696397616,17.98032065244251,19.818623593359177,22.373638667863737,23.22547531436688,22.4468112485077,12.555814789492972,14.666667057878362,17.02058876792927,19.010818760267167,18.387294748123267,15.719127027975457,17.421624232591718,17.84715210279799,13.839027060407853,14.053689444388953,11.192082123337116,12.944394684713018,11.936859865593268,10.996554710499288,14.212631714433225,13.113712882207109,12.9127048074883,14.090297558889223,14.544924061994855,12.031735137738735,12.94600612682491,12.304403889843568,16.027725891878745,10.498253890676947,14.915264549458414,13.451114815190168,11.15198227155079,12.650096915082447
25,9.606196701754174,7.3861347850811,8.881989788992318,6.656463864993817,5.259924792964086,6.836255808290866,6.338423983778869,8.142375770650252,39.830570691231166,9.697375579908863,10.6511622367667,8.334247804061068,6.733094602023267,6.743062093617876,7.349165039477859,7.179585094071655,4.324471369174784,3.1674467073431583,6.70605687070977,13.28837980567211,11.663213755604037,10.859369972988574,8.402309994433546,37.135197994476044,13.54316528401172,-0.0,7.811516858453592,10.965830363205086,7.028317076968441,5.280999654847262,16.048940203218674,13.92205838902755,14.200428440183751,11.939452354856368,15.781531897403573,15.608036377406547,16.925298500803674,17.17188386850048,17.966438624211087,14.47175557770464,12.875216570584946,10.627232301517884,17.835732631342722,18.264083076747287,11.225621545639237,10.786301518129449,11.9903140456741,11.64212836277314,14.932944961250055,9.43531910327932,12.05449826669597,9.286762346178186,10.557190662568248,8.171050975177865,4.373649692921896,6.150146218476273,3.436029253127171,5.453538539596815,11.543920162352526,9.299782848657388,8.323463033829382,9.893847789753481,10.562032439064744,8.204499427080611,7.990722391217062,7.3582365168228545,7.877151347663025,14.031835948946654,6.347983509937661,5.665716286268355,7.69012043675134,10.348686384262127
26,5.591733486652906,4.816842924032117,4.091154339969948,4.402596476645994,3.0335014896990327,3.488765424751118,3.176540596924514,3.5820500317255206,30.135625722372627,2.9567609608767675,2.9571749068437687,3.7654398451053877,3.251783641697662,3.567277292013182,2.8948670283925755,3.570538024129333,10.657490359587456,7.975872529685863,2.0355519726753935,7.389289610099922,2.940257766694353,1.235140464074557,2.0953418636300665,25.229926742157115,13.302325239511795,7.811516858453592,-0.0,2.125506385890116,1.190968671309454,1.6926479174368714,3.459240117177927,4.98309447327021,5.988687536042081,7.22490318519846,6.2163607824200415,5.400831500183417,6.353918143505158,5.707973373297793,7.41590913111064,5.750410168076202,4.66005251421492,6.055143444151401,5.855044673051643,7.971148370968773,4.234345496484708,4.281362630983198,3.616753287415315,3.9627884782261553,2.619904905835781,2.776874534904426,3.7265149691265265,3.257661441025212,1.398358656898787,2.470626471558129,1.8767352787862501,1.8433372967951787,2.671072905407655,2.8866953293241187,5.601297946406708,2.6308150396294994,2.4292424816453306,2.2338727322460588,2.216892281708682,4.212976281491107,3.674273535400911,4.962200289399943,6.284243461449517,15.222266399981644,5.366887395941885,4.457976070839315,4.78175824703329,4.803960099551038
27,5.0544718543173275,5.194796951883981,3.8335435753908635,4.178417208112361,3.43052836172309,3.7166786438317088,3.2878132224681202,3.5694084016489227,38.671645104803105,3.535452099975138,3.3950237701979993,3.075506956852262,3.2383508886668446,3.782655128321619,3.005830289588084,3.5622686087393056,14.604641420489488,11.147509124826433,2.386483797966277,6.916043964504918,1.7420405341254548,2.2910216160112737,3.803952013117371,24.62686660677493,12.851670498053343,10.965830363205086,2.125506385890116,-0.0,3.4075026555777734,3.2532255949485362,3.145128975787535,5.198559823353546,7.590917599226801,9.541948078196942,6.354018879319532,7.148792965115245,7.598029836682554,7.653325717164927,10.230933950052382,7.7599596285371355,6.726231144205348,8.241399411886789,9.69824130460783,9.960551469030936,5.033464545142144,3.696945410076246,4.392687261106577,5.8392213475048145,4.406428201738845,3.573668169240984,4.9578435073055225,4.710841631259183,2.5178054434521524,2.8892641021787293,2.1366815722169243,2.5123695459071826,3.616971432788174,3.4283875039929375,5.343676841206973,3.0569299142515103,2.772147932942796,3.2639748117021696,2.5597250104353284,4.983122490710312,3.746394285746252,5.164284625255294,6.391343690655214,17.708126851241353,6.862516276507386,3.9355425460185915,4.95165831159385,5.23680220237079
28,6.560027700278027,5.96836784002625,5.271560081792653,4.8201477926129215,3.4745211629334474,3.472200470468541,3.9905753065627554,4.443295461778967,31.693003056104338,3.3344109430243174,3.281236080696077,3.7991857594098444,3.7498579172483786,4.451432857422654,3.8801344187799836,4.229585398066876,7.923513231173913,7.183050237110841,2.907058038061052,7.579207089624739,4.167768810318819,1.4109937469724816,1.5667547744574901,24.53378165583408,14.474664733988806,7.028317076968441,1.190968671309454,3.4075026555777734,-0.0,1.3668523028638282,3.585035237635648,5.2133768209611615,5.53405059298429,6.181689260759534,5.239069485982174,5.055341251129001,5.893007158993222,5.62605059584252,5.735929335190873,5.918854987532932,4.257044928803843,4.844227426866955,4.791882043370008,6.56421917232397,3.1415002100855554,2.7664299996674306,3.5385876549019173,4.042755891822306,2.9449327684496973,1.6949432930620583,3.764774645130834,3.1895031782934398,1.637740598416608,2.213614380985249,2.5350974944207736,1.947361813455862,2.8913667805699013,2.421416166571555,5.6298596729858055,3.2211710186127065,2.5773006026973984,2.723546853162362,2.93542585960014,4.888375866458865,4.439661335373716,4.6944616418585845,6.9885287110839265,15.123382337633938,7.170963377636048,5.570084954208478,6.007310446198792,6.034858176710008
29,7.684533961533832,6.350652523201738,5.856698583851912,5.543247769481405,4.205455834277106,4.91107604713314,4.55707616878598,5.534990054877905,32.21037145978325,5.137918033037246,5.524697028887328,4.509856598727565,4.8616331177529215,4.765875562913775,4.025120706692445,4.8467283435747,6.68812744227664,6.469578314105708,3.3226432365010803,7.879421155202431,4.600466784737264,2.9229644347068033,1.356989011771715,24.950504196263548,16.917567533766718,5.280999654847262,1.6926479174368714,3.2532255949485362,1.3668523028638282,-0.0,4.298278207013179,5.309599562104621,5.106274658839816,5.810271885242206,4.859839516630287,5.340682378138667,6.187239208641068,5.894106436194992,6.556015638312554,5.000878842925287,4.340736650376969,4.445816886068891,5.701609868517373,6.924372600933972,2.954829450661995,2.512284381687554,3.210479933106683,3.458906402943753,3.4186984250050347,1.7627897346762151,3.428418257120795,2.1568625921116245,1.751464905804681,3.6703403495677556,2.856528230489536,2.5807420410939,2.8420191726372375,3.5380808237702457,6.490862495209494,3.901457397450382,3.7894519597112004,3.558816219949779,3.182584309063772,4.995254309175283,4.92951283458846,6.562839465981303,7.23995983411757,18.600428925589032,7.3133190304861415,5.315150774830627,6.659736050807639,6.734916382322526
