,0,1,2,3,4,5,6,7,8,9,10,11,12,13,14,15,16,17,18,19,20,21,22,23,24,25,26,27,28,29,30,31,32,33,34,35,36,37,38,39,40,41,42,43,44,45,46,47,48,49,50,51,52,53,54,55,56,57,58,59,60,61,62,63,64,65,66,67,68,69,70,71,72,73
0,-0.0,15.228580335337538,11.757500627373929,7.893610136054121,26.398305617813097,12.522385699809655,26.734596862025153,16.696166881093365,30.582343480822555,30.839953971301988,36.525447825828245,33.615212151236165,25.687378063509758,24.96121145152553,31.33361375303576,26.065145094892465,21.505766026416268,23.652122813613243,24.262773398083578,17.01982567101346,27.107330630493372,26.115536176068247,26.246875714839856,44.348484585191905,40.73979041589836,32.17266475740941,41.00145700563433,29.600312268432152,18.738300080468953,31.370167668857455,30.208174841272328,58.17488313351775,43.43225651865493,46.73569388310853,52.75514340133007,52.70672063514152,48.732304867812545,38.435549105314266,50.182028786505875,33.484376163868625,35.883291844195256,36.71508390815886,32.99368891454821,35.4016148277512,34.440787559733735,34.5259601710279,22.461727522846747,21.754339246345637,18.903179913960518,18.538980840947918,22.941652366977248,35.740694341322076,22.93871502238816,32.245268005408775,19.16189179325779,13.912931663099844,27.421016227275498,18.7770614550542,12.313530311668725,10.30224704082595,33.628351796126644,48.78645737574862,48.09351076752928,48.07258409240343,52.23708984940219,47.95971030565934,48.27431847354802,31.32998163539191,60.35161297267996,20.943878961160813,56.85056516827657,36.20415386310016,45.152382554160326,24.018473492154204
1,15.228580335337538,-0.0,2.6262548955002716,8.045280546740631,7.99756869461729,12.660094871011133,10.074474394828236,31.53129890834484,13.59195801598078,10.587151394849837,13.40269635158693,12.29229186190447,10.00838801117971,9.488858173602916,10.183355971529217,10.689412676718906,14.756995700758937,10.74334257713515,9.433208106384768,6.823343093697281,9.475355238279166,13.470693973945709,16.41592302144277,14.460863979280195,16.816183568852384,12.579725294726945,13.180554855505449,9.880131664288832,14.805556803590866,16.40985491937183,16.056043504814408,21.464151387788867,15.701320690512551,18.20770830848598,19.86134358040056,17.177146544259884,17.719251687909303,14.24348782304644,17.563039985090402,16.125877560300616,13.61378011197335,12.700803279477377,11.255079852237996,12.866842672299128,16.551630254942232,20.248810672728524,15.306348863110495,12.086311483681069,9.193248101972333,8.257011261246465,8.03985462894216,13.808968241243589,6.182815971166638,9.950060265714368,11.862099531005121,8.370371118716402,8.696766933916093,10.448506191468852,9.477531968557058,13.691702608982537,14.076999011112669,16.379331102334802,16.511640520287365,15.04070319995574,16.365662448916403,15.800691710352647,14.75848247499439,11.36823797716614,23.567369274227584,17.403535680954764,22.630352784789864,13.83094851930103,16.787345774768266,19.581166340847442
2,11.757500627373929,2.6262548955002716,-0.0,4.146027510665717,7.834054206153942,12.10635850473351,6.443010934418115,22.680801323153474,9.157250105002893,9.711627258397627,11.514563001543879,9.913315866536314,7.319469431771911,6.533369317341507,7.6252151557096415,8.449957600360287,12.46461694622325,7.565780355688866,6.329463379203552,5.083466695353908,6.614298039207908,9.999112526043595,12.447337096263082,12.9203971047778,12.33029729952741,10.920884965330382,12.305967640819214,11.022304232748038,12.508091588641536,11.962959201666303,17.511629261145202,17.62400953700639,15.201617470054392,15.934387771987405,17.063723136460304,13.689663568686834,13.473890786514394,12.804380611859159,13.025096562453832,14.463999968661025,10.771485818894488,10.768926596001814,10.32436533099149,10.85718553179469,13.653343942856944,16.148089643961008,11.705663301494901,10.69255993767974,7.479938796353225,7.139917215886779,7.634566090731267,11.577907364166236,5.965470984661123,8.553034453775009,9.021794464338141,8.622283299031926,10.377145607906378,7.60663277657348,7.687144430175528,14.04901358754087,10.35216890973901,12.642241048765165,13.045729481277814,13.187062239715683,14.013955033705074,14.615607765551651,12.604121895458233,12.788190305525568,19.427577094438043,14.545659493452144,19.36017234027382,15.263745979852304,16.063461088613906,21.51733752810554
3,7.893610136054121,8.045280546740631,4.146027510665717,-0.0,13.795410881454972,12.718866996356047,13.783597705041073,21.882655239037316,17.313588988896473,17.06251609493352,20.891414186664196,18.824160742240547,14.28912157177287,13.431269083212495,16.735584497336845,14.43507678183421,13.461986718109785,12.472066665674904,13.03553448378288,8.034436085972372,14.39860915141303,14.22343606988277,15.57709298256917,24.41974567939125,23.326876918456787,18.938922029902905,22.657902767081282,18.15864313374177,11.626672824126253,19.326646109179325,19.92133218114094,32.965032177675255,24.442302701270865,27.497582128910658,30.322278655045583,29.118538325346307,26.904420706411862,22.448689508614557,27.27791712300149,20.91760034018529,20.902266333639272,20.926659914920794,19.95674465344558,20.391053699843347,20.87070704178977,20.93082248800373,13.723013623560202,12.769588185151749,10.350971729324424,9.667213328221179,11.720861486306427,20.685155275658694,11.8404513652384,18.20398901272482,9.622649550754774,8.599703192747898,15.632451447544573,9.270763424347187,7.239295875330294,11.21503936594149,19.315278091802764,26.49812288723535,26.430720856550696,25.535629659193823,28.47333904412476,26.300444274799567,25.740464424843605,18.036675716417832,35.17081034140192,15.563742155126839,33.504827077555845,21.988349671732347,26.14500714775133,19.558137085989124
4,26.398305617813097,7.99756869461729,7.834054206153942,13.795410881454972,-0.0,19.527325040719813,4.528815574845739,34.270194972754716,1.6356699591388193,2.2783723343356987,2.167048739171937,1.8997290859824338,6.566834906472851,4.803241560226448,2.463206543354717,9.777428929416947,13.217734999701648,9.532735462992273,6.54667209583952,4.021534347229077,4.969749515943283,12.777080315397686,15.610043453178703,6.293157352160512,6.053374550065624,4.121166325886457,4.038078587556847,6.337167140673136,10.956091478510356,9.055979058101014,17.8866512103491,4.7514657977880725,5.5251877342990605,4.3031594622596705,4.426997717851272,3.0896455825398705,3.4925892281191575,3.252157544720846,6.097141118534161,12.328068708241268,8.069465784871076,3.9654979850514858,4.5860610619969915,4.245716794824766,14.636156844685877,17.066209760308457,14.234755650457021,10.125864996671295,7.780803664429776,6.894329788688725,3.30632727640517,2.9909908562416962,3.028880661198662,1.5400283207243068,5.602277267661857,12.205847578125493,5.199631781580635,4.594597498337783,9.206037196365982,23.56244394587378,9.132789355270871,8.30475174662158,5.382268325809393,2.4448469037572322,2.810879571422489,3.3421772926341,2.4076969842764124,3.4336825259093278,10.30762181704411,12.780033230809101,11.471971967006077,9.902642477139585,8.827164231559006,25.008772159772796
5,12.522385699809655,12.660094871011133,12.10635850473351,12.718866996356047,19.527325040719813,-0.0,19.14979161890405,26.678043013288853,23.020078935959052,22.87150115396456,25.630054527499748,25.066280770447666,17.6819183136396,18.208133279708584,20.456749181765367,16.5166123644961,11.87255408182885,16.04290803040605,17.38881211520358,17.505529375116836,19.214372100169847,14.6807330831088,13.732302159472844,32.44906830006373,32.94297840731293,26.147699365517134,29.416368323790426,26.51207517554519,29.03750849746916,29.98894370459256,32.679190587066195,38.58802626381675,31.209835723730414,32.54682735991719,36.86539049591283,35.52501254092796,32.617906708267355,27.495019568438607,33.29328952134951,23.277990099876906,25.285852108591577,30.231501319747053,27.083704166353428,27.4661277000726,22.03557037525349,21.580688428257517,14.373855001554583,13.633897908248395,14.751632041031929,14.512056351353126,16.829533481604656,26.876549746088127,17.291024061473614,21.05790168757311,24.25023902850315,25.19118675795464,23.22108988430852,24.43811264177005,20.252428069549392,18.698479609240366,21.82300959138037,30.983090139528503,31.496511689276453,31.439449667681394,32.6817193237542,33.88491094582149,32.05669460078921,27.133068291132258,44.71806737976629,32.47394406104606,44.18368602591597,33.678544384637156,32.62378703038282,35.57174799681168
6,26.734596862025153,10.074474394828236,6.443010934418115,13.783597705041073,4.528815574845739,19.14979161890405,-0.0,24.542427571468895,3.057719595304027,4.2742701239228875,5.709297562739791,4.793910530460214,10.552868673215794,8.622595398200671,5.682441229981916,13.972181180839092,17.50624742473235,12.419471808065984,9.039130597513132,7.0121406388793694,7.900713227464361,15.128794696238138,18.528308332373307,8.146018537743679,5.290706651276028,5.63546077909047,7.084178049412234,7.62101744272993,9.42975046736497,5.432681598504574,19.71804850881602,8.10611723326216,9.088522866082442,7.965663934779591,8.332485666228509,7.908442564614554,7.819465901196162,7.632048664792842,10.50034565353606,16.535235357088034,12.204951512649293,8.178593382776274,6.95847965013893,8.196021573770789,18.942354663284952,19.4443521990055,18.277206922593134,15.73218330720882,12.345495631349634,11.465110018006676,7.574331716120396,6.631880086420048,6.380949008319017,4.095799618412626,3.8099830015045377,11.696342334075341,6.3840075491672295,1.6968561842259364,8.434055634123707,28.97326427495806,13.504099007681956,13.860184449876563,10.871149843895287,8.587830073492915,9.06289870784732,10.430379687251792,7.888630800649458,9.080236405139084,10.453469709138329,9.936152079304525,10.632553283333005,10.61176994978424,9.635161299360558,26.656186418554164
7,16.696166881093365,31.53129890834484,22.680801323153474,21.882655239037316,34.270194972754716,26.678043013288853,24.542427571468895,-0.0,26.325138192532243,35.71113919930855,37.01560570895185,33.6841339232233,26.226381240051012,25.163672709371635,31.223581060751965,25.625375291416212,25.37838837316867,22.86307886605364,19.663432582104495,26.804951386499503,26.57265894768315,29.10940138550583,28.24250307078876,46.11904257533429,31.16019169665214,33.30366718241191,44.216797159533094,37.76336071097422,24.507389281331307,27.6402290988855,27.984666301548618,49.64666969015707,47.178879641390026,45.11589481999933,48.18892756164898,45.998162466390404,41.234153970310246,38.34228354598359,41.43217570748416,33.34294822949585,36.18997131084828,35.648631371834455,34.20221099481505,32.95720890025943,31.95874180333968,33.67839871737735,33.07142022317038,32.1455341367559,24.207177049547393,27.25837493185417,34.58495282658072,34.29485025937383,34.80470484146613,33.7768660705571,33.74928394263937,28.789627975408692,43.094492135477125,25.104403577342264,30.745159768579384,24.041110103244634,32.95019787773571,42.48967478963657,41.29714300299884,48.37188573359536,49.02676737155037,50.42684084392185,46.77743081931808,44.85853847156578,51.351416702505176,33.99391398923734,50.53051008173434,46.9634916463417,46.95828008602458,20.53716101261708
8,30.582343480822555,13.59195801598078,9.157250105002893,17.313588988896473,1.6356699591388193,23.020078935959052,3.057719595304027,26.325138192532243,-0.0,1.413073719565196,2.338690519185172,1.9454349448936092,6.193986219776049,4.919604100328192,3.274403526503435,10.081314493794672,14.615005347237224,9.990082769863413,6.682633526718442,5.594616434503597,5.399319793275051,14.591927140894802,16.044937524222664,8.97965488505665,4.112409252789689,3.152814186615436,4.598274991515669,5.2728039868426295,10.831998762912287,7.234706547843014,21.28492204193196,3.7959135390884984,5.351397108613885,4.170483627825468,4.6361452010504145,4.096774610166268,3.9487195844155196,4.015952662474225,6.78899748677649,12.928113541724949,9.278863526018931,5.708918938374501,3.59762188877103,5.2397481028654775,14.902642392119057,18.074792653633907,14.756866111845438,13.539552384400759,9.144159473107035,8.644791266618983,6.146449450625454,2.8978457213004694,4.68589734963821,1.9977709972226343,5.49234242290507,15.969179053465295,4.887742588372716,4.1348349759245115,10.297476689184435,32.15203550130279,10.53142205952311,9.630537634084789,5.681079121015688,3.0748361169542795,3.6972019150733346,4.401835578837995,3.9069320519568844,4.172385863748945,8.811424909176111,11.955860582031754,10.986724527279101,9.49405237005159,7.2139833886465,31.363662308790218
9,30.839953971301988,10.587151394849837,9.711627258397627,17.06251609493352,2.2783723343356987,22.87150115396456,4.2742701239228875,35.71113919930855,1.413073719565196,-0.0,1.8006247189118565,1.589835503601197,6.736656869038734,5.1846168321176895,3.567337395755537,9.094831636101533,15.40896284649243,11.155449502049997,8.885062908850497,6.386256047091469,7.06729574752097,15.332560477745252,18.49660413011439,6.041683440317312,4.000143814597021,3.0343451591326898,3.8116013314850683,4.704007579886853,10.833469435335013,6.327019825601705,20.489296231371785,3.455062146506906,3.7128663062851945,3.268864969992427,3.4414193599779903,4.186441866679348,5.270276383272325,3.594775065019048,8.35107850183968,13.515930990551182,9.676173523671414,6.127834064769778,4.55067659232003,6.27991491672908,15.338607370649067,19.1596482163616,14.25862441478081,10.725963504873361,8.02140265599204,7.014493254370317,5.347038788637448,3.459427690809944,4.576406085327585,2.287022678069136,4.309612926504009,13.358853048588077,2.889659165525601,3.4614159561261455,10.188259860273138,28.792045617531702,10.833515832909503,9.222385762428384,6.642150907078943,3.9901346283560337,4.665267633603743,4.534427488780664,3.739496610925391,2.586675472915792,7.527171208907394,9.893022887724513,8.233715021702546,6.809318707316914,7.5270012252758836,28.80783381830419
10,36.525447825828245,13.40269635158693,11.514563001543879,20.891414186664196,2.167048739171937,25.630054527499748,5.709297562739791,37.01560570895185,2.338690519185172,1.8006247189118565,-0.0,0.950780438415707,6.288665521314998,5.077025680686892,2.713452839225433,7.751485130279011,13.8814559361034,9.132423776872455,7.623228496087953,6.268308286356295,5.429990434552299,13.276433764779908,15.529426322261399,6.667765670264029,5.562905015694052,4.646447354120517,5.411977946796544,6.283047545332396,13.40942879840441,8.616671479722449,21.952017316074734,3.423166592785201,4.350488038790236,3.0234105340260062,3.5129995069714424,4.141116121643433,5.020825356103433,3.2920813811923897,8.124318345124106,12.502640330239545,8.276616809335884,4.524003101653287,4.805142843975343,5.326849809407083,12.522128798719688,17.044406994353952,15.20998996805029,11.533692827093958,7.147196777655191,6.850557453485476,5.500654462102735,2.9422147362508833,4.923922980622579,2.907455741378661,5.908041408755816,16.6830064759667,4.297548085116583,4.927501236823207,12.996738705241377,34.90993429744532,10.295089924533755,8.211356928551655,6.6018801108413925,3.5601961082783338,3.916977963741171,4.39081875938991,3.160131540439172,2.9708366624740794,8.373875723549729,11.204193600077833,9.892339664814736,8.354310911289064,10.611207150862596,30.905925912255018
11,33.615212151236165,12.29229186190447,9.913315866536314,18.824160742240547,1.8997290859824338,25.066280770447666,4.793910530460214,33.6841339232233,1.9454349448936092,1.589835503601197,0.950780438415707,-0.0,5.702229738788708,4.266543604760789,2.1555727474966306,7.054581122061165,12.464686994300239,8.780083276956017,6.600004140156996,5.555972472513254,5.160449992275743,13.312244393832561,16.15715526916148,6.67934057867393,6.054755222337508,4.9022777635069374,5.8285648183298235,6.744745911016896,12.467171185101044,8.78827663412251,23.60410895985257,4.432068784921528,5.1387449363795,3.8413099747368125,3.920149255603613,4.317710240821237,5.220418269418588,3.7191718776628884,7.7592038217824655,12.007597444985848,8.718324880692103,5.476101253613392,5.470913519930889,5.193738352534708,12.984998461016328,16.755206349980178,14.687122322116272,10.740225178314848,6.461577761661165,6.147680306194443,4.976959407040265,3.069014374445328,4.408499194793315,2.355389135514182,5.535796167143455,14.888509301872189,4.6164702305874705,3.88187087483702,11.656366585239859,32.27232462151383,11.195365764586267,7.676363985023291,6.053057778043945,4.507297193733275,4.736552060013535,4.363819231835292,3.6541233722269086,3.6274658472383225,8.652155464679796,10.760718034014195,9.742027946380407,8.264032862293107,11.361336368542416,31.56328675922372
12,25.687378063509758,10.00838801117971,7.319469431771911,14.28912157177287,6.566834906472851,17.6819183136396,10.552868673215794,26.226381240051012,6.193986219776049,6.736656869038734,6.288665521314998,5.702229738788708,-0.0,1.4794211897401692,3.563332603131817,2.9691837850097524,8.710234706041586,4.189105106617765,2.405320915462584,3.583999073731661,2.1801747382524987,7.97891721099339,10.403072996116148,12.404966376681651,9.42787504502516,9.328958423428757,12.122937663774739,11.20702369302933,13.28095054195997,13.831558882170999,23.086369142520667,7.973598942259864,9.491448039454589,7.25862502035253,9.154290779240368,6.545406111176255,5.0422672421605945,4.933011014999213,4.546491689214762,6.535133197444358,5.360852855088919,6.585272889219184,7.8687856379311665,5.904856293819391,7.8808655343658796,12.33876499859021,8.088030157283622,7.495986378541158,3.213034412644261,3.0335262752670156,2.5215724023721684,5.155405375763145,4.026250995323979,7.611751380879938,11.060477282307247,15.790135602067979,11.611269102836857,9.562883453873425,12.283899587221166,25.41671980297293,5.558924221470765,4.315973877733945,3.61420718755544,6.4793028032659805,7.239854484151857,7.934265418673559,6.28630830652938,8.184432493962722,14.197108311702522,16.161385545330294,18.024038137697282,15.337944432882294,16.724709443285985,29.044178641708445
13,24.96121145152553,9.488858173602916,6.533369317341507,13.431269083212495,4.803241560226448,18.208133279708584,8.622595398200671,25.163672709371635,4.919604100328192,5.1846168321176895,5.077025680686892,4.266543604760789,1.4794211897401692,-0.0,2.847849969372276,3.756063990314583,9.814712168416445,5.5458060427547755,3.2393452011733928,2.736202043150585,2.8361971685272263,10.41911402012697,13.282512641623232,11.512577192096433,8.571585111174736,8.150451159105382,10.639757427683522,10.15827459526834,11.598099974285631,11.958471744330637,21.18511321513311,8.090908962714757,9.217857917342775,7.156174168985004,8.012551509182314,6.239326081499083,4.827150865567848,5.6731103810882875,5.532113629312684,8.889682526643183,6.724700753230636,5.496697658385454,6.954768638902161,5.963969656576387,10.404469363051016,15.875672532774008,9.630589689230145,7.179991750981176,2.7738112723061947,2.3334730589353554,1.8684469653017888,3.8915300241176296,2.3886816784333376,5.646660939368434,9.031299007887654,14.241287874180937,9.928155616414706,7.046096590114693,9.54666227346698,25.308667616957138,6.851144068317558,4.668949232065346,3.659397947982075,5.788201310266825,6.509881662075691,7.309058435610451,5.307244999357206,7.464537240772117,13.340732818053432,13.926874205819667,14.851297957176948,13.134663325227944,16.116060044360605,27.833027723042836
14,31.33361375303576,10.183355971529217,7.6252151557096415,16.735584497336845,2.463206543354717,20.456749181765367,5.682441229981916,31.223581060751965,3.274403526503435,3.567337395755537,2.713452839225433,2.1555727474966306,3.563332603131817,2.847849969372276,-0.0,5.8688891025422265,10.732530307514798,6.4694105456506765,3.7451515181491035,3.0024243958094727,2.739075993457216,9.54554371608559,12.142495463473809,8.42552467009556,7.788818042468668,6.615898554369236,7.9641470779636645,8.467299320940144,12.689939942864239,10.900661457147208,21.532592104706723,5.735675797992828,7.059009105806052,4.976408699228637,5.919615366413332,4.383049879466907,4.433004713609347,3.6580192543841377,5.692680150363953,9.814958023640749,7.14300826437594,4.984095907676972,6.369558476479008,4.604883535938258,11.734940952664882,14.343499781602281,13.586470985074953,9.99480157411316,5.139451699602722,4.683306089509591,3.358743412710335,3.1115495213415736,2.9724474012207054,3.2222036074977325,7.829640473738365,14.518325905525366,7.730266648970967,6.047490157591963,12.177723830995088,30.091448620372695,9.16432085286831,5.5700283094722325,4.945272682982305,4.505022432433195,4.6015540432564395,5.829199350931622,3.8633669039458542,6.237315374172837,12.264450417268895,13.495739014785656,13.51281771040203,11.742622900615883,12.539066672977665,28.98028120120282
15,26.065145094892465,10.689412676718906,8.449957600360287,14.43507678183421,9.777428929416947,16.5166123644961,13.972181180839092,25.625375291416212,10.081314493794672,9.094831636101533,7.751485130279011,7.054581122061165,2.9691837850097524,3.756063990314583,5.8688891025422265,-0.0,4.449587146957913,1.628253467920047,4.109011497649684,5.718816604075735,4.879611674011827,4.216974562232486,6.495277131554136,15.706756481586785,14.838095863657177,14.109912420372545,15.568818653232498,16.348287848585183,16.11920319888958,19.018187165896972,21.827129247809275,11.941697559719895,12.885972436502774,10.490402406359763,10.774102182586942,9.479147820111843,7.005354181688254,9.07923379096599,6.300353299824103,4.554484750411889,5.676800747658023,9.412049366049793,12.658960015077202,10.013360669944232,5.251781888065748,9.022604487123115,4.982989875176251,3.237868829807105,1.9489417126006776,2.7255534571168174,4.916883851422836,7.786282410943504,6.717682531471953,11.698552947392836,12.96610930952096,15.635416823974511,13.80288578723178,10.74147544363483,12.924039447185015,25.876096254345374,3.5069894163382482,4.107275159972199,5.369297447116059,10.159546013618705,11.260696682227914,10.466623781905913,9.128865134228255,10.575405478550255,17.015811974656803,19.451977127779394,20.26092433815001,18.199488352197775,22.94055722377046,25.724240136392545
16,21.505766026416268,14.756995700758937,12.46461694622325,13.461986718109785,13.217734999701648,11.87255408182885,17.50624742473235,25.37838837316867,14.615005347237224,15.40896284649243,13.8814559361034,12.464686994300239,8.710234706041586,9.814712168416445,10.732530307514798,4.449587146957913,-0.0,4.054128005953481,8.057243867662605,8.661807929797275,9.17241829081364,3.292863438376236,2.2763022901863668,21.82631842444976,22.834682668204962,20.262871996254944,20.119023986253602,22.7383679690052,22.48892150173616,26.677299455157726,24.259566922266444,19.184437333915756,19.561752958673043,17.04244324409603,15.790364819925216,16.380254520556097,11.22742585135888,15.405595794521798,10.684780862642553,6.874690770247525,10.212365131726473,16.45128237392805,20.529544505413632,14.61895269410714,6.32445066624907,5.794546830149911,2.9677332745864593,3.9188907508688016,6.409983984539723,8.306738472259923,9.483113395279936,14.171947023398355,12.994044785246492,15.906032851721124,17.530002036489176,20.17908709777738,19.415522163314186,16.062673657758477,17.689039200892775,22.08023561118279,7.065517039894748,9.659652590482398,11.400609335392526,16.910334940394083,17.54505839101234,17.415939154393474,16.574010676326697,17.558110888859307,25.81258674425962,27.31031450692208,27.80510396863837,25.626363864131253,27.32595519495962,28.809669091647063
17,23.652122813613243,10.74334257713515,7.565780355688866,12.472066665674904,9.532735462992273,16.04290803040605,12.419471808065984,22.86307886605364,9.990082769863413,11.155449502049997,9.132423776872455,8.780083276956017,4.189105106617765,5.5458060427547755,6.4694105456506765,1.628253467920047,4.054128005953481,-0.0,3.1351914705730106,5.026075421618885,4.346609676975251,2.974271141982514,4.877929297096377,15.464649875250192,16.061963206588256,14.534512911564574,14.318051184957614,16.700704434108204,16.790408126229444,20.21780036747469,20.708750594609793,12.953440839971552,14.297655489710722,11.783950547766537,11.911635630408872,9.916331880796578,7.546892257012361,9.158800003690459,6.411327208353502,6.061823989958951,5.553551818986075,11.000457827182572,13.763196558051842,8.748792302866399,5.071656653844376,7.3509902592359415,4.659072666083456,3.9797396030505165,2.9753467499912474,4.614960258287078,5.649094549746673,9.2394617380717,7.695771673159963,10.842269716189413,14.026998282910158,16.396282025455573,14.948504028114021,12.17832669072462,14.797963900433773,24.263828952626426,3.7996777624164184,5.651784667842793,6.749140994959695,11.244110523079069,11.572822934703716,12.134546588208629,10.517693524899022,12.674836317870005,18.888619420024064,22.02147943163971,22.611979147113455,20.60891907072656,21.279561552236924,25.638712913870528
18,24.262773398083578,9.433208106384768,6.329463379203552,13.03553448378288,6.54667209583952,17.38881211520358,9.039130597513132,19.663432582104495,6.682633526718442,8.885062908850497,7.623228496087953,6.600004140156996,2.405320915462584,3.2393452011733928,3.7451515181491035,4.109011497649684,8.057243867662605,3.1351914705730106,-0.0,2.900952890759888,2.0877208735671853,5.740316469266255,7.936061072044898,13.568102053533636,12.027868113423674,10.527465970473234,12.571058543956788,11.9545926470146,12.854960389190442,15.744488336361687,18.188729391072652,11.079067416024797,12.671894483093563,10.327945103016532,10.883190464645674,8.51699587189544,6.389082403492676,7.010452210782393,5.18208309857676,5.931496485107879,5.619560785647756,8.384746824058002,9.780445149618918,5.202927379795402,7.558136955121787,10.40854902870742,9.145520356355654,8.152974208247622,3.4921666378217138,3.487412996428503,3.5906973857587774,6.508075819625072,4.898542179457901,7.080365551943621,12.208208656157367,14.452834214265184,13.084939774765209,9.694516031526687,14.179164591311562,24.33408494869883,5.268963946106301,4.342083565154592,5.097047200121864,8.921570587830736,9.10288526824265,11.071793003943757,8.747386536856737,11.749025527451707,17.429201725438887,17.11717393500342,21.11489813917681,18.921661812791356,15.748358409805583,24.89449439932926
19,17.01982567101346,6.823343093697281,5.083466695353908,8.034436085972372,4.021534347229077,17.505529375116836,7.0121406388793694,26.804951386499503,5.594616434503597,6.386256047091469,6.268308286356295,5.555972472513254,3.583999073731661,2.736202043150585,3.0024243958094727,5.718816604075735,8.661807929797275,5.026075421618885,2.900952890759888,-0.0,1.8919350276556182,7.976820612916652,10.450667686837996,12.177801270825936,12.256875107731844,10.16964536766784,10.105819979954129,12.113903642368834,13.851047702560708,15.628846785942239,17.63253587656512,10.675991468893667,11.28135716979375,9.80432450399663,9.571711327216349,7.270231433310067,6.207798946461125,7.099275090021736,6.3464377776280925,8.312550000978586,6.63669582811952,6.951159822751617,10.009236732104837,6.458531700490989,10.881813550213169,12.784336598009958,12.560715529940957,8.773721194749196,4.130361610961119,3.3456892485489966,2.1614474595720146,5.500556680212643,3.034272051161361,4.833159363690878,8.699995984231334,12.04354154454556,9.464536705650314,8.657656828921104,10.14252554386869,17.820095216513412,8.16700218768692,6.621995690380762,6.13088852907675,6.348415974777004,7.343703116699726,8.345288013558633,6.463825021938785,8.576546621130882,16.698264009713327,17.67947306779778,16.85697306811375,13.601647612634858,15.218031510121182,23.575338933856692
20,27.107330630493372,9.475355238279166,6.614298039207908,14.39860915141303,4.969749515943283,19.214372100169847,7.900713227464361,26.57265894768315,5.399319793275051,7.06729574752097,5.429990434552299,5.160449992275743,2.1801747382524987,2.8361971685272263,2.739075993457216,4.879611674011827,9.17241829081364,4.346609676975251,2.0877208735671853,1.8919350276556182,-0.0,6.724046468881987,8.266447399967845,12.940924817219981,11.004332106714756,9.065763861732862,10.076896054085536,10.200394261251112,13.04847549574697,15.271887082569275,19.472725154988208,8.547627301673899,10.372541093828804,7.595684195011054,8.138361558719046,6.36290899664152,4.461906791241955,5.0834497452329845,4.149334680372143,7.210520895259992,4.7144722490284865,7.021987482822985,8.324102671101647,3.794027669646117,7.3868597441568475,10.174505449939366,9.953758313756376,9.308594069006967,4.192881396369018,4.364569095469916,3.2479258550619696,4.165591509027116,3.9007737974507246,5.459841188226461,10.282149952459699,15.022445448756027,10.331252450083573,8.53459699929195,12.550088095196896,26.25826577115032,6.544826674463996,4.70408274850795,3.890271708414251,6.270114216282328,6.665389738414601,8.15650892307763,6.4553927023280835,8.817036809978486,14.601057052164016,17.168795150450553,18.868293028000217,16.59756279627528,13.946578623799954,27.360078634382585
21,26.115536176068247,13.470693973945709,9.999112526043595,14.22343606988277,12.777080315397686,14.6807330831088,15.128794696238138,29.10940138550583,14.591927140894802,15.332560477745252,13.276433764779908,13.312244393832561,7.97891721099339,10.41911402012697,9.54554371608559,4.216974562232486,3.292863438376236,2.974271141982514,5.740316469266255,7.976820612916652,6.724046468881987,-0.0,2.5476810226457407,18.21867015260633,21.753706725996178,18.384841061989427,15.113443863865625,19.31936042145557,22.797517240023666,26.29034100408086,22.958532639189002,16.42491535790679,18.317053643111098,15.170425660636262,15.301644809054336,12.663498074176953,10.907549906070855,12.205325748635806,8.636111459678691,5.994488541606664,6.5421444469276295,15.963404094939749,17.456403737448433,11.386894183282891,5.858040114045326,5.686907596943312,4.098525195659771,4.510005303512447,6.9434202702871755,8.40727307504325,8.772653162334237,13.469691260761818,11.46175097284302,12.998895583826553,20.62149611756683,21.1843655115016,18.1361961654126,18.668442762636023,20.204426020388542,24.996966361988395,5.808467586357908,8.074148198821096,10.28031015948325,15.062797769409192,13.878289693553917,16.615223514869726,14.087691392431783,17.607288375913825,23.021544745017653,30.37774002556925,27.789891858669023,25.65815289536957,23.332948258823933,29.353050189079145
22,26.246875714839856,16.41592302144277,12.447337096263082,15.57709298256917,15.610043453178703,13.732302159472844,18.528308332373307,28.24250307078876,16.044937524222664,18.49660413011439,15.529426322261399,16.15715526916148,10.403072996116148,13.282512641623232,12.142495463473809,6.495277131554136,2.2763022901863668,4.877929297096377,7.936061072044898,10.450667686837996,8.266447399967845,2.5476810226457407,-0.0,22.217078403985102,24.869271990419318,21.308929321165603,18.82842046086642,22.916819409007537,25.662139667286844,30.22518717200316,24.819004396898492,18.062536051562393,20.731965829893173,16.555840905884747,16.732847281241906,15.380539704149955,12.094714225915489,14.055908866640463,9.707576329127459,6.192817917862563,9.059742737755203,19.319075094595206,21.01719306514432,13.791856605499115,7.2119360111524164,4.878759600343456,4.512516630713465,6.083924545130957,9.121433716595478,11.261760993067275,11.504919871277897,15.441109405701125,15.23206128363065,15.615384872276993,21.78495860532712,24.655010816781953,21.174982580061034,21.578918890100518,22.69925666433125,26.20064399363386,8.351084407541745,10.514202361752828,12.409457496000899,17.57370418433755,16.74766822706538,19.09037808198542,17.690380587409486,19.946543255634996,26.33275633419927,33.43761265591766,31.526666651251134,29.11408723934818,25.687778662325314,31.584283328011598
23,44.348484585191905,14.460863979280195,12.9203971047778,24.41974567939125,6.293157352160512,32.44906830006373,8.146018537743679,46.11904257533429,8.97965488505665,6.041683440317312,6.667765670264029,6.67934057867393,12.404966376681651,11.512577192096433,8.42552467009556,15.706756481586785,21.82631842444976,15.464649875250192,13.568102053533636,12.177801270825936,12.940924817219981,18.21867015260633,22.217078403985102,-0.0,5.271374219789194,5.457388376647444,5.381326544231171,3.161999945615467,12.627878519806373,4.906298406792031,17.444555484793987,6.858764115364429,3.3096191921206017,6.5114698633086165,4.448717126939208,5.466575010120625,9.083380211660804,5.844867313087046,11.641093349535621,17.36049297501705,11.076244555898283,7.40625692140101,5.581017415339862,8.561778444596635,17.2122770201943,23.54370358374409,19.665899203663567,17.35382364260388,14.84910435835698,13.788307692814138,11.483168872640272,10.13192730129259,7.781213668549741,7.344687955070378,9.180620730104598,18.9773329583638,7.69698570720708,6.875024248722573,16.883846757070202,41.36703164234921,14.044442061803167,11.170271900091874,9.456103698401725,8.355471305526642,7.240377662173321,6.7179346187274644,5.393056671811509,6.449797903717984,9.258118695113891,7.376225698324983,7.161553360890928,5.610023705827423,7.363015932563939,30.105378550556242
24,40.73979041589836,16.816183568852384,12.33029729952741,23.326876918456787,6.053374550065624,32.94297840731293,5.290706651276028,31.16019169665214,4.112409252789689,4.000143814597021,5.562905015694052,6.054755222337508,9.42787504502516,8.571585111174736,7.788818042468668,14.838095863657177,22.834682668204962,16.061963206588256,12.027868113423674,12.256875107731844,11.004332106714756,21.753706725996178,24.869271990419318,5.271374219789194,-0.0,1.4869357107509549,2.573041852448703,1.1458002923385548,10.102472060530577,3.298499122994812,16.444290978631912,2.7266208498005517,2.904360752966499,3.6333668851860814,3.075021493246382,5.494932172166318,7.767308544666312,5.1393380610179955,11.108377374837014,18.0932517300455,12.372666023469643,6.865392329117109,2.47991364281632,6.631343878440469,14.408839703432841,24.213171941706847,19.90284099319671,19.19807534101756,13.822468370629121,13.221327651627295,12.40644152579009,7.0271070386256556,8.722585898913026,5.970223089751834,6.854011909437125,18.76989878542466,4.375758665914056,5.222035053397248,13.38039057768283,41.51193269619433,14.483039845910753,12.069714967368261,8.767843133168082,5.31565999304497,6.152310673486771,4.864940129098644,5.460309913223656,3.481955797590318,4.633797656602808,7.583583082978702,5.5296554254380235,4.051501127993445,4.819235065626647,29.815311012659713
25,32.17266475740941,12.579725294726945,10.920884965330382,18.938922029902905,4.121166325886457,26.147699365517134,5.63546077909047,33.30366718241191,3.152814186615436,3.0343451591326898,4.646447354120517,4.9022777635069374,9.328958423428757,8.150451159105382,6.615898554369236,14.109912420372545,20.262871996254944,14.534512911564574,10.527465970473234,10.16964536766784,9.065763861732862,18.384841061989427,21.308929321165603,5.457388376647444,1.4869357107509549,-0.0,1.2069798224273676,1.7051673890174903,10.928454354109508,4.464801895510919,19.232252191984156,2.32792195961703,2.591176509347559,3.1021330661875073,2.73381840395324,5.334752519891414,5.949997590801871,4.863918884744102,9.620012799015285,16.69873335487194,10.909186005016377,6.407934017284851,2.0787027095598396,5.299692631794594,13.731150765634691,20.445256607596658,17.27212979234069,16.53282846172116,12.715362804592635,12.101699943821542,9.769020330281641,5.48025041442264,6.900290976113311,4.540986075818824,5.585350607043454,15.490524017059283,3.7846908318181662,4.70912111683311,10.92196864748288,31.270471340137558,12.296851048330579,11.662181628499612,7.877008636263974,3.8985368267907012,4.100101197708923,3.910475463111782,4.404076299012859,2.8523537509631853,5.382045468525053,8.249350460354725,6.364523574198694,5.0246698696179335,4.4754473149398715,29.38877225943931
26,41.00145700563433,13.180554855505449,12.305967640819214,22.657902767081282,4.038078587556847,29.416368323790426,7.084178049412234,44.216797159533094,4.598274991515669,3.8116013314850683,5.411977946796544,5.8285648183298235,12.122937663774739,10.639757427683522,7.9641470779636645,15.568818653232498,20.119023986253602,14.318051184957614,12.571058543956788,10.105819979954129,10.076896054085536,15.113443863865625,18.82842046086642,5.381326544231171,2.573041852448703,1.2069798224273676,-0.0,2.4803410918320536,12.627908227220328,6.373015779235851,17.637157031213633,1.7477478401946727,2.3545998426345722,2.4346188939702484,1.7537739816260527,4.981502879017569,5.475789883399888,4.573670369688494,9.282800487039728,14.387855483547552,9.468816634961373,7.113305083321863,2.6535789390570566,6.595193940276285,16.81314786098255,18.65569866851463,18.699451679803406,16.89611807592679,14.708020289765974,13.758430997355672,9.306871486287495,6.233816730564646,5.9288136671001785,4.841600725467176,6.375551863590127,18.96775920749602,3.567395706705487,6.052465625116564,12.97876673760669,38.50852001131633,12.54225956619024,11.783348769754086,8.4531072152241,4.084442076671663,4.115358466369162,3.990668908733784,4.079810905995252,3.04106462856876,5.182572525337339,10.35844723174015,7.753905555169783,6.121362192604921,4.799120261668113,29.33946904850549
27,29.600312268432152,9.880131664288832,11.022304232748038,18.15864313374177,6.337167140673136,26.51207517554519,7.62101744272993,37.76336071097422,5.2728039868426295,4.704007579886853,6.283047545332396,6.744745911016896,11.20702369302933,10.15827459526834,8.467299320940144,16.348287848585183,22.7383679690052,16.700704434108204,11.9545926470146,12.113903642368834,10.200394261251112,19.31936042145557,22.916819409007537,3.161999945615467,1.1458002923385548,1.7051673890174903,2.4803410918320536,-0.0,10.312912207935147,4.491736170333443,19.64630906764961,3.3015860580907384,2.426997265678475,3.684271569036234,3.140660932561718,6.3000295685493315,7.4225298733601575,5.335045883730547,11.479330466976517,16.78554556860066,12.55881958502117,8.122466983581997,2.4107686164007616,6.473894308328103,16.59441488037082,23.38348016099597,21.113639598296277,20.227099807835017,14.537791905627085,14.382789432160463,12.64934421802502,8.56147107742028,9.743445512985613,6.691304634931957,6.755874888430961,13.542946687533098,4.5955447583441345,5.738999476951983,10.600632706683909,26.449302469476716,16.98711228903126,13.514559639737518,9.323195424491907,6.587906791500459,6.508512478774778,5.358666866677969,6.695215572317373,3.941123643854142,5.235129765088098,7.186511690781613,5.4202177621017125,3.515342362586995,3.9360589724451045,26.800950287621124
28,18.738300080468953,14.805556803590866,12.508091588641536,11.626672824126253,10.956091478510356,29.03750849746916,9.42975046736497,24.507389281331307,10.831998762912287,10.833469435335013,13.40942879840441,12.467171185101044,13.28095054195997,11.598099974285631,12.689939942864239,16.11920319888958,22.48892150173616,16.790408126229444,12.854960389190442,13.851047702560708,13.04847549574697,22.797517240023666,25.662139667286844,12.627878519806373,10.102472060530577,10.928454354109508,12.627908227220328,10.312912207935147,-0.0,11.739658864218347,15.341508344957138,15.208829358083689,14.072843297264964,15.537105878234645,15.701683638623738,14.384524737842895,13.502201031447782,13.635118515467166,14.894514105802099,20.88167846205734,16.93294609871146,12.599131841940865,11.342518251771558,11.575665585962557,17.944467788195666,25.085745915304194,21.69832363971077,21.53889684591899,14.662106072365736,14.503748427304725,14.966835234581325,13.855266998076868,12.984565200322042,11.074605597694745,12.484753229168323,13.6859403351207,14.42319188479391,8.321927692254256,9.909669581950475,19.113748908674523,19.746836897380774,16.8637786460615,13.680472581564166,13.50878752186438,15.057488449690092,14.977821128671994,13.123367097582177,13.990447493403781,16.44026737799448,16.373325927149686,16.622455072609217,13.800707545711607,13.460200244612677,19.300758569856875
