,0,1,2,3,4,5,6,7,8,9,10,11,12,13,14,15,16,17,18,19,20,21,22,23,24,25,26,27,28,29,30,31,32,33,34,35,36,37,38,39,40,41,42,43,44,45,46,47,48,49,50,51,52,53,54,55,56
0,-0.0,1.623705601528006,2.9639908454435266,6.342046477030018,5.085823039975505,4.515826385299158,5.613008070799204,4.860306763505675,6.737743607467065,5.414884475132106,5.115596608106718,7.757232899934599,7.657663383956422,7.203099400283162,7.264677545370547,5.432347373861674,3.914873980752683,5.296430942493126,6.05997438301999,17.380609912354515,7.447009872378721,5.486778358111489,6.800357714542113,9.860137300864837,4.647022234250251,5.8069930262417655,6.064615616121883,5.918178530799892,6.393392697025956,8.83926345139257,7.612679246436275,11.184096895431857,9.224719951399798,7.072332547316263,8.055676750277605,8.973290642174641,9.12907956936554,8.790702387529153,9.302683895946599,9.158134793854943,8.952864844217897,10.86979649754165,8.653949047002643,8.312140394946471,9.41504229190879,11.548975678274173,11.41715158466801,10.874892630651246,9.997514100930934,11.314278745403469,8.696003590262423,10.227300172519838,11.495743454119106,18.29665796110409,22.839953711056275,31.56745860058571,14.401136248671651
1,1.623705601528006,-0.0,3.7744249912672707,6.733549599332319,5.415350488503888,3.7856350562013055,5.833195521942291,5.984382570936649,7.572806539985857,6.1043589337420885,6.400782641287602,8.975450421226652,9.549583610627552,7.474215585936436,7.3707578850058315,5.890180016801545,4.968573243759951,5.515757870281727,6.400228652992577,20.337286680132543,8.707321334184334,6.525820947294557,6.8864551838825205,11.283905455873926,4.692074274751715,6.300420994740731,7.004746532098504,7.0261767210875306,7.190428186707397,9.629770336182247,8.75519485959052,11.352912922159582,11.507218194969596,7.221372482618931,7.828463109802345,10.562525848296827,9.986287591462917,9.191139000262233,11.72188441104457,8.801733694954793,8.654529941509454,14.927103310509558,10.63410970655591,10.363987907253668,11.074922443312737,10.323343225559116,12.531081325186248,13.319266446230227,13.314628442506669,12.19514720708417,9.191441783219421,11.143683635100654,11.209654372588131,16.802155425140068,22.50359937178332,28.722168407112406,13.124571425856352
2,2.9639908454435266,3.7744249912672707,-0.0,6.910794198792149,4.890360426294066,2.736614662793311,3.7277122868579755,4.134673594970723,7.058142642565842,4.927585680580919,3.4809561077539355,5.307134885769274,5.707754339861525,6.7396489013629886,7.303552127496971,4.354712912063149,2.600641282634645,2.9123961526233533,5.621131730959127,18.919212021714095,6.0557274754303405,5.168788618401461,4.568763088509116,12.339803560816259,3.32471571120411,4.060220500604886,5.036958779282352,4.62699009880664,6.206243725470108,7.970566798900135,6.777014514231483,9.605338712703652,8.52670923096356,6.371163810944246,7.1169311253036565,6.555660056637716,7.923409592919885,7.120053633128402,7.964285594292417,7.955116318088667,7.932032751524737,8.512861538475327,7.758565937610073,7.47725883298673,7.907776941523441,8.553231906511332,10.657274746049653,9.547609228735796,9.533534135939789,9.315478976245537,7.609776141180364,8.203249312373789,9.172089750245718,14.923856395089054,20.207114839350986,23.4405737480545,10.933001805757154
3,6.342046477030018,6.733549599332319,6.910794198792149,-0.0,7.472214651546746,7.44969519730891,8.296210498298567,8.48920689364949,2.4758953556200023,7.754166946605899,7.337871218816989,12.758664225382915,9.879979013066924,3.268511610425708,9.100179958513248,8.025090346171357,6.753665392022006,8.31627446367191,2.264973833375767,18.278205955283987,10.447948266193672,8.649592773742446,8.468353711529332,13.362618659273988,8.700825110497856,8.372268622510832,9.30679942591382,8.09698393381368,3.562871062797388,10.238163254741696,9.647019330605398,14.232911783426967,11.331312889875086,4.117025623646158,10.689328460886813,10.415546215114611,12.364141982243838,10.997645516562649,5.960081244782556,10.978460517051001,11.446473147179681,13.589425756282846,10.701146652716387,5.5010218835687015,11.600000468120843,15.187153231937652,14.406076008903927,13.525010466686144,7.292007459810423,13.913294818203644,11.295693699811066,14.454536178151432,14.051801868170715,14.328784685931097,23.405193747489253,33.71456716312105,17.635860923912183
4,5.085823039975505,5.415350488503888,4.890360426294066,7.472214651546746,-0.0,3.3001574432852565,4.155378575771798,4.052618748880717,7.343251900473854,1.4063398406789553,4.577394186385261,5.0476897278164214,5.072290940766285,7.865138713753739,4.502724632233542,3.240145255156861,4.256171385732545,3.230318620218637,6.139230058658339,18.517519043694215,5.235078405939133,3.4154095888132923,4.363221830782743,15.561371083770556,3.0528835649283597,3.780568828477488,4.654963591874564,4.406615863553433,7.641023151395456,3.4141745696224066,6.034385159837464,7.756253700402839,7.5701270554268465,7.164716781282528,4.671153179915711,5.70461393010295,6.288412711214486,5.591584152592057,8.64062031388676,5.8953759336428035,6.352128778414538,7.886182209574701,5.927326941618652,7.14428441830449,6.120106747927355,7.232709836663098,8.60075452910366,10.114914180370334,9.939709423565233,6.901826561737368,7.611286427059518,7.182204578512281,8.426417356277568,15.743381953939235,20.74377058821723,21.83479635754524,9.31293587202658
5,4.515826385299158,3.7856350562013055,2.736614662793311,7.44969519730891,3.3001574432852565,-0.0,3.3147731147363086,3.419993025083304,7.347956503957644,3.3913594142306667,3.347624588178085,4.3870764855443865,4.22651973214671,6.834336731259033,4.487658960270036,3.0823673188084335,2.8250759079596883,2.1722488931646455,5.475602551148403,20.557174992072493,5.0874916926572835,3.5562053940887757,3.4821098330730957,13.21771910445225,1.762397502377539,2.354933575635779,3.1732265220830813,4.291015224892156,6.505889884113941,6.793733290915782,5.4937390501959085,6.870610639743402,7.762009385950613,6.395711756708598,4.215286584754498,6.795065747884239,5.29158849848941,5.884345250699431,8.539039531094563,5.589577429129115,5.809164171222986,9.021559131394763,5.699082109600646,8.696182354574193,8.608412351307344,6.590863274581387,6.861798587657916,9.438069231492944,8.323378163781623,7.733849059438346,7.197584843264278,7.94845108085297,7.8608074272663035,12.427709495104052,21.692721284093423,21.730999657683824,8.620486724362834
6,5.613008070799204,5.833195521942291,3.7277122868579755,8.296210498298567,4.155378575771798,3.3147731147363086,-0.0,3.15260078989659,7.011807738119751,3.9171900963586834,2.0456349230842212,2.5868650769034027,2.2834715111950152,6.947022962481137,3.989522308373499,1.8023619756025908,2.551884581065895,1.7351379365795607,6.149440469162423,20.31557040915982,2.3853156164454994,2.472744031317081,1.6002009485603501,15.55846080553374,3.146211124278498,2.101004401397987,3.892721549795704,1.7986698725852197,5.860073216019235,4.917461443527743,2.714691897932828,4.698017869089325,4.638993593903639,4.935164320145346,3.0164590637328774,3.2471897969114747,3.359909173081807,3.117455375142241,6.563286795008161,4.330168920269983,4.108529239189363,6.207480571402765,3.890219405009564,5.884064902646901,4.369027148066322,4.8115030023835255,5.974678697666235,6.149966608591096,6.436450604993779,5.8920477904099435,3.656380533473094,4.805219524345617,4.794239389355885,9.511758251849429,16.95972758771535,19.796632433408313,6.946385770270729
7,4.860306763505675,5.984382570936649,4.134673594970723,8.48920689364949,4.052618748880717,3.419993025083304,3.15260078989659,-0.0,7.560637983151669,3.571406135255244,3.0560598960024365,3.3937171107057647,4.297736499914612,7.669240198315994,5.618298486349569,3.2422620466803034,2.8865606605724614,2.7047265124329627,6.714300167731232,15.614697847748443,4.09217547334045,3.311027481088136,4.063161400756035,15.710539741622737,3.0365459086890074,3.044993181664058,4.287791137859936,3.9668480803217707,6.784101643136328,4.997589285670221,4.5446525634585475,7.293273120595569,4.52218285489458,6.193498898711714,4.292622050881077,5.5245322985772125,5.352290413236136,5.268296710160738,8.015110982287156,6.093604842869281,4.788533969935198,6.801160699058214,5.214966394922826,7.400816573486576,5.894636301220969,7.643100971284462,7.991638167898022,7.076782174395795,7.834847220653236,7.146743046923999,5.084641605875674,6.73890820401665,8.171475632202942,13.994166863261162,18.23615676415097,27.461563338544675,9.299027914479021
8,6.737743607467065,7.572806539985857,7.058142642565842,2.4758953556200023,7.343251900473854,7.347956503957644,7.011807738119751,7.560637983151669,-0.0,7.696270886354587,6.316653334978325,11.597878131422751,8.092354439611832,2.292680496166399,8.303238517999901,6.542722387813558,6.265695211681139,7.224268637601707,2.0594638680752744,18.798415732750005,8.525332188924775,7.568613854016901,6.992889951147023,13.773321765222619,7.598587609639315,6.964566116620083,9.321136242324416,6.691380340181316,2.270790681888184,8.962951630326824,7.825661231692257,12.17868000543451,9.114161439010047,2.6182161299852407,8.893283386155538,8.495839939847787,10.704379603885634,8.92720880735125,4.535169755862605,9.234667109124128,9.436324113267482,11.861971246114013,9.075246288000292,3.8057580645326374,9.52228577858926,13.05276827898123,12.77031762223022,11.06030538810539,5.163894787184044,11.965522034022984,9.292562840799873,12.049450524682104,11.745231961331863,11.979070295214092,21.993110990628534,31.325990483549816,14.739282174683101
9,5.414884475132106,6.1043589337420885,4.927585680580919,7.754166946605899,1.4063398406789553,3.3913594142306667,3.9171900963586834,3.571406135255244,7.696270886354587,-0.0,4.967972219688138,4.699052394977335,4.278130968110918,7.98782970522954,3.143385685624653,2.997488346369681,4.232535942706654,2.9203897368258396,6.282431135229483,17.850165685348173,3.9297095520973713,2.418143788876911,3.854414189588656,16.079515473268163,3.1425033679450007,3.4230837859793337,3.5118027764483375,5.002066732873336,7.493093800232531,2.962895221887838,5.718737373368256,6.422359487990051,6.928232191617948,7.018988926058505,3.5686679906039998,5.166203810014899,4.89264318639506,4.784527118629267,7.921947420056685,4.938700269425945,5.912547709611094,6.95139675644219,4.882025178143013,7.0092578969477755,4.700842935398138,6.173839888557629,7.45183823004838,9.015962960704009,8.697700470220113,6.4524387791440585,7.45230618265639,6.415106458157288,6.756996785974217,13.392713355104203,19.40356999120475,22.088647727553894,8.106863747902407
10,5.115596608106718,6.400782641287602,3.4809561077539355,7.337871218816989,4.577394186385261,3.347624588178085,2.0456349230842212,3.0560598960024365,6.316653334978325,4.967972219688138,-0.0,3.2734790224614203,2.916118504150141,6.228394852479115,5.305967378725541,2.633104568239274,2.1298090396489253,2.0536432781871583,5.154381618839694,23.249354579195007,4.474633601853167,4.06468428898093,2.806474033092473,14.663532235017858,3.6813611319682376,1.7912209814473419,5.264052579146533,2.5968872118081627,5.374501325918661,6.517226872551988,3.539637112338469,6.1066263803038625,5.421772953874223,4.675385237042857,4.2716027625483814,4.9964988166534425,4.431909826406448,4.773135930690468,7.179723573046045,5.660362585745178,5.124775705368106,6.76519177446259,4.838722611823902,7.280658841207358,7.80529425323918,6.500755214737203,6.3477444919651855,7.728231087964808,6.668568145297582,7.352255359742522,4.677255364406714,7.148570464795914,7.281352498716254,12.361339324628592,18.86788775444479,22.070255464246127,8.571063455267105
11,7.757232899934599,8.975450421226652,5.307134885769274,12.758664225382915,5.0476897278164214,4.3870764855443865,2.5868650769034027,3.3937171107057647,11.597878131422751,4.699052394977335,3.2734790224614203,-0.0,1.9142195463568608,10.684143083501908,4.870263830014886,4.002088341780662,3.9206608587995104,2.7410778833811253,10.119127488493328,17.92802674363665,2.735350666633159,3.4297139019405565,3.414612092074404,19.34012962344464,4.743054474923645,3.078951553146542,3.2342654307889114,3.1540085272409017,9.941361253551793,5.253309795717476,2.5654731050372885,4.41469939333016,4.555009028805924,8.721844060794508,3.026503614129101,3.007424597261548,2.62595849049006,3.5198245256846037,9.48825268214612,4.254913329166748,3.205578943778699,4.02243667338579,3.5197063497427363,9.100081758785006,5.295637278224714,3.820558836990202,4.369755289536032,5.746701227941586,9.01025414265254,4.287787558588053,3.9546011421056244,4.226727453594115,5.343633909834905,13.110307522589006,17.703888600599697,18.313398642595992,5.746562527699454
12,7.657663383956422,9.549583610627552,5.707754339861525,9.879979013066924,5.072290940766285,4.22651973214671,2.2834715111950152,4.297736499914612,8.092354439611832,4.278130968110918,2.916118504150141,1.9142195463568608,-0.0,8.469092682825568,3.6526147371868567,2.8295062421174833,3.9624076355035713,2.6813689117424957,7.19079117331019,21.179958904533436,1.2702679151986378,2.6528897514821534,2.5300874442274415,17.815295352202757,4.026842717914745,2.5759007946359125,3.1213202363488155,2.3179857649837903,6.904477225891672,4.069857344013517,1.3351630685213882,3.1732522227368607,3.416204366575081,5.644056694043145,2.291202890053581,2.04961513680924,1.799570512300816,2.0375068320548064,6.633056689965061,2.887920701418827,2.568674026424124,3.8322566709127326,2.2864320355153285,6.255900572405223,3.476968243507999,3.1493845662011033,3.6213148279014553,4.478642385748188,5.909112873316263,3.9678624884689877,2.7693587624399902,3.346671822148986,3.7341039632250417,9.701467667205732,18.149281106636437,18.146397172006314,4.980400381375811
13,7.203099400283162,7.474215585936436,6.7396489013629886,3.268511610425708,7.865138713753739,6.834336731259033,6.947022962481137,7.669240198315994,2.292680496166399,7.98782970522954,6.228394852479115,10.684143083501908,8.469092682825568,-0.0,8.27519964302213,7.3347539932811125,6.209453630312567,7.332764590982199,1.8257840603448796,22.15926332255721,8.96898957988248,7.449275149395377,7.183065250615359,14.817721440712502,8.014760124605008,6.960226925449915,8.660337177361736,7.089939819573834,2.1106100591207815,10.255918773019202,8.096431621832743,12.279147206261863,10.092369657729378,1.8996387185575372,9.369887194629703,8.717715004604678,11.044297435199963,9.738324288084884,4.092188681324084,9.131699985338436,9.462545297065283,11.997456942290782,9.667465499585473,3.769828020154837,10.284910311247215,14.53782576646635,12.004450237990703,12.022645783845032,5.217746673381853,12.340167084124031,10.041113653831864,13.199819690300572,12.584714483733901,9.628798766163552,22.40560736322236,30.73440580593032,15.22490296025774
14,7.264677545370547,7.3707578850058315,7.303552127496971,9.100179958513248,4.502724632233542,4.487658960270036,3.989522308373499,5.618298486349569,8.303238517999901,3.143385685624653,5.305967378725541,4.870263830014886,3.6526147371868567,8.27519964302213,-0.0,3.072412284910154,5.01244710466499,4.332230593874269,7.0044150998451356,18.21177808266091,3.5469958190902213,2.4227230076167543,3.614328890111072,19.08757893995845,3.61981699190413,3.9792274965375953,4.01327311193472,4.05591305960671,7.567420589022918,3.5144785330656636,4.66421327716636,5.189455618417044,6.592946257366487,6.943905252692647,2.8952464879218973,4.532777831620397,3.93915133749163,4.29100438613891,8.13613045736078,4.140016670523898,5.417312016642209,6.405172032937992,4.078199609322605,6.512210781368208,3.974438967884594,5.71254727581607,4.991521616753227,8.209259490749304,8.8904771181364,5.225999313934896,6.6946598796820265,5.360145234417953,6.066372552155266,13.048385343041112,19.25683005203864,21.621971998135216,8.389575786302263
15,5.432347373861674,5.890180016801545,4.354712912063149,8.025090346171357,3.240145255156861,3.0823673188084335,1.8023619756025908,3.2422620466803034,6.542722387813558,2.997488346369681,2.633104568239274,4.002088341780662,2.8295062421174833,7.3347539932811125,3.072412284910154,-0.0,3.2522357748646473,1.7928375637866603,6.027185336519565,20.905146284584163,2.7897152886839782,2.3439158872788206,2.1292133706795795,16.984545601865157,2.0400495201270683,2.1511707228147463,3.4620366205563124,1.8134081168840497,5.943209598719108,4.895871264571961,3.238701202641403,5.1599805482217755,4.916319960548855,5.006714533790208,2.868866178262208,4.157893646856048,3.696333810692391,3.1849301552157687,7.112923764965786,4.632720974168339,4.492780389769279,6.471106014409576,3.6716794876327503,6.30114569328966,4.3858042616189685,5.399810284931439,6.473820357919547,7.191136607367815,6.730932152220454,6.591027709185025,4.063420691976175,5.4250699203411035,5.5351734158651125,11.046690317630121,18.531683516359564,20.945034402126836,7.373196266811943
16,3.914873980752683,4.968573243759951,2.600641282634645,6.753665392022006,4.256171385732545,2.8250759079596883,2.551884581065895,2.8865606605724614,6.265695211681139,4.232535942706654,2.1298090396489253,3.9206608587995104,3.9624076355035713,6.209453630312567,5.01244710466499,3.2522357748646473,-0.0,2.3204479097129176,5.260935022283807,16.491053681776457,4.24437994757115,3.062793496817505,3.7852104008588934,13.651596553225783,3.6191459837308297,2.9299255521590517,3.336362497595434,3.1130910307304283,5.235487659275666,5.992207319028183,4.344524605296566,7.276312925397411,6.484019448015696,4.9533979439651965,4.732912714092393,5.530510489906154,5.447493154820358,5.729685945197855,6.675683155971649,5.94471820496857,5.567265182853814,7.723807429815952,6.063234653174137,6.300370231024432,6.585548509812322,7.537980354473942,7.697506944639593,7.210107008799676,6.789318409983227,7.746811797580699,5.658143919192614,6.878074696617539,7.793723925373453,13.117547257810996,20.175352140040143,28.20892673722215,10.58889194251474
17,5.296430942493126,5.515757870281727,2.9123961526233533,8.31627446367191,3.230318620218637,2.1722488931646455,1.7351379365795607,2.7047265124329627,7.224268637601707,2.9203897368258396,2.0536432781871583,2.7410778833811253,2.6813689117424957,7.332764590982199,4.332230593874269,1.7928375637866603,2.3204479097129176,-0.0,6.0091594359576375,17.92652722031405,3.3981756338673326,2.976634894439758,2.0052425300955514,15.131539041806,2.1337333234340115,1.750163965826407,2.8500684754124888,2.6849845394936884,6.280553006613811,4.512089062726385,3.6726316604739297,5.972448935313308,5.6297091510017365,5.411947482312255,3.6245641965671376,3.6776836898243106,4.2408406459202395,3.7881764014942556,6.929291627615425,4.902991030013647,4.689155036778661,5.93414481401628,4.242306814771571,6.554292705355546,5.351891455556024,5.115107864168587,6.508358308527193,7.48984386163116,7.693015612965459,5.656755547669566,4.751872515913486,5.262767460526709,6.332695757749281,12.028452888726871,17.94510280689823,20.230094163039606,7.561106796944248
18,6.05997438301999,6.400228652992577,5.621131730959127,2.264973833375767,6.139230058658339,5.475602551148403,6.149440469162423,6.714300167731232,2.0594638680752744,6.282431135229483,5.154381618839694,10.119127488493328,7.19079117331019,1.8257840603448796,7.0044150998451356,6.027185336519565,5.260935022283807,6.0091594359576375,-0.0,18.226797893798107,8.141618447020006,7.0346453360912315,5.999744605884833,14.029660227278553,6.548553266136388,5.724353231389117,7.545464077223555,5.982542337755767,2.3540539592343106,8.266100560153923,7.268864698173634,11.098182445973842,8.961821082125418,2.5021402184286923,7.913687753322417,8.028600558559562,9.627416658881984,8.49529314512676,5.175367477863354,8.587616018880878,8.993468616541497,11.317846385119722,8.514146329212172,5.222562886468064,10.117509502985104,11.960045692531068,11.178146799504791,11.136374383139845,5.943971365942695,10.969124384547104,9.03420425846884,11.953141117381678,11.080570711439556,12.07758406899443,21.334496936543324,27.5976974292179,13.553891886430138
19,17.380609912354515,20.337286680132543,18.919212021714095,18.278205955283987,18.517519043694215,20.557174992072493,20.31557040915982,15.614697847748443,18.798415732750005,17.850165685348173,23.249354579195007,17.92802674363665,21.179958904533436,22.15926332255721,18.21177808266091,20.905146284584163,16.491053681776457,17.92652722031405,18.226797893798107,-0.0,21.86534622464531,23.530571838076487,19.81297315644319,21.199087317922388,17.58198533001485,18.667806321808193,19.800481004317128,22.668221230237524,21.840237168747866,18.43126247810663,23.804173544468398,22.496268903436498,24.531272409642376,22.281511108314394,19.714981324290275,21.89295087502418,19.853768495331373,23.56630185067868,23.40329509104674,30.91196052656132,26.128185881227292,23.51077598832494,25.865678838337203,27.00788592115058,23.69779514722243,23.313215534711134,24.18783659038232,24.91036014008829,26.949879738802036,25.05713736188281,27.502766565498135,22.71175520499233,26.33775580615057,38.44953634728551,29.30093341500831,35.57555535648329,23.90160068378418
20,7.447009872378721,8.707321334184334,6.0557274754303405,10.447948266193672,5.235078405939133,5.0874916926572835,2.3853156164454994,4.09217547334045,8.525332188924775,3.9297095520973713,4.474633601853167,2.735350666633159,1.2702679151986378,8.96898957988248,3.5469958190902213,2.7897152886839782,4.24437994757115,3.3981756338673326,8.141618447020006,21.86534622464531,-0.0,2.5504523594367603,2.730120280990747,18.572083893497926,3.9376100998438144,3.3056445234580436,3.688496864653563,3.0671422591638526,7.278671206647245,3.607160274689208,1.4377398749386463,2.4917780652145454,2.4765424976217947,6.113728709767108,1.5867033808899476,2.1106917258080222,1.477227773181712,1.8108926185996597,7.2065723559180155,2.5613000440750118,2.1908734140676467,4.239052437729206,2.523347498313668,6.726640432964504,2.8532739208342415,3.089483247775189,3.6382923483269036,3.985334464137551,6.2298663495464135,3.8342335593082595,2.4649183877625513,2.8656780657692793,3.238362785171317,8.872736614573997,15.499490587067667,18.17670233029068,4.612492640130761
21,5.486778358111489,6.525820947294557,5.168788618401461,8.649592773742446,3.4154095888132923,3.5562053940887757,2.472744031317081,3.311027481088136,7.568613854016901,2.418143788876911,4.06468428898093,3.4297139019405565,2.6528897514821534,7.449275149395377,2.4227230076167543,2.3439158872788206,3.062793496817505,2.976634894439758,7.0346453360912315,23.530571838076487,2.5504523594367603,-0.0,2.907469137886425,16.70601033011958,2.8196321878200155,3.071018509774479,2.3708974171386568,2.7909105051096206,6.720885501123559,4.034284918819706,3.3585687641684014,4.614150206870826,4.861928739277432,6.00489499546196,2.4099489532144727,4.245424453126549,3.3864897180631863,3.991887346827743,7.481403251477021,3.382601026190481,3.984805460600438,5.916318743249999,3.8938649051891514,6.662374064695512,4.502669751217292,5.460113486937934,5.227554625134702,6.3611425109940525,7.137413544627484,5.701033369631632,4.923667902332161,5.125699838298507,5.763317045818326,11.633104122353005,18.807517724555133,20.368390091356197,7.366335013754701
22,6.800357714542113,6.8864551838825205,4.568763088509116,8.468353711529332,4.363221830782743,3.4821098330730957,1.6002009485603501,4.063161400756035,6.992889951147023,3.854414189588656,2.806474033092473,3.414612092074404,2.5300874442274415,7.183065250615359,3.614328890111072,2.1292133706795795,3.7852104008588934,2.0052425300955514,5.999744605884833,19.81297315644319,2.730120280990747,2.907469137886425,-0.0,16.963326970154764,3.1556698696923395,2.375712933879169,4.78040023104576,2.991848376020515,6.153940202444844,4.713776121632687,3.1389407028371124,4.839388200295657,4.606175025558477,4.846916622501604,2.6794261048571695,3.3765424820501035,3.017156313197435,3.204685195255527,7.429172777701259,4.243146748190313,4.411009167490104,6.359816293891063,4.147131982623102,6.301305685556687,4.8385703117732906,4.6155166255354,5.3924618033143785,6.818535380241184,7.797581905656864,5.45510176742623,4.007929113862511,5.086491497681393,5.4589013567395845,10.181670345895865,17.626827967888893,21.10514088043314,6.493537709912689
23,9.860137300864837,11.283905455873926,12.339803560816259,13.362618659273988,15.561371083770556,13.21771910445225,15.55846080553374,15.710539741622737,13.773321765222619,16.079515473268163,14.663532235017858,19.34012962344464,17.815295352202757,14.817721440712502,19.08757893995845,16.984545601865157,13.651596553225783,15.131539041806,14.029660227278553,21.199087317922388,18.572083893497926,16.70601033011958,16.963326970154764,-0.0,14.027676694808475,14.191355350577695,16.693014072679805,17.691244697613364,14.658109308291968,19.05141506851638,17.53016038374824,21.37379293119144,20.464455071167514,13.928900650801372,17.575208158208216,19.8527619990549,20.87114104125516,18.960394889013433,20.098318703396288,17.085302556870065,18.498460281105608,24.50455071152604,21.852377357150274,20.522703435366864,23.32707169454102,20.128734996479036,23.41869447154616,22.385938272734133,19.01150171343731,22.194667274713876,18.302494733367467,22.3023947868125,21.29122449367991,24.720038876247155,25.927168326226973,34.21378192953423,21.905394680259157
24,4.647022234250251,4.692074274751715,3.32471571120411,8.700825110497856,3.0528835649283597,1.762397502377539,3.146211124278498,3.0365459086890074,7.598587609639315,3.1425033679450007,3.6813611319682376,4.743054474923645,4.026842717914745,8.014760124605008,3.61981699190413,2.0400495201270683,3.6191459837308297,2.1337333234340115,6.548553266136388,17.58198533001485,3.9376100998438144,2.8196321878200155,3.1556698696923395,14.027676694808475,-0.0,2.30317616850921,3.8444335847841806,4.046841108260601,6.789525062595918,6.703773910745711,5.068433948946259,5.7793734677861455,6.059945934279394,6.479813542283909,3.536737041473515,6.167664289505912,4.344091511523241,4.843521675416763,9.017217021852863,5.86258838422912,5.57573212362656,7.815860628935174,4.976107263583136,8.513380737342633,6.479909908865869,6.566838692233578,6.8717283484072755,8.446063186193596,8.209381703510187,7.806469208278035,6.098556635438595,6.874340844126164,6.826793688188252,11.802275326525436,20.15524115326696,20.833032275598935,7.643871474040339
25,5.8069930262417655,6.300420994740731,4.060220500604886,8.372268622510832,3.780568828477488,2.354933575635779,2.101004401397987,3.044993181664058,6.964566116620083,3.4230837859793337,1.7912209814473419,3.078951553146542,2.5759007946359125,6.960226925449915,3.9792274965375953,2.1511707228147463,2.9299255521590517,1.750163965826407,5.724353231389117,18.667806321808193,3.3056445234580436,3.071018509774479,2.375712933879169,14.191355350577695,2.30317616850921,-0.0,3.2864450117270967,2.6349725759422737,5.796472158239075,5.067924450147532,3.324197230989657,5.139403380004927,5.357758417881153,5.02652331436218,3.069912820739495,4.53352843682315,3.8029091219356927,4.139787719510053,7.450304578192498,4.875072452649072,4.748348556664804,7.264438715920499,4.926212324715937,6.962178508358161,6.484845206300073,5.147822847716053,6.327310041304775,6.7607535292477285,6.705407173066349,6.364581068377927,4.631002285727755,6.097368899748854,5.551013100871628,11.238573849518042,21.212543554815944,20.323147347232965,6.68195320782189
26,6.064615616121883,7.004746532098504,5.036958779282352,9.30679942591382,4.654963591874564,3.1732265220830813,3.892721549795704,4.287791137859936,9.321136242324416,3.5118027764483375,5.264052579146533,3.2342654307889114,3.1213202363488155,8.660337177361736,4.01327311193472,3.4620366205563124,3.336362497595434,2.8500684754124888,7.545464077223555,19.800481004317128,3.688496864653563,2.3708974171386568,4.78040023104576,16.693014072679805,3.8444335847841806,3.2864450117270967,-0.0,5.095194213729364,8.09989817562267,5.057635410909537,5.439707144813101,5.97638570953484,7.596141580531417,7.933849219127835,3.6141204736628363,5.010200977984433,4.159486777932161,4.909824435718485,7.214459966334401,4.209487466281611,5.4072562607240755,5.311777820948559,3.684635346226246,7.5192689604957685,4.762913602450986,5.040352397153578,5.27883990072907,8.069343354404632,7.700358212542478,5.4640963546236145,7.513645429434885,5.7566295221803445,6.14353938529881,13.061981618588431,25.18616144771919,23.59361132701588,8.095050495441628
27,5.918178530799892,7.0261767210875306,4.62699009880664,8.09698393381368,4.406615863553433,4.291015224892156,1.7986698725852197,3.9668480803217707,6.691380340181316,5.002066732873336,2.5968872118081627,3.1540085272409017,2.3179857649837903,7.089939819573834,4.05591305960671,1.8134081168840497,3.1130910307304283,2.6849845394936884,5.982542337755767,22.668221230237524,3.0671422591638526,2.7909105051096206,2.991848376020515,17.691244697613364,4.046841108260601,2.6349725759422737,5.095194213729364,-0.0,5.963274928859919,5.429583936011813,2.8589980969350997,5.003156578822812,4.936721049400942,5.408704178957092,3.6258786218691084,3.8493060303651374,3.912194384660767,3.6303214565973736,6.552649724893707,4.541549299180419,3.8712849354863152,5.287277965751582,3.667360982587712,5.797553663883877,4.247524097678316,5.353186226592946,6.13705711870434,6.201928893999869,6.1547312621028585,6.467429500328827,4.267240712980859,5.325506752501917,5.529598560198632,11.163784995581915,21.119543134237162,20.44053814414341,7.707961462472103
28,6.393392697025956,7.190428186707397,6.206243725470108,3.562871062797388,7.641023151395456,6.505889884113941,5.860073216019235,6.784101643136328,2.270790681888184,7.493093800232531,5.374501325918661,9.941361253551793,6.904477225891672,2.1106100591207815,7.567420589022918,5.943209598719108,5.235487659275666,6.280553006613811,2.3540539592343106,21.840237168747866,7.278671206647245,6.720885501123559,6.153940202444844,14.658109308291968,6.789525062595918,5.796472158239075,8.09989817562267,5.963274928859919,-0.0,9.255767322771375,6.751237940002551,10.219686499113177,8.476931900580263,2.0147698245217955,7.67718024808195,7.916429421132082,9.156045607133251,8.150774277837336,4.98131957726893,8.243003887207424,8.163924000122837,11.368051591672934,8.514361049885308,4.40954767453486,9.083878297431742,11.534173232094513,11.120111717767708,9.269961400699172,3.7969155782780497,11.146625262431433,8.389985263142155,11.030241197127715,9.914825874258312,8.98398514857923,20.817496155284353,29.04318724954077,12.928693639338112
29,8.83926345139257,9.629770336182247,7.970566798900135,10.238163254741696,3.4141745696224066,6.793733290915782,4.917461443527743,4.997589285670221,8.962951630326824,2.962895221887838,6.517226872551988,5.253309795717476,4.069857344013517,10.255918773019202,3.5144785330656636,4.895871264571961,5.992207319028183,4.512089062726385,8.266100560153923,18.43126247810663,3.607160274689208,4.034284918819706,4.713776121632687,19.05141506851638,6.703773910745711,5.067924450147532,5.057635410909537,5.429583936011813,9.255767322771375,-0.0,4.073077728915682,4.94650943203511,4.97470476923353,7.608265848392263,2.9474742893479644,3.832676938972646,4.063073599104701,3.7688728507999505,8.426251125059245,3.2267648053117473,4.363384538576511,4.934839793654123,4.329651847483876,7.779936222710748,3.7275127502964653,4.794916322222564,4.667903199656528,7.010032720750847,8.747202266970906,3.9008742988375973,5.399076626196196,4.514903207813034,5.804883056275067,12.626289414673488,17.151068387350378,19.631164746942833,6.5219102057864085
30,7.612679246436275,8.75519485959052,6.777014514231483,9.647019330605398,6.034385159837464,5.4937390501959085,2.714691897932828,4.5446525634585475,7.825661231692257,5.718737373368256,3.539637112338469,2.5654731050372885,1.3351630685213882,8.096431621832743,4.66421327716636,3.238701202641403,4.344524605296566,3.6726316604739297,7.268864698173634,23.804173544468398,1.4377398749386463,3.3585687641684014,3.1389407028371124,17.53016038374824,5.068433948946259,3.324197230989657,5.439707144813101,2.8589980969350997,6.751237940002551,4.073077728915682,-0.0,2.8131142998080754,2.0919627976556097,5.373980090391065,2.695425673218843,1.657854176428088,1.9830079638319464,1.7037606670810257,6.260994910199621,2.8873295642351673,1.7154562894352614,4.086859888220328,2.6865640015008556,5.864630542210586,3.137318621097296,3.7920587757055153,3.2292235887994214,3.7655609738298765,5.323309664913452,3.9435603346854515,1.5715179744917538,2.913024207832207,3.5294524498622666,8.54305668737088,17.659134685857392,20.923709396251144,5.074738584344792
31,11.184096895431857,11.352912922159582,9.605338712703652,14.232911783426967,7.756253700402839,6.870610639743402,4.698017869089325,7.293273120595569,12.17868000543451,6.422359487990051,6.1066263803038625,4.41469939333016,3.1732522227368607,12.279147206261863,5.189455618417044,5.1599805482217755,7.276312925397411,5.972448935313308,11.098182445973842,22.496268903436498,2.4917780652145454,4.614150206870826,4.839388200295657,21.37379293119144,5.7793734677861455,5.139403380004927,5.97638570953484,5.003156578822812,10.219686499113177,4.94650943203511,2.8131142998080754,-0.0,3.359478872907892,8.654739342322591,2.929955854259261,3.23291905847508,2.0553637742903996,2.62212810985964,10.038764653860694,3.3186456364278225,2.5841157474893284,4.474010967468681,4.331314972687132,9.694467473494567,3.9689816523153705,2.9351658335885036,3.1816873174381306,4.267420942046522,8.262210549416418,4.133733175350405,3.1587177448090915,2.496087832244496,3.320173255497865,9.272234639840713,14.2987417555718,15.062785284978888,3.0670838808506793
32,9.224719951399798,11.507218194969596,8.52670923096356,11.331312889875086,7.5701270554268465,7.762009385950613,4.638993593903639,4.52218285489458,9.114161439010047,6.928232191617948,5.421772953874223,4.555009028805924,3.416204366575081,10.092369657729378,6.592946257366487,4.916319960548855,6.484019448015696,5.6297091510017365,8.961821082125418,24.531272409642376,2.4765424976217947,4.861928739277432,4.606175025558477,20.464455071167514,6.059945934279394,5.357758417881153,7.596141580531417,4.936721049400942,8.476931900580263,4.97470476923353,2.0919627976556097,3.359478872907892,-0.0,7.155719981718019,3.7041436951893645,3.002188652302318,2.7305488089558447,2.5324018689088215,7.737578743977226,3.5482671083875137,1.9560951097170318,5.446935837540327,3.285108873369067,7.441783084462356,3.6728522197620728,4.982781054292681,3.6058100375134687,3.6810546078959123,6.45320244228917,4.0829930270316845,2.0462274064839066,3.00015481676677,4.517302039590497,9.172150529646316,16.64537796860853,24.032034283161693,5.54553762445968
33,7.072332547316263,7.221372482618931,6.371163810944246,4.117025623646158,7.164716781282528,6.395711756708598,4.935164320145346,6.193498898711714,2.6182161299852407,7.018988926058505,4.675385237042857,8.721844060794508,5.644056694043145,1.8996387185575372,6.943905252692647,5.006714533790208,4.9533979439651965,5.411947482312255,2.5021402184286923,22.281511108314394,6.113728709767108,6.00489499546196,4.846916622501604,13.928900650801372,6.479813542283909,5.02652331436218,7.933849219127835,5.408704178957092,2.0147698245217955,7.608265848392263,5.373980090391065,8.654739342322591,7.155719981718019,-0.0,6.531762060371164,5.978801849019473,7.586156225194071,6.396491720958292,3.8234285333675553,6.889298927009509,6.962434656668529,9.774081546465773,6.8890095543852246,3.769085100559621,7.823917159597938,9.62818753541636,9.24093340953165,9.16209762716192,4.63521844517226,9.21721009166883,6.816472934107605,9.266789346419793,8.682438702085433,8.27407049624891,18.15635367131733,27.308442247695513,10.801704434996566
34,8.055676750277605,7.828463109802345,7.1169311253036565,10.689328460886813,4.671153179915711,4.215286584754498,3.0164590637328774,4.292622050881077,8.893283386155538,3.5686679906039998,4.2716027625483814,3.026503614129101,2.291202890053581,9.369887194629703,2.8952464879218973,2.868866178262208,4.732912714092393,3.6245641965671376,7.913687753322417,19.714981324290275,1.5867033808899476,2.4099489532144727,2.6794261048571695,17.575208158208216,3.536737041473515,3.069912820739495,3.6141204736628363,3.6258786218691084,7.67718024808195,2.9474742893479644,2.695425673218843,2.929955854259261,3.7041436951893645,6.531762060371164,-0.0,3.3821093421138975,2.040442811242299,2.343995648964215,8.15529997208899,2.8437345955396207,3.040947677915736,6.234303808156942,3.1591016204555826,7.492297513490343,3.954455420793915,3.43190788620393,3.95750716425497,6.0631023063155585,7.317503492212361,3.930099151005931,3.8932911430887396,3.458172910631812,4.025252439490946,10.582753940743881,17.3537766794571,17.19562338425049,4.64887358737404
35,8.973290642174641,10.562525848296827,6.555660056637716,10.415546215114611,5.70461393010295,6.795065747884239,3.2471897969114747,5.5245322985772125,8.495839939847787,5.166203810014899,4.9964988166534425,3.007424597261548,2.04961513680924,8.717715004604678,4.532777831620397,4.157893646856048,5.530510489906154,3.6776836898243106,8.028600558559562,21.89295087502418,2.1106917258080222,4.245424453126549,3.3765424820501035,19.8527619990549,6.167664289505912,4.53352843682315,5.010200977984433,3.8493060303651374,7.916429421132082,3.832676938972646,1.657854176428088,3.23291905847508,3.002188652302318,5.978801849019473,3.3821093421138975,-0.0,2.3096650223734967,1.6420947100538053,6.5557553699771995,2.7504171245243163,2.6542761635100574,3.0225027184583855,3.056327037790904,6.172187602736223,2.2455931028750644,2.8208316231767565,3.3662757338532256,3.3350106961636072,5.976246158964673,3.073371490285294,2.1099592313695674,2.3126012160987193,2.798357919152066,7.658999435856786,15.726297250607661,16.713814443619583,3.852601371029698
36,9.12907956936554,9.986287591462917,7.923409592919885,12.364141982243838,6.288412711214486,5.29158849848941,3.359909173081807,5.352290413236136,10.704379603885634,4.89264318639506,4.431909826406448,2.62595849049006,1.799570512300816,11.044297435199963,3.93915133749163,3.696333810692391,5.447493154820358,4.2408406459202395,9.627416658881984,19.853768495331373,1.477227773181712,3.3864897180631863,3.017156313197435,20.87114104125516,4.344091511523241,3.8029091219356927,4.159486777932161,3.912194384660767,9.156045607133251,4.063073599104701,1.9830079638319464,2.0553637742903996,2.7305488089558447,7.586156225194071,2.040442811242299,2.3096650223734967,-0.0,2.1618976841161985,8.920082211383741,3.008281008177232,2.5066194903405132,3.863586753536086,2.6276764866533484,8.402728301661877,3.039439621031115,2.602887862580228,2.8367412146662803,4.174552218438776,7.991840559114396,3.5101948893550725,2.719850144075654,2.6514319412221856,3.28778091679868,10.324597524514195,15.549087459479484,17.684019442544113,4.043126406512509
37,8.790702387529153,9.191139000262233,7.120053633128402,10.997645516562649,5.591584152592057,5.884345250699431,3.117455375142241,5.268296710160738,8.92720880735125,4.784527118629267,4.773135930690468,3.5198245256846037,2.0375068320548064,9.738324288084884,4.29100438613891,3.1849301552157687,5.729685945197855,3.7881764014942556,8.49529314512676,23.56630185067868,1.8108926185996597,3.991887346827743,3.204685195255527,18.960394889013433,4.843521675416763,4.139787719510053,4.909824435718485,3.6303214565973736,8.150774277837336,3.7688728507999505,1.7037606670810257,2.62212810985964,2.5324018689088215,6.396491720958292,2.343995648964215,1.6420947100538053,2.1618976841161985,-0.0,7.473836958109385,2.763117801630449,2.2238408697277436,4.752539110453314,2.30493144781024,6.86853737604826,2.496027021283401,2.6063856793211806,3.544595989662571,4.0925508436716695,6.282369417596105,3.2602660910244015,1.6900731973722054,2.3469522535008887,2.539448501975395,8.494609755514228,16.23051552612449,16.661802663065213,3.82510691610885
