,0,1,2,3,4,5,6,7,8,9,10,11,12,13,14,15,16,17,18,19,20,21,22,23,24,25,26,27,28,29,30,31,32,33,34,35,36,37,38,39,40,41,42,43,44,45,46,47,48,49,50,51,52,53,54,55,56
0,-0.0,1.2317550430518565,1.091142290924185,14.170841804317703,3.9253563497451696,3.6829512362870642,1.801993988789194,2.4886667778013867,22.534472557530087,1.9898557602540046,0.7966254907416239,1.3585684492911505,1.9159034389360425,8.599339945514446,1.973264820501684,4.650097510066724,3.1097778332612536,7.447333600522705,9.18484718458792,2.57776942878034,3.7020870677134723,2.715939037184864,2.407399767439043,14.088289452275045,9.085903198001903,6.185799776251118,5.697990572503036,6.184014929451188,6.318746930471309,8.181233467753467,10.578069326916937,9.128927257151329,4.81250583935915,8.470782752555595,2.205004798075306,3.839690675157887,5.9501007732435,9.035741385323336,4.511487262584151,4.343043565728679,4.8831917520186785,6.799449414578444,10.903634220644514,4.244611826858359,11.695804294110953,22.16260880857118,22.22381053559455,26.460437616587143,7.296588123036655,14.764771594184026,18.663437435627486,18.878789751879136,16.249279129488542,6.041219715100475,9.118472599946791,11.537378621728857,14.061548972426896
1,1.2317550430518565,-0.0,0.6160565136797731,16.69389413087323,3.6555724793613087,2.8420218821904433,1.2113710762505006,1.3619695048362344,21.258406264746394,2.2273517709857176,0.9997798578582155,1.1302268518718521,1.4746487704557825,7.454423837269611,1.250902350131326,3.8488805851409706,2.214135786013018,5.580297624814916,8.72693280124833,1.7894234114919698,2.5033211021754926,1.7030161857533275,2.227597010578752,17.39785828776389,9.101267350838054,6.249618981034653,5.596165591071216,5.942834570300576,6.005178838871777,9.153084459969199,11.284631520649851,9.654621342557792,3.7557629256215415,8.0731321824027,1.9622811819756962,2.9770315495843005,5.569247461936437,8.127935358521855,4.623420901373763,3.7496740518144627,4.218271634405381,5.553233105543386,9.60377867142488,4.457140658070664,10.144198722823216,17.6666006487888,17.98701413306738,22.380409006119816,5.844745030658037,14.388687869056648,17.072509860480796,17.13430341144075,14.440982728059776,4.949238013734791,7.3062841030680294,9.995071746275768,12.454839604629116
2,1.091142290924185,0.6160565136797731,-0.0,16.88289551418978,3.7228557625645418,2.4432918641169077,1.1624234981458683,1.5371587469532437,22.15686957742567,2.1694475576636663,1.0429337582521245,1.0704158243773128,1.3757929988143327,8.306480757041953,1.5119119392197686,3.393453600156984,2.476327521838781,6.03508685060307,9.193350858164173,2.1194829590998654,2.487797588911567,1.9756901388819155,1.9948256035472554,17.61941791489041,9.181151846999798,6.426742736668449,5.4728426744639975,6.154647904818975,6.008174578433688,8.636859202953643,11.739571906284734,9.892599374785584,4.044890134755639,8.487731754806568,1.9313497398976769,3.4592960072470094,5.690647893449565,7.78821902699246,4.754676889713018,3.80087528189376,4.243046613344945,5.677483578442808,10.015671468387351,3.8783390584070037,9.929970963892998,18.97355181072956,19.136844670554733,23.475450413154043,6.434218635045716,13.752189414177872,17.23622750481253,16.999987524259268,15.090026477204374,5.378593970660528,7.720808665233678,10.711510848847473,11.515522085574284
3,14.170841804317703,16.69389413087323,16.88289551418978,-0.0,11.80123721564912,19.699944935193706,14.380116710858807,18.709469247978298,8.16782021342762,12.379838742640965,16.273316326001552,15.107769195737264,15.684862946907346,12.280263259778922,17.55933102254524,23.48062892535477,19.22890730402151,23.61429321913267,10.249854867951283,17.445922205704225,20.591588133874584,19.790946892549034,16.818806718132535,9.226993302027891,10.596370232812294,14.071521207013507,16.244763092509697,19.637113662516118,20.57414441883468,14.973354608108151,14.373383476057162,22.37705029089955,19.245531596031096,11.297625762727336,15.455133650073071,20.86064572632494,21.504189270775502,27.429400027186826,10.793068418871066,19.420766681460282,19.92514772355298,22.48709639824301,32.95739171309318,15.870463951281177,33.683369915263285,39.87501295640095,38.98186750060634,44.39366915984512,23.936692487031358,29.236773796610454,42.16593592904047,40.406489676727595,38.42084927964092,23.850641894413435,27.281364394614112,27.07391176125645,32.49933965198963
4,3.9253563497451696,3.6555724793613087,3.7228557625645418,11.80123721564912,-0.0,3.9645693794430823,4.0172131817812025,4.696041006025068,15.884965702185497,2.2828585293301775,3.403540429428599,4.215044959081793,4.28441738469058,4.4203148719208984,4.710702663199333,8.45514943392348,6.083417592420538,9.577150782527612,4.53465948412934,4.513616737562749,6.138942642727452,5.357903136779786,4.86981798686143,13.150899593354039,8.505233846178564,7.393165210153275,6.969819304523128,8.513501214855255,7.296270431875305,11.951100268010357,12.2196259084635,11.147485054017073,7.111051608327738,3.967777940256002,4.271405471844172,6.995154455492187,8.672366096149307,12.641782120882201,3.125379093448279,6.874044051371291,7.599309046157717,9.248904559906567,16.76238068703125,4.6976346473676465,17.139246782248655,24.609712458714267,22.381941313790417,29.843621521812782,10.210274867151952,20.199996914996422,25.380137342474928,24.913654936101324,22.39756453252564,9.006431120742162,12.567658658477855,14.254955289324243,18.375494820814197
5,3.6829512362870642,2.8420218821904433,2.4432918641169077,19.699944935193706,3.9645693794430823,-0.0,3.190865701742571,2.5730942997935373,27.117197694970397,3.911637416889205,3.2704325248269885,2.7859367101040595,2.803204383110304,10.235566943961745,3.473695893986113,4.342479370858308,4.047898177903817,6.224190457730622,12.35540811820658,3.5603836329178593,3.0162365343869393,3.661616087213905,2.503826789498451,18.5303341392547,13.24968655781922,8.678887690603217,6.198661897424939,7.569106849037272,7.520292201438505,11.680443264189636,14.041115064202323,10.03300810038274,4.910604322679352,9.875299151312836,3.3466076114815837,4.369671567024126,5.9340117327259145,8.822948353864673,5.066269419098681,4.800018664909963,4.89049613398879,6.794354495441685,10.958638975808114,4.369561211843252,11.879918722781662,21.286781591155286,22.226018826970215,27.24549702934087,6.393038220271496,15.46510038750463,19.42916625453362,19.594251007301065,17.070356212245585,5.812888502291257,8.97241799814782,11.340674246231474,14.546618835940794
6,1.801993988789194,1.2113710762505006,1.1624234981458683,14.380116710858807,4.0172131817812025,3.190865701742571,-0.0,1.0835885025032443,24.781417793811638,3.017948461202716,1.8256575788691791,0.828309625850036,0.7386316595153436,9.925577790409712,1.529124838989328,3.685257962990943,1.9581455997721438,5.882037527784735,10.397129584821574,1.6160768901566993,2.043311483902512,1.977419637636993,1.2666077448470927,14.610716847584994,9.3669581112976,6.967811537231518,5.52457145017541,6.15673635424566,6.958608429864131,10.607517652090854,12.206096845069034,10.200666208826691,3.066586509161729,9.738929282816063,1.4796422428187022,2.4776902418589413,4.541116078673452,7.918774222054147,5.2769862578542535,2.848633766881454,3.4077250937519126,4.652324169170292,8.76489653512462,3.649783400659082,9.327430789251551,17.59942237118955,17.48435711190783,22.101128030396968,5.285168767129857,13.330055767215926,16.307324156163485,16.262473555384464,13.639228518858195,4.579486679567165,7.605020287516962,9.154815495991807,12.588601934954545
7,2.4886667778013867,1.3619695048362344,1.5371587469532437,18.709469247978298,4.696041006025068,2.5730942997935373,1.0835885025032443,-0.0,21.218833812416815,3.3668504962554158,2.0839808997788016,1.3653765258088564,0.49931757540345945,8.678640544172774,1.7854986794432572,2.2994690597614587,1.653573199276988,4.001544450139564,9.189085762028633,1.9432939478878255,1.414869873668746,1.7946059263648941,1.525185174350471,16.078460910601308,9.783419491678654,7.400240135074421,5.488227528193144,5.914790798827861,6.314927305333092,10.857430053919522,12.227417241429723,8.77250246815819,2.8413797112316828,9.092544988611113,2.1959102871819502,2.558133723261782,4.154711151190417,5.964355698394948,5.965655304825961,2.7145421384176607,2.961937285422723,4.304044846290817,7.580063664883508,4.483422248610603,7.8950826560591345,15.440015912457907,14.913790038795913,19.42944193435438,4.96222447477045,11.860271571187965,14.378059808505153,14.387350631450134,12.05498592024199,4.126676236660965,6.252491581636467,8.557170805726667,11.235512228550592
8,22.534472557530087,21.258406264746394,22.15686957742567,8.16782021342762,15.884965702185497,27.117197694970397,24.781417793811638,21.218833812416815,-0.0,18.8607160280946,22.22090881209195,24.299056715593878,22.3553132000959,8.027309784342439,24.890902495770376,26.879949311776336,23.860148984480006,28.997382098785472,6.447504757135714,26.385466710376427,26.63764990586129,25.393068346033594,28.785937358247008,16.65855097007451,21.688376986684304,19.309614310235986,24.661345934817042,21.92949497717392,16.894420066815478,23.448356307647252,17.34114267172555,19.171178816714427,30.75787786199876,8.38129296529315,25.099095920380638,28.27099001326952,31.149752068934614,30.941619245471024,15.539759642284961,27.724068370489853,29.399440716865524,30.74636403211869,27.40903503955912,22.43896518275714,25.69486952548299,30.653666336330964,35.634267210778425,31.430913466669615,37.87398732278449,41.94168271873511,26.529516648245064,35.37417070871938,28.013656107554286,34.35987655074282,35.69662481764436,40.178123009702794,42.14140321655747
9,1.9898557602540046,2.2273517709857176,2.1694475576636663,12.379838742640965,2.2828585293301775,3.911637416889205,3.017948461202716,3.3668504962554158,18.8607160280946,-0.0,1.5060241389819964,3.0517179436261266,3.2074818479647518,5.145805747509873,3.154410661001932,5.844382466054644,4.541214903494383,7.836528433390035,6.256160434003051,3.526837849308115,4.254676097484072,3.7890869303043893,3.6426090229514183,11.530082015811782,7.57860037141221,6.357851953616471,6.522131940639836,7.357880790295391,6.1628545760973585,8.927732038161704,10.619229346118797,9.861981599092235,6.041100683132065,5.428978929446683,2.9138193137047814,4.744218389584383,7.396614730555481,10.519547761385814,2.4378669295503315,5.556263192468017,6.456043390721627,7.769714317568045,13.88683338295668,3.5611432078768135,14.408135938409337,23.38586800465963,22.383865592706048,28.77801336969772,7.320412152887304,16.691106523380736,22.814074155862787,22.408966889722553,20.1789883925909,6.967486626876158,9.884896441005555,12.536287321025164,15.541330488103956
10,0.7966254907416239,0.9997798578582155,1.0429337582521245,16.273316326001552,3.403540429428599,3.2704325248269885,1.8256575788691791,2.0839808997788016,22.22090881209195,1.5060241389819964,-0.0,1.7346213496872995,2.080506918038034,7.833025672389177,1.8070764636281986,4.31233054752757,3.0575312833851727,7.009481378898919,8.815546449771611,2.3088520346808292,3.456140903389482,2.403328597811236,2.9467624684313316,13.327536720292175,8.70904087762411,6.382606050700527,6.071936191013741,6.505971426147558,6.277211517489315,9.307566248571474,10.837221660464081,9.819870666666015,4.954714015590062,8.233678132697463,2.051600472040997,3.4872072833573413,6.472430816449011,8.533341677834715,4.050520562625147,4.242739761502383,5.0329244575676375,6.639252403083506,10.681770235067864,3.9568255566339245,10.59462510067539,21.29047658888594,20.247754664031525,25.45332386052384,6.954213652295034,14.550761867298167,18.500311129662048,18.603816892911485,16.244385573326475,5.8857948001081235,8.318871577127805,11.758078750255816,13.793054895126687
11,1.3585684492911505,1.1302268518718521,1.0704158243773128,15.107769195737264,4.215044959081793,2.7859367101040595,0.828309625850036,1.3653765258088564,24.299056715593878,3.0517179436261266,1.7346213496872995,-0.0,0.8106536443536355,9.717598726470554,1.2972658883568433,3.375826884251515,1.8220653523207508,5.5906785068243,10.402986651856498,1.930997509201337,2.1615106337770067,1.8349708469491273,1.2457536180575899,16.758003777998777,9.355332782054093,7.116486914224433,5.78183144845758,6.486529687716047,7.452573219526164,8.553270739402274,12.748251362839417,10.031653138934095,3.1379264077112508,9.55773750810239,1.5826494340950417,2.608855253294961,4.393595156624127,7.5429651348405375,5.0455043647865905,2.9899502045219717,3.4148676268333675,4.932299636226814,8.864595455377877,4.026437340505505,9.970723269391488,18.060994134151425,18.666415042605728,22.5267861305845,5.671508084912274,13.242795175622502,16.2992637320124,16.18245726807254,13.677291668841137,4.370757340353089,7.418337516044999,9.199665452339266,11.949773821830167
12,1.9159034389360425,1.4746487704557825,1.3757929988143327,15.684862946907346,4.28441738469058,2.803204383110304,0.7386316595153436,0.49931757540345945,22.3553132000959,3.2074818479647518,2.080506918038034,0.8106536443536355,-0.0,9.189566836938322,1.543552211048943,2.75129104367016,1.604648221244751,4.628492062875499,9.796175549086902,1.9631375345783688,1.5009516537496648,1.8356584970354874,1.2275746365720444,14.580946920844235,10.241990437738604,7.309237079467374,5.610412931015393,5.922727608750507,6.245368075611575,9.943678539718501,11.874175784405839,8.717140645282813,2.7496602251392273,8.784064016371904,1.6890928905110794,2.1995521802108433,3.7889484661410644,6.362711696711211,5.293495246759981,2.3862617240995068,2.8898336279173327,4.241611944918542,8.050804032605189,3.775709300420401,8.699754235666484,16.341189243804035,15.79813635762276,20.121535229013507,4.938551689595026,11.851713749662983,14.885300417538664,15.116582694992726,12.655986184621831,3.9936038230218815,6.720651910867771,8.395796306310677,11.574528173694704
13,8.599339945514446,7.454423837269611,8.306480757041953,12.280263259778922,4.4203148719208984,10.235566943961745,9.925577790409712,8.678640544172774,8.027309784342439,5.145805747509873,7.833025672389177,9.717598726470554,9.189566836938322,-0.0,9.666278756384173,12.340753297655326,10.561609336196883,12.634512454173828,1.989408314378964,10.153264464086295,11.039758310676582,10.311270273326581,11.411368723891801,13.928253119260862,10.36936610064337,8.721993577069604,11.794197302482875,11.557027184109364,7.9239380938763855,11.843120295054314,11.084497953544359,12.708128671324118,13.333031041106215,1.3352830193314298,10.131809396252981,11.791078308882241,14.756722562211007,16.696285041229086,3.7969219866908426,12.922742735020536,13.777153517817048,15.393187433956092,22.090112216185904,9.547709147486703,22.648277278176636,26.747453169667804,25.77526825030928,32.57100063103882,16.405273085163163,27.178806097194656,28.627651072359086,31.3224041880697,27.312505309989497,14.697323042767476,17.466398177877938,20.77846149436872,24.79383443161927
14,1.973264820501684,1.250902350131326,1.5119119392197686,17.55933102254524,4.710702663199333,3.473695893986113,1.529124838989328,1.7854986794432572,24.890902495770376,3.154410661001932,1.8070764636281986,1.2972658883568433,1.543552211048943,9.666278756384173,-0.0,3.172392779634204,1.3244916511652995,5.430616291023426,11.024821444606012,1.099312600662696,2.298248698117573,0.6752196891797947,2.1473427494188924,15.883616391767404,10.57828112106233,6.709244242145692,5.909837708895709,6.038970759706918,6.978627175348202,9.745264583452343,11.481354964052601,11.058884873568767,2.696790917312331,10.081634814242667,2.504174485066747,2.9517838693506246,4.587941691214627,6.3185660545809,5.452751512569697,2.8018670490842053,2.937134116477667,4.595041897073894,8.166931628841084,5.324170664620843,8.857087621095413,14.590171659375187,14.631753645605496,17.857254106810405,5.357029608662614,11.284147513564756,14.076167933388342,14.34396973450726,12.441787777484784,4.291558896177645,6.139305660654995,8.59836586929604,10.295406059079303
15,4.650097510066724,3.8488805851409706,3.393453600156984,23.48062892535477,8.45514943392348,4.342479370858308,3.685257962990943,2.2994690597614587,26.879949311776336,5.844382466054644,4.31233054752757,3.375826884251515,2.75129104367016,12.340753297655326,3.172392779634204,-0.0,2.0317907739668963,2.414998413744897,13.60235918364264,4.278504384784987,1.4803513752359014,2.9992288424970663,2.748851127678679,22.801919607990655,13.621029609564006,8.975963798536258,6.49238560522509,6.786917945247793,8.512595994485329,10.456608306176934,14.14032046130532,11.005593922171425,2.3651768879252333,12.904800356500312,4.286733165224306,2.2543718264543418,2.0327606973269927,3.8008953351593457,8.717413174201845,1.9984867304528713,1.5120898713326834,2.3143234404369872,5.169269977123233,7.096881927702597,5.746639497534225,11.563147189287015,12.209059605182478,14.980347096870188,3.078227397635002,8.39236581589045,11.090725824613934,11.102768033540876,9.515950844633524,2.1260944572335494,3.8798817417027296,6.131062351557058,7.4458470744004535
16,3.1097778332612536,2.214135786013018,2.476327521838781,19.22890730402151,6.083417592420538,4.047898177903817,1.9581455997721438,1.653573199276988,23.860148984480006,4.541214903494383,3.0575312833851727,1.8220653523207508,1.604648221244751,10.561609336196883,1.3244916511652995,2.0317907739668963,-0.0,4.145136315225574,11.245326481933155,1.6723743147494246,1.7370194004526547,1.0454972842111676,2.1409635988002216,17.501502717964854,10.571201134478635,7.418113616912278,5.980457124896119,6.301287544765418,7.795112569729319,10.127428408777263,12.626205556540368,10.112789016067243,1.7056692902409492,11.139374648892042,3.079506730841266,2.5740063954223147,3.5110022515725743,4.9833986253205245,6.922939263835114,2.263767051779189,2.058765679171533,3.448874522308145,6.060448817436141,5.7487561098111435,6.9701946686372915,12.28892264622526,12.097330750500703,14.905550512069011,4.955547148593444,10.16370473172741,11.474643039566379,11.294287375174749,9.403120766199104,3.3272632635283514,5.030249016538226,7.350340243263248,8.509535275284719
17,7.447333600522705,5.580297624814916,6.03508685060307,23.61429321913267,9.577150782527612,6.224190457730622,5.882037527784735,4.001544450139564,28.997382098785472,7.836528433390035,7.009481378898919,5.5906785068243,4.628492062875499,12.634512454173828,5.430616291023426,2.414998413744897,4.145136315225574,-0.0,14.61399585016163,6.017917501997272,3.6209576667192604,5.6535840860845745,4.652473334202989,23.94196690992703,14.55083412070827,10.886327511793986,7.624733284565524,7.198335799085585,9.327050867445791,13.561092311847604,15.552248040032906,10.243201617973543,3.384846421985661,13.602405339270033,6.768142890297339,4.178265558952854,2.347942362338234,2.301190163977709,9.985373959823864,3.780256551995241,2.5131280364898414,3.3243670413888666,5.76499737188679,8.711300112374424,6.0587775577061995,7.89482524189956,7.500953020009427,10.98539845189196,3.0581551576144634,7.6012546358484885,10.607975379858345,10.395140124679106,9.284987748181695,2.806317325414199,3.888914846898843,5.291070342363659,7.01604062156169
18,9.18484718458792,8.72693280124833,9.193350858164173,10.249854867951283,4.53465948412934,12.35540811820658,10.397129584821574,9.189085762028633,6.447504757135714,6.256160434003051,8.815546449771611,10.402986651856498,9.796175549086902,1.989408314378964,11.024821444606012,13.60235918364264,11.245326481933155,14.61399585016163,-0.0,11.28798582271544,12.338164910696419,11.734585605160612,13.100330058236572,11.960059401973119,9.609053052264647,9.05960990484539,11.669293824223674,11.929135428735012,8.648974082877789,12.554771643609302,11.311086464379889,12.863321519259776,14.532526727933453,1.9782922437277481,10.38893090868181,13.112420049502134,16.689716108631316,17.839526845219616,3.9201031680853764,13.859674847016928,14.933335393517934,16.02200814181732,21.460820076693594,8.378679871607007,20.905058770894897,25.223454898264595,23.804695300913618,28.680694710223463,18.95470792035903,25.57291112577176,25.982786424189754,28.994662238785075,25.038907639314118,17.20792842593969,19.556118707852594,22.918989639564202,25.451267739243818
19,2.57776942878034,1.7894234114919698,2.1194829590998654,17.445922205704225,4.513616737562749,3.5603836329178593,1.6160768901566993,1.9432939478878255,26.385466710376427,3.526837849308115,2.3088520346808292,1.930997509201337,1.9631375345783688,10.153264464086295,1.099312600662696,4.278504384784987,1.6723743147494246,6.017917501997272,11.28798582271544,-0.0,1.5924374754351027,1.0259150345263506,2.684011390193083,13.06810114451764,9.418838959895636,6.751819059135769,5.89361483199045,5.847588188410477,7.0118627678424925,9.992190489154922,11.79800642888154,11.838491036430879,2.3014272279382735,10.525759259270933,2.462338675310823,2.7737521157686498,4.892263697652506,7.699342108491552,5.29369612420119,2.9149402263095903,3.3248555907389994,3.916250560407762,7.706117120126947,4.149227962478348,9.054929230029332,13.82735293266665,12.957239757427557,18.2290051376674,4.70587481813575,12.202625573416354,14.750972912977,14.165482731411894,12.215889018642091,4.482633792193828,6.647255986032797,7.794791775597116,11.80431773594442
20,3.7020870677134723,2.5033211021754926,2.487797588911567,20.591588133874584,6.138942642727452,3.0162365343869393,2.043311483902512,1.414869873668746,26.63764990586129,4.254676097484072,3.456140903389482,2.1615106337770067,1.5009516537496648,11.039758310676582,2.298248698117573,1.4803513752359014,1.7370194004526547,3.6209576667192604,12.338164910696419,1.5924374754351027,-0.0,1.9742096393944841,1.4979919526567878,16.646466540719437,11.363024898286945,7.350138718826362,5.734394432869918,5.714746613906215,7.165429604074428,9.734487661905998,12.6748638696685,10.514016399742783,2.0645190892996146,11.257564517471383,2.774078962528232,1.5233691955363797,2.886033803448902,5.439571589307877,6.67954179278525,1.4203721349415728,1.8714029378466894,2.9153254648997393,6.30520341438524,5.075211429861028,7.271573182593383,12.8631727662127,13.012494045382402,17.293308185195603,3.400254388055137,10.039891258658967,13.04234507080614,12.80240509863046,10.97441432201032,2.629225405481113,4.888262246126812,6.739282848522529,9.706921057042544
21,2.715939037184864,1.7030161857533275,1.9756901388819155,19.790946892549034,5.357903136779786,3.661616087213905,1.977419637636993,1.7946059263648941,25.393068346033594,3.7890869303043893,2.403328597811236,1.8349708469491273,1.8356584970354874,10.311270273326581,0.6752196891797947,2.9992288424970663,1.0454972842111676,5.6535840860845745,11.734585605160612,1.0259150345263506,1.9742096393944841,-0.0,2.4989373337094345,16.40688641576663,10.753275134135864,6.518062431067791,5.633401566555499,5.482284537663093,6.976390696836924,8.74783675688326,11.388418230967108,10.974533683727792,2.5919135437062817,10.81031874556489,2.801360304117756,2.963577469013888,4.622689955292051,6.52222353510123,6.084035433968806,2.5874688388021934,2.899404598136383,3.9161553360510872,7.458888919644879,4.969638479015827,7.8675057748303425,14.00924821560775,12.687623591710965,17.045786553503227,5.77305723866169,11.371337958478586,13.367640172464494,12.977741649831238,11.379709097411203,4.175424202551814,6.05912522596606,8.642142589902306,9.935455754876035
22,2.407399767439043,2.227597010578752,1.9948256035472554,16.818806718132535,4.86981798686143,2.503826789498451,1.2666077448470927,1.525185174350471,28.785937358247008,3.6426090229514183,2.9467624684313316,1.2457536180575899,1.2275746365720444,11.411368723891801,2.1473427494188924,2.748851127678679,2.1409635988002216,4.652473334202989,13.100330058236572,2.684011390193083,1.4979919526567878,2.4989373337094345,-0.0,17.79630466586484,11.580341981752273,7.7793732752897276,5.541853419251739,6.042483839601767,7.362154789798346,9.419049477642298,12.632472302505771,9.884585845689696,2.8127056680820446,11.147730027983272,1.9531538936130208,2.1445976035724574,3.6959775273752538,6.841376998644794,5.614475738186693,2.2795725273856604,2.860205921570166,4.2207681602945,8.386182783596874,3.958907138664948,9.382221810664692,16.79102942390548,17.046573357828176,21.38349682484936,4.353745514941267,12.618637190527446,15.993613851807797,16.172210137613742,13.672399382240204,3.637066402536663,6.7702144470097885,8.392358882341142,11.703518264647471
23,14.088289452275045,17.39785828776389,17.61941791489041,9.226993302027891,13.150899593354039,18.5303341392547,14.610716847584994,16.078460910601308,16.65855097007451,11.530082015811782,13.327536720292175,16.758003777998777,14.580946920844235,13.928253119260862,15.883616391767404,22.801919607990655,17.501502717964854,23.94196690992703,11.960059401973119,13.06810114451764,16.646466540719437,16.40688641576663,17.79630466586484,-0.0,11.391406853849551,14.040560639881878,19.84627354730117,15.316610512084564,17.011538272377525,14.283858967987573,11.692601383894562,25.974578817092908,16.16109927585376,15.747730902008398,17.850412691875515,17.626436530079644,20.448184201800526,24.346825610477676,12.942196825317893,17.942107766314763,18.089069706947104,20.782231908756202,23.411897658628146,17.157082014532623,26.69409229789585,35.17123159148233,29.683019731495317,35.77950854410452,21.009280297358483,21.89733697681005,32.11739862112088,31.33530254748937,28.17698446847269,23.09959557412574,25.13442059248351,24.122434931693505,32.90966333043498
24,9.085903198001903,9.101267350838054,9.181151846999798,10.596370232812294,8.505233846178564,13.24968655781922,9.3669581112976,9.783419491678654,21.688376986684304,7.57860037141221,8.70904087762411,9.355332782054093,10.241990437738604,10.36936610064337,10.57828112106233,13.621029609564006,10.571201134478635,14.55083412070827,9.609053052264647,9.418838959895636,11.363024898286945,10.753275134135864,11.580341981752273,11.391406853849551,-0.0,6.825606659262761,9.288145406700648,9.705817546428007,13.515754921560424,7.4276598607625886,9.2709111471286,13.164936877430575,11.116311502065525,11.04957272326035,9.322052920790176,11.804003519130628,15.799833244578206,18.197922780226936,7.2779924728823655,13.834398698063167,13.590004255939828,13.530228814021688,18.8213500185697,8.800770086269226,19.55594014230358,24.343592469247593,21.796897461093835,26.904192387307013,15.693532861893406,20.279917486324088,26.82510777809964,22.72135574060218,21.413608742864415,14.285107629850996,16.839999539353066,18.8096081498388,20.64187259081641
25,6.185799776251118,6.249618981034653,6.426742736668449,14.071521207013507,7.393165210153275,8.678887690603217,6.967811537231518,7.400240135074421,19.309614310235986,6.357851953616471,6.382606050700527,7.116486914224433,7.309237079467374,8.721993577069604,6.709244242145692,8.975963798536258,7.418113616912278,10.886327511793986,9.05960990484539,6.751819059135769,7.350138718826362,6.518062431067791,7.7793732752897276,14.040560639881878,6.825606659262761,-0.0,4.406472383253399,3.468611702423424,3.9744510984088146,3.7831986437319345,4.850374178235705,11.297244314809952,7.569968201176235,8.972013020770193,7.425342398079546,8.504801458716692,9.734696702042939,11.792133742851544,7.213077522704298,8.43042143814713,8.163753520976597,8.92093783702971,12.386688761384049,8.55708463280171,13.351752856285044,17.875055180850232,18.878472170923843,21.89764493906559,9.986674675022675,15.67683065285458,17.932202536879945,17.001542486854802,15.389308865182022,9.495864711286409,10.988097955292757,12.253515168787406,13.72638929456447
26,5.697990572503036,5.596165591071216,5.4728426744639975,16.244763092509697,6.969819304523128,6.198661897424939,5.52457145017541,5.488227528193144,24.661345934817042,6.522131940639836,6.071936191013741,5.78183144845758,5.610412931015393,11.794197302482875,5.909837708895709,6.49238560522509,5.980457124896119,7.624733284565524,11.669293824223674,5.89361483199045,5.734394432869918,5.633401566555499,5.541853419251739,19.84627354730117,9.288145406700648,4.406472383253399,-0.0,2.781012801535269,4.056107373233717,7.233034323846851,10.816951982031842,7.670535006974932,6.084705986584539,11.0640456386274,6.195125468714146,6.925743283132995,7.270423302792847,8.577787219530665,8.009922019001865,6.738746222841077,6.324884865879132,7.548076679962901,10.598639313443204,7.327992979235017,10.941757903251473,16.970771762914243,16.87085372720877,20.62693689549429,8.494540767954899,13.883140783168866,16.393911320356477,15.829925965282417,14.089852719912885,7.626494822969931,9.684375668169544,10.907721674080422,12.480955478514929
27,6.184014929451188,5.942834570300576,6.154647904818975,19.637113662516118,8.513501214855255,7.569106849037272,6.15673635424566,5.914790798827861,21.92949497717392,7.357880790295391,6.505971426147558,6.486529687716047,5.922727608750507,11.557027184109364,6.038970759706918,6.786917945247793,6.301287544765418,7.198335799085585,11.929135428735012,5.847588188410477,5.714746613906215,5.482284537663093,6.042483839601767,15.316610512084564,9.705817546428007,3.468611702423424,2.781012801535269,-0.0,4.28449717892598,6.249171397874018,7.384929266854498,7.6315364547677484,5.932627013565058,12.114376416187174,6.775333573990777,6.577911559271718,7.000087603697925,8.31249638888597,8.995984211662858,6.46486854949744,6.371081008967786,7.239773927545742,8.07387584355638,8.499941076411751,9.743382234428525,13.314547697927264,13.006377392364286,16.265358821494146,7.766757697215619,12.131630325123613,12.748574808485644,12.842568443009574,10.56206257986595,6.834888857170297,8.097950617372103,9.07110760916335,12.566529378336632
28,6.318746930471309,6.005178838871777,6.008174578433688,20.57414441883468,7.296270431875305,7.520292201438505,6.958608429864131,6.314927305333092,16.894420066815478,6.1628545760973585,6.277211517489315,7.452573219526164,6.245368075611575,7.9239380938763855,6.978627175348202,8.512595994485329,7.795112569729319,9.327050867445791,8.648974082877789,7.0118627678424925,7.165429604074428,6.976390696836924,7.362154789798346,17.011538272377525,13.515754921560424,3.9744510984088146,4.056107373233717,4.28449717892598,-0.0,7.693818277049555,8.019037204953634,10.342170185156297,8.686477326593764,7.4548493016715645,6.929955958162489,8.149169969412492,9.806187998735767,11.18804877417458,7.767398937976748,7.909460889569244,8.77763957037221,9.686830494145056,14.378743917413406,7.2354933819732565,14.408961956303854,19.029642953044767,17.573870231771675,22.86933144596865,11.287824457527597,17.835719888508226,19.287161318589348,20.833218105615025,18.54829405659693,10.22266426573133,12.2546156143078,14.434397598306424,16.803575356518312
29,8.181233467753467,9.153084459969199,8.636859202953643,14.973354608108151,11.951100268010357,11.680443264189636,10.607517652090854,10.857430053919522,23.448356307647252,8.927732038161704,9.307566248571474,8.553270739402274,9.943678539718501,11.843120295054314,9.745264583452343,10.456608306176934,10.127428408777263,13.561092311847604,12.554771643609302,9.992190489154922,9.734487661905998,8.74783675688326,9.419049477642298,14.283858967987573,7.4276598607625886,3.7831986437319345,7.233034323846851,6.249171397874018,7.693818277049555,-0.0,4.756506602063999,10.249427306235928,10.099153380847572,11.990400891402482,9.95265917835314,11.697027139475251,11.432135524154958,14.741159138626164,9.784559617880603,11.430034324639765,10.72873507730935,11.483376985648949,15.023810013350204,11.857351652132008,17.598228356668255,19.425609875419525,21.743362307468743,23.601773858178404,13.176815739726612,18.16885937362467,20.04671703461583,18.280757671161783,17.414369963905234,10.763531512426873,12.878947487003174,13.839365812310477,15.281834564975968
30,10.578069326916937,11.284631520649851,11.739571906284734,14.373383476057162,12.2196259084635,14.041115064202323,12.206096845069034,12.227417241429723,17.34114267172555,10.619229346118797,10.837221660464081,12.748251362839417,11.874175784405839,11.084497953544359,11.481354964052601,14.14032046130532,12.626205556540368,15.552248040032906,11.311086464379889,11.79800642888154,12.6748638696685,11.388418230967108,12.632472302505771,11.692601383894562,9.2709111471286,4.850374178235705,10.816951982031842,7.384929266854498,8.019037204953634,4.756506602063999,-0.0,13.727259097916034,12.075734615090266,11.756608025805903,13.544417022200365,13.230939094213074,13.723683514523822,15.153446101835982,11.56865465590651,13.31400013325607,12.150190279113941,14.631242355035482,15.643336771638028,14.779673213624756,17.655055006094265,23.12120899050092,22.65461681287189,25.33353446903211,14.355385020012474,17.70862612376267,20.214277717191763,21.17382930327009,18.189627010186225,14.202184226329527,14.797510436437525,15.826516533179834,20.002938849811642
31,9.128927257151329,9.654621342557792,9.892599374785584,22.37705029089955,11.147485054017073,10.03300810038274,10.200666208826691,8.77250246815819,19.171178816714427,9.861981599092235,9.819870666666015,10.031653138934095,8.717140645282813,12.708128671324118,11.058884873568767,11.005593922171425,10.112789016067243,10.243201617973543,12.863321519259776,11.838491036430879,10.514016399742783,10.974533683727792,9.884585845689696,25.974578817092908,13.164936877430575,11.297244314809952,7.670535006974932,7.6315364547677484,10.342170185156297,10.249427306235928,13.727259097916034,-0.0,11.429276520576105,12.190061630846214,10.00967566980856,10.114708491614524,11.445258752336349,13.189767094652591,10.659028143727484,11.061475883291447,11.369995160246221,12.283647309086367,11.97271409524634,9.849937596119014,13.332203683523257,18.785373342611564,18.528854311757865,22.377110297255534,13.556935694020986,20.267574633143845,18.449980135949293,16.738133616935347,14.463731272333732,11.8348893808214,13.766021923352262,14.989578713790952,18.053594338247674
32,4.81250583935915,3.7557629256215415,4.044890134755639,19.245531596031096,7.111051608327738,4.910604322679352,3.066586509161729,2.8413797112316828,30.75787786199876,6.041100683132065,4.954714015590062,3.1379264077112508,2.7496602251392273,13.333031041106215,2.696790917312331,2.3651768879252333,1.7056692902409492,3.384846421985661,14.532526727933453,2.3014272279382735,2.0645190892996146,2.5919135437062817,2.8127056680820446,16.16109927585376,11.116311502065525,7.569968201176235,6.084705986584539,5.932627013565058,8.686477326593764,10.099153380847572,12.075734615090266,11.429276520576105,-0.0,13.897487179880965,4.265013233340394,2.7350282043345935,2.4992588780465597,4.661611932441223,7.963750812783778,2.0389253567745884,1.2045934485329137,2.8359692647212666,4.665844060882881,6.834662166582965,6.63694691656158,9.408623615727738,9.755137529575956,13.024541574189326,3.1851983976868223,9.07314095712548,10.515077677764586,10.380220301938925,8.0758080459033,2.4000779076079057,4.143974185749467,4.947806641356172,9.47594752690759
33,8.470782752555595,8.0731321824027,8.487731754806568,11.297625762727336,3.967777940256002,9.875299151312836,9.738929282816063,9.092544988611113,8.38129296529315,5.428978929446683,8.233678132697463,9.55773750810239,8.784064016371904,1.3352830193314298,10.081634814242667,12.904800356500312,11.139374648892042,13.602405339270033,1.9782922437277481,10.525759259270933,11.257564517471383,10.81031874556489,11.147730027983272,15.747730902008398,11.04957272326035,8.972013020770193,11.0640456386274,12.114376416187174,7.4548493016715645,11.990400891402482,11.756608025805903,12.190061630846214,13.897487179880965,-0.0,9.461957993868271,12.415982057934055,14.300650531249964,17.313347116256054,3.471555934986019,12.171188240843785,13.803030034396748,15.186584538324999,23.07975478090695,7.817997773286506,23.55386614934637,27.32568217754449,25.600249741665436,32.79523746668415,17.46574585444076,27.7948556957624,29.331216344604737,31.85814184783144,28.1844303218853,15.528833715947249,18.78765882091114,21.08418139177668,25.006303474046405
34,2.205004798075306,1.9622811819756962,1.9313497398976769,15.455133650073071,4.271405471844172,3.3466076114815837,1.4796422428187022,2.1959102871819502,25.099095920380638,2.9138193137047814,2.051600472040997,1.5826494340950417,1.6890928905110794,10.131809396252981,2.504174485066747,4.286733165224306,3.079506730841266,6.768142890297339,10.38893090868181,2.462338675310823,2.774078962528232,2.801360304117756,1.9531538936130208,17.850412691875515,9.322052920790176,7.425342398079546,6.195125468714146,6.775333573990777,6.929955958162489,9.95265917835314,13.544417022200365,10.00967566980856,4.265013233340394,9.461957993868271,-0.0,2.460536303390147,5.245731870024403,8.963312018599302,4.142641602567977,3.1575758063113954,4.237936463785019,5.3903315475045925,10.282264211165643,2.2808433264814405,10.822214850697046,20.298426607554486,20.497702412004745,25.246307085991184,6.151240687130456,14.842934113026404,18.34734958591216,18.014720190096973,15.62992350890916,4.984015398902585,8.359489471448445,10.410101239275832,12.866899794179101
35,3.839690675157887,2.9770315495843005,3.4592960072470094,20.86064572632494,6.995154455492187,4.369671567024126,2.4776902418589413,2.558133723261782,28.27099001326952,4.744218389584383,3.4872072833573413,2.608855253294961,2.1995521802108433,11.791078308882241,2.9517838693506246,2.2543718264543418,2.5740063954223147,4.178265558952854,13.112420049502134,2.7737521157686498,1.5233691955363797,2.963577469013888,2.1445976035724574,17.626436530079644,11.804003519130628,8.504801458716692,6.925743283132995,6.577911559271718,8.149169969412492,11.697027139475251,13.230939094213074,10.114708491614524,2.7350282043345935,12.415982057934055,2.460536303390147,-0.0,3.2331707400311838,6.1533796310913,7.018651599911692,1.6273533967009566,2.493588071746395,3.269406416446399,5.951602561216207,4.939352637875434,6.807631839715753,14.940679481543887,15.356178173903341,19.662990130367902,2.856280366633659,11.084623860269389,13.393252470949875,13.635651162273538,10.975286936113692,2.5311516519264234,5.010640480211567,7.266547503327394,11.047760788073711
36,5.9501007732435,5.569247461936437,5.690647893449565,21.504189270775502,8.672366096149307,5.9340117327259145,4.541116078673452,4.154711151190417,31.149752068934614,7.396614730555481,6.472430816449011,4.393595156624127,3.7889484661410644,14.756722562211007,4.587941691214627,2.0327606973269927,3.5110022515725743,2.347942362338234,16.689716108631316,4.892263697652506,2.886033803448902,4.622689955292051,3.6959775273752538,20.448184201800526,15.799833244578206,9.734696702042939,7.270423302792847,7.000087603697925,9.806187998735767,11.432135524154958,13.723683514523822,11.445258752336349,2.4992588780465597,14.300650531249964,5.245731870024403,3.2331707400311838,-0.0,2.553507608949955,9.180045734682265,1.9075846527917404,1.2254895693770826,0.9540984742229082,2.7652263023458206,7.020847883635004,4.288306794560763,7.660834996155326,8.066158619167851,10.607553551158915,2.383144939091088,6.80068223461729,7.899041460255146,8.312397592297557,6.251038426811447,1.4874452465052113,2.6786314724766824,3.5958914420957573,6.674185892409202
37,9.035741385323336,8.127935358521855,7.78821902699246,27.429400027186826,12.641782120882201,8.822948353864673,7.918774222054147,5.964355698394948,30.941619245471024,10.519547761385814,8.533341677834715,7.5429651348405375,6.362711696711211,16.696285041229086,6.3185660545809,3.8008953351593457,4.9833986253205245,2.301190163977709,17.839526845219616,7.699342108491552,5.439571589307877,6.52222353510123,6.841376998644794,24.346825610477676,18.197922780226936,11.792133742851544,8.577787219530665,8.31249638888597,11.18804877417458,14.741159138626164,15.153446101835982,13.189767094652591,4.661611932441223,17.313347116256054,8.963312018599302,6.1533796310913,2.553507608949955,-0.0,13.27385527538572,4.8524465062431075,2.942846872801038,3.46366588609878,2.6539893150790377,11.440359040343377,3.1251564052926035,4.48317728821648,5.278341678417189,6.819636042724493,4.05666348479777,4.8656362191326865,5.748867583205267,5.9522431360657455,4.790787702244946,3.9110086952943792,3.0699878449451803,3.7737115749407844,4.9086559532343195
