,0,1,2,3,4,5,6,7,8,9,10,11,12,13,14,15,16,17,18,19,20,21,22,23,24,25,26,27,28,29,30,31,32,33,34,35,36,37,38,39,40,41,42,43,44,45,46,47,48,49,50,51,52,53,54,55,56
0,-0.0,2.4928805380962866,4.203726473637532,9.606888878544138,5.976029948670762,2.2929556064616903,3.367398188462574,2.2860659116278885,12.645234511940407,4.980237387657755,4.595598785402327,2.7115095017925506,2.510648490610849,11.37948256138981,5.719802415255265,2.1760190367194556,1.8855028239752207,1.7059955151154376,11.129901565143093,4.173872188144663,4.677773540811268,6.244567606926615,2.392369997225933,32.80766971267904,19.259353615717593,16.881780582623563,22.647934502809022,11.881536001431185,16.517677766506612,18.75281247123829,18.296105368968384,19.475000793783774,3.2380853083944348,15.632680447523695,7.546223625986912,5.246946151069746,6.263376001826163,3.1020658076643874,10.881152981612315,8.218894096004401,7.8968573667493915,8.49845027724684,4.716412605490632,7.690939819028904,7.150691513179607,3.296348367193734,5.458813778727955,7.1811026249347085,5.210818965226995,4.3005556443774475,7.794371675785941,10.216517160177455,4.161313096665481,6.481747839997811,4.545660321320309,6.757722238081688,5.957856089901858
1,2.4928805380962866,-0.0,2.515181104233323,9.404074646188734,4.131165910606794,3.7903301814109227,2.067891253280076,2.5700684052458094,10.815313767945657,6.135684740815571,3.343273536513188,2.31762511707985,3.1701484779622757,12.287700140521526,2.914947206191213,2.1033645504071448,2.9125733374619576,2.495695811455846,10.112147155512,3.2542033013397598,2.877573444327029,3.5973147699961276,3.7042886519925124,21.97878697183727,14.932456040061414,15.432037872909673,16.57736547267109,11.950115870606734,18.64528980361478,15.773435806294273,15.659878093844537,13.408053358053298,2.645498105294095,11.828297773469147,4.920074889240322,3.982995621613979,3.109354494852672,1.9568346278085789,8.489784808222959,5.139749676603972,3.911641507109967,4.753779287073049,2.630699000301386,7.917930942257039,3.965410276079924,3.0435684184485585,2.546498441100354,5.532146497014015,5.6441057180884195,2.551510716827938,4.623493388998853,5.556826960477036,2.817257181711415,3.0603079264606907,2.649306214138396,4.651143938215217,3.2307221593402695
2,4.203726473637532,2.515181104233323,-0.0,8.109887858949042,3.295726120954794,4.020405532381182,1.591099968358285,2.8250184365773565,8.314094160129503,4.91017512334482,2.9415903409030415,2.606410928118617,2.706830643310776,8.930678760048519,2.9259101997376518,2.4228784652905984,3.406560043379613,2.3581822467649896,7.612791419510699,4.025791564850801,2.7495135955495162,4.254226335378529,3.479859672671367,23.508789268754242,17.63775257312177,20.216894597711693,13.744124252860933,12.071084628186478,15.450188499962762,16.489596562333706,18.576561239220855,11.146880321366972,3.8229246778812613,9.085941580458659,3.860323623128594,6.627873637598188,4.949251398946609,3.2440446877676132,8.037297284253167,6.396482694678213,5.506194013936128,4.758470093657918,4.199490549254071,9.239602337385088,3.4689633626022554,4.242905443504731,5.314030582093582,10.401787910259921,6.103923176924378,5.677010480753713,9.3727585852485,9.413886143978361,5.282002032776736,4.040034768782768,3.7105702829718017,8.448881600404645,6.0879473122837275
3,9.606888878544138,9.404074646188734,8.109887858949042,-0.0,6.775512525956379,12.015539706843406,8.208756317392224,10.62988904570227,3.1714167780160043,8.323213577732457,7.221944195581844,6.214251681680362,7.688012931561616,7.088676807614175,9.374758674822518,12.413609289010274,11.085070896038633,8.566121894611017,4.611113539414548,6.411743988357956,6.021464416876636,5.7858362016453295,6.767220366804568,15.643877446153512,12.423870612618082,13.095230333214777,13.136431388365159,9.430517197968292,20.118845634135713,12.610714744903666,13.55032588476213,7.733459511279807,8.864300314342053,4.4420080380266915,6.651350276895383,6.857501999829915,8.259255771285092,8.210687484040339,4.883072341596856,6.018282885830467,7.8180426080214716,7.600890577650634,9.931345684494291,5.7636834160484165,7.2207148781046575,6.576803482643561,9.78687336306058,12.217071225324446,15.410021725178577,11.596996378396847,12.95138940690937,13.268049556029734,9.113210281409456,7.421954439089683,8.035299709525843,9.492112537840821,10.062227576724107
4,5.976029948670762,4.131165910606794,3.295726120954794,6.775512525956379,-0.0,4.775144817469875,2.806312856634318,3.604619643984921,6.385318864417622,2.4683940317441673,1.565555656283026,4.036252910147565,4.817247288355036,4.095554984171182,2.011944457318821,3.8237417964756153,4.199748914075964,5.160100496862917,5.046821395889266,1.971428491796409,2.806712456552515,3.4461231927343716,5.081937750758145,25.665517030592433,11.368477577221217,13.5670416673848,12.806776874485447,10.064245835231576,13.76179594535135,13.052297585970708,12.720065542195828,11.561853539041124,4.640306442224456,6.322543451186158,3.4217265932860403,3.2636581029980296,4.3320264963214195,5.025914498717347,4.531882024571924,3.310566406896264,3.747742038165073,5.146117241864397,4.093467387134164,6.296397401739361,2.9440607942453445,4.71023390887666,5.917753616306579,12.17283603646402,4.666611510765961,6.570461595114329,11.727684757875775,12.544169690853627,6.596644520515223,2.2880597416926576,4.46525476763481,9.368125353303524,7.713952779066076
5,2.2929556064616903,3.7903301814109227,4.020405532381182,12.015539706843406,4.775144817469875,-0.0,3.626578261192965,3.507473640726405,12.289240586334335,3.1504415829330017,3.427865504470877,3.0786617296266616,4.022338121195003,6.248354582385996,5.416523135792331,2.1225273666044573,2.7370176206009793,2.483318108358202,8.865146483022546,3.8809129790965087,4.142767023054733,6.497425771934597,3.358843623669598,34.595349993999825,15.85616416145985,17.782193335893588,19.96420080525448,12.43152816575371,11.974455429569364,16.614153326284285,15.55369250564601,20.139047636029883,5.340965709283002,12.499072083169535,6.7858447654700464,6.271096249980563,5.91204583759525,4.281586776794516,9.904763562321317,6.65563610388329,7.51068527149929,7.397528799928546,4.654514883943303,8.609760029424518,5.655178760758707,5.091874270089772,6.899316769331284,11.138836633361558,3.7927197971509212,5.661296934175367,11.413033194315846,12.48200166923506,6.421125709311407,6.003932052943989,5.622140098191038,9.42511373370174,7.84174842223722
6,3.367398188462574,2.067891253280076,1.591099968358285,8.208756317392224,2.806312856634318,3.626578261192965,-0.0,3.3466151104641213,9.589920583002497,4.183613474447291,2.028975135659777,1.8245825670570373,2.998396338479136,8.877173031826038,2.6619435083918437,2.9533923592914673,3.5358794421180813,2.367764393557289,8.36896348267473,2.840025052343246,2.173062318544137,2.861045052086751,3.0317548059866533,21.373904728827714,16.317858359698626,17.325688133894744,14.161626575717882,11.224411151922967,16.301951729409243,14.429288921687524,16.58266039326274,12.46258330191868,2.8048048323459387,9.119089261822655,3.6371596028897115,4.379382325285975,3.6582380407181083,2.7664805320894614,7.707938099892966,4.853366784868783,4.191782230577923,3.9847680784979014,3.2377820425353576,6.630719761690795,3.0447613921970715,3.7599221827849254,4.17792700432963,9.129339386060103,4.701112762188945,4.574591150013534,8.256738892763492,8.882608226730056,4.442734273557112,2.8424255058515833,2.5041236620357523,7.141253518410322,5.298030508999898
7,2.2860659116278885,2.5700684052458094,2.8250184365773565,10.62988904570227,3.604619643984921,3.507473640726405,3.3466151104641213,-0.0,9.462650913230389,4.586367242976689,3.3768162739168326,2.9352293968239427,1.8031873960601477,9.929759524998412,3.755741005102506,1.664191931956815,1.346306017456661,1.76668668967237,7.604215440143547,3.359862073130426,5.272620368254106,6.103510696648725,3.3360353139905294,33.947612609878334,13.903625963848036,15.651182528484046,16.73545822650872,12.02273731192789,15.771483661920225,15.611678837985254,15.123336524657606,16.785585602593887,3.7880099346647618,11.336351701024373,6.358822621000719,4.9578818406485325,4.572673713025729,2.2918390019264945,8.469949922381277,5.682316338287399,4.943398147630383,8.761424228757159,4.210320777620626,10.876242611154794,4.870054718138418,4.425689894008329,4.497901401987163,7.712446766635049,5.873053745868572,3.706982490628909,7.421798028424814,8.460873764203214,3.755412084901461,3.637127053223074,4.39299593486821,6.926612788421284,5.266011590389664
8,12.645234511940407,10.815313767945657,8.314094160129503,3.1714167780160043,6.385318864417622,12.289240586334335,9.589920583002497,9.462650913230389,-0.0,10.228695056112475,8.2835087969625,7.985647581947642,9.405919750616563,6.767999488868647,9.156509974129516,10.268668642471361,9.975966793405378,10.687652136904351,2.8607408172731215,7.058093061920137,8.153465735120315,7.97029970665328,10.661466143690184,16.640124076728362,16.41430158666246,15.063667601567996,13.32969079807366,10.804116121988201,16.60140141439873,15.263435461086791,16.42859132160349,9.106832096434081,12.854701145795083,5.540198568895237,9.195187367384332,7.899795327974593,11.893241766030828,10.31539815463127,6.131909033466041,8.347534751112903,9.846585488600489,10.312234949279551,9.585144486599818,8.543635029405793,9.283424809706617,8.56640129355914,11.177051620403308,14.088880354678452,20.091713897894405,11.883316765014985,13.480084466609526,13.197243122296266,10.601826128136818,8.594230674594984,8.47178702343444,11.936507256572751,11.993715106031818
9,4.980237387657755,6.135684740815571,4.91017512334482,8.323213577732457,2.4683940317441673,3.1504415829330017,4.183613474447291,4.586367242976689,10.228695056112475,-0.0,2.2561526730192227,3.36355955695308,5.092802962780393,3.0255205423994798,4.352061540791551,5.333518370554341,5.11087204860783,4.0360272173509495,6.865592244805201,2.42165263135036,3.055720535447363,4.665761034670455,2.579915866700824,32.36032469384325,13.08339982939693,14.876568543979428,16.27258313814603,10.381663596242852,13.2430400632901,13.797130181002649,13.187663671195976,14.958535233718377,6.178462572810868,8.477002134092043,5.2156682337364755,5.778748018605179,6.898885800620176,5.6919719907768815,6.284640091970484,4.7700400967758245,6.328740810899106,6.801232613153462,5.341083073335392,5.299757615307883,4.761015924707901,5.023719973315878,7.705920628044434,13.980251016683198,2.9964468603641086,8.672344551173595,13.961555181850375,15.218941850268779,8.338883322785858,4.634144443561923,6.132785910728326,11.36750194642512,10.361791604321986
10,4.595598785402327,3.343273536513188,2.9415903409030415,7.221944195581844,1.565555656283026,3.427865504470877,2.028975135659777,3.3768162739168326,8.2835087969625,2.2561526730192227,-0.0,2.9921924082550375,3.7557232069039186,6.988383636358767,2.3170668351549404,3.346297556404881,3.659945445763993,3.2685847728169395,6.716954732325923,1.5247326478965044,1.3985862710061667,2.6629371116693665,3.290339806928535,27.318374984493605,10.809859447535835,13.770872277116677,13.448913317605445,10.333754813836983,15.813012559885541,12.243435702093029,12.716031584944144,12.299927961846462,3.570040418275307,8.172829987072078,3.0191806537767647,3.2398233191215775,3.3791118314366866,4.093849056847868,5.749853117173812,2.936996993939414,3.5307126789938303,4.292200285229089,3.5188279842411117,5.33418457576655,2.8837923389295215,3.662760171180803,5.9117474478539815,12.520482827507843,4.429650290404153,5.447066832281519,12.131174680755354,12.605341318103633,6.137156914142753,2.1590003419085058,3.674426697067888,9.385480002590114,7.292104550860679
11,2.7115095017925506,2.31762511707985,2.606410928118617,6.214251681680362,4.036252910147565,3.0786617296266616,1.8245825670570373,2.9352293968239427,7.985647581947642,3.36355955695308,2.9921924082550375,-0.0,2.2633435230793637,8.828172015218783,3.4710577186123475,3.109739029106081,3.017243318929829,2.3577966624987887,7.730385161757145,2.3722023147993605,2.111326174639488,3.1319039179243977,2.3008011674083253,17.374351734472693,17.431418556411526,14.7709055450687,18.206582594996604,10.513741817335928,14.902712627899476,17.44828168167671,16.406137301181964,12.381680338137663,3.270340244646697,12.003530018094521,4.2156017729905795,4.2605060863897855,4.348686640594017,2.9439712861973883,7.071548622756572,5.974582120717735,4.756331400444472,5.5019527176443646,3.3800022246824533,6.031727567769404,5.283891809672303,2.619626614604038,4.626898580769872,9.290804343466451,5.173431125164572,4.359015249367661,8.86895406025997,10.260315334611283,4.886949108520535,3.7183673774276795,2.8867856165507453,7.361530827962327,6.093682498831299
12,2.510648490610849,3.1701484779622757,2.706830643310776,7.688012931561616,4.817247288355036,4.022338121195003,2.998396338479136,1.8031873960601477,9.405919750616563,5.092802962780393,3.7557232069039186,2.2633435230793637,-0.0,11.633583057766206,4.265510251196399,2.959110937622059,1.999925663327425,1.5563606210009218,8.863297677330337,3.5953973612373877,4.666657134804647,4.171438122198455,2.1526527362486947,23.106522690232435,16.62006662019401,14.779751327667809,17.246734202667856,10.794856505867804,17.401851032024943,16.723573035947254,15.978905190200042,12.521393502288442,3.2874512150672683,12.989933490853508,5.293876012840962,5.1990239833891225,4.965442452617738,3.4208298443521508,8.121890436631988,6.256781212083393,5.105419956369448,8.604272302396879,4.397922087765684,9.511252740297545,5.889957976142558,4.468156973074138,6.113309068856953,12.243802787191955,6.6635186016288905,5.048871948504531,11.579065935583166,12.273875891531784,5.549086983671355,4.264519920076891,4.108564960368934,9.44121534588285,7.320337175429329
13,11.37948256138981,12.287700140521526,8.930678760048519,7.088676807614175,4.095554984171182,6.248354582385996,8.877173031826038,9.929759524998412,6.767999488868647,3.0255205423994798,6.988383636358767,8.828172015218783,11.633583057766206,-0.0,7.538229231572365,10.299137527666717,11.43776464939216,9.44028131694481,3.93971204697722,6.389458429858525,7.254776418474407,8.41123195263174,7.717226959043862,27.35498936108638,13.865567688428449,13.836710650407477,12.395976325764213,11.337539384669194,13.673454642901424,12.253562815661073,11.796839927718118,10.951604227570526,12.791373121043677,5.247407895350196,9.80929995686549,11.152306991849615,13.385523666344639,10.325075954729629,3.9777805918972198,8.649473077113809,11.304982765217382,10.753126215712204,9.279222497305643,5.897925870920527,8.468102251381103,9.985278036134613,10.401942443108236,15.51670802652098,4.869261540551309,15.240310411283389,15.600194502996375,18.537391184250087,13.27274160663374,9.520014896875818,11.357081474061507,14.185813095702931,15.990840147338066
14,5.719802415255265,2.914947206191213,2.9259101997376518,9.374758674822518,2.011944457318821,5.416523135792331,2.6619435083918437,3.755741005102506,9.156509974129516,4.352061540791551,2.3170668351549404,3.4710577186123475,4.265510251196399,7.538229231572365,-0.0,2.98512843021113,4.086191602427187,4.521507481614407,8.199574349657096,1.8714441464081966,3.0806139625898337,4.255945542809178,5.58085097012126,20.928909588215717,14.216729895994051,16.888100946540483,14.037092377249511,10.615427932762755,14.665847920280022,16.053324949578155,15.955962803697355,10.486292732861097,5.325893714941815,10.044370202261174,2.864861694530985,4.528921302379489,3.6457082080086547,4.402645557140432,5.882046089692591,4.461737543356459,4.04491937654975,5.623390335716679,3.670651526414453,9.366291833130958,3.347529401584225,5.366785098740236,4.9040501459822,11.71059351465794,4.050711336510545,5.2565195638338995,10.59739656067971,11.24848785196484,6.21847918039028,2.52112287345627,4.306126726179048,8.480224634580795,6.3970099483482254
15,2.1760190367194556,2.1033645504071448,2.4228784652905984,12.413609289010274,3.8237417964756153,2.1225273666044573,2.9533923592914673,1.664191931956815,10.268668642471361,5.333518370554341,3.346297556404881,3.109739029106081,2.959110937622059,10.299137527666717,2.98512843021113,-0.0,1.3775517252854703,2.4502320405010836,8.984855992411957,3.350253361652854,4.109242084783097,6.453678039726937,4.497055267876648,28.9618155163248,14.373092764837756,17.357991056760312,15.803858563488935,11.89011199101362,15.510635626003372,16.45512274585711,16.569269305488255,14.882122288485512,5.567933723996399,11.936435648430368,5.484114637170009,5.747837569678498,4.448916969379625,2.7073681137541863,8.421118551696384,6.044099140056541,5.25002550001562,6.3960230307480455,3.5153632453535524,10.682533775773688,4.488957254572756,4.9222115942699975,4.490474610896119,9.00415370553841,4.843944506123367,3.5872162037471678,8.238543895305126,8.804418006045431,4.854190144715805,3.628163819099573,4.813609435378236,7.564626612351968,5.385804799276691
16,1.8855028239752207,2.9125733374619576,3.406560043379613,11.085070896038633,4.199748914075964,2.7370176206009793,3.5358794421180813,1.346306017456661,9.975966793405378,5.11087204860783,3.659945445763993,3.017243318929829,1.999925663327425,11.43776464939216,4.086191602427187,1.3775517252854703,-0.0,2.2152404853473846,8.446582989265103,3.4533630874198176,5.324660974799253,6.592316450500882,3.3856881070876947,34.853179391813704,15.696001760788354,15.343354168100118,18.52608374253008,13.140186845504724,17.273450871212674,17.19406006098886,16.715468029707957,18.573558411493305,4.119443798132293,14.004920314388489,6.759178692678156,5.1997580708272055,5.268921385244838,3.4942784896224928,9.045697082355707,6.695753292912025,5.718533527781656,8.870120147496262,4.8570437920111775,10.074987419446789,5.827845171064673,4.815220231459975,6.019712913094673,11.684198970822859,6.086982052367367,4.63404779400982,11.117121549545459,12.12411710391655,5.55059765020404,4.399070616397579,4.974900135079156,9.428652880288851,6.985819704105989
17,1.7059955151154376,2.495695811455846,2.3581822467649896,8.566121894611017,5.160100496862917,2.483318108358202,2.367764393557289,1.76668668967237,10.687652136904351,4.0360272173509495,3.2685847728169395,2.3577966624987887,1.5563606210009218,9.44028131694481,4.521507481614407,2.4502320405010836,2.2152404853473846,-0.0,8.950989069778847,3.350714335617625,3.1903438506292283,3.6499305065379315,2.1190760031176277,21.419849495566954,16.626911643932978,17.05925621557616,17.987731019719508,11.280492885115038,15.413267533222019,17.054630131795577,17.699328738824022,14.076891859104467,3.0791353554928764,11.776523425161013,5.616392724184156,5.883982718395634,5.016413175941788,2.485912822550553,9.459985889241846,6.246850339485516,6.44033729288629,6.893708565302981,3.319417294014682,8.185012508235802,5.493909941977679,3.807734296862311,5.449913915616244,7.964765497588223,5.274040910818756,4.3824561368812756,8.229830825696995,8.815095826682532,4.209603270659292,5.26754746535216,3.7021841839942145,6.622680035066299,6.02987269568883
18,11.129901565143093,10.112147155512,7.612791419510699,4.611113539414548,5.046821395889266,8.865146483022546,8.36896348267473,7.604215440143547,2.8607408172731215,6.865592244805201,6.716954732325923,7.730385161757145,8.863297677330337,3.93971204697722,8.199574349657096,8.984855992411957,8.446582989265103,8.950989069778847,-0.0,5.886225696755634,6.799326500070109,7.388298616211735,8.810955726992944,28.27226220729777,12.673184642360992,14.037031427900054,13.98108057219725,11.633452124168606,15.142166135422952,13.67669447087612,14.309902123888696,13.128378313096242,11.496892638273582,5.735781301364661,8.672382494556322,7.363149874246871,11.107617807059844,8.757280125616932,5.670557083809622,7.451499184642618,9.106369690762282,9.70369050187203,7.859276911010731,7.727739797114988,8.23972338755728,7.1829677440361515,10.152286011772626,12.772244500518932,16.255131792689234,10.62040862150577,12.932894198733287,12.841967888873587,9.430605721506591,7.6644500373115285,7.8619111829672494,11.405569544912343,11.73116607184866
19,4.173872188144663,3.2542033013397598,4.025791564850801,6.411743988357956,1.971428491796409,3.8809129790965087,2.840025052343246,3.359862073130426,7.058093061920137,2.42165263135036,1.5247326478965044,2.3722023147993605,3.5953973612373877,6.389458429858525,1.8714441464081966,3.350253361652854,3.4533630874198176,3.350714335617625,5.886225696755634,-0.0,1.5395798078119465,2.6378107603491703,3.1847616238371597,21.37634863450796,11.403769745924201,14.443139374919818,14.011891690726195,10.566543382207138,14.604153167668654,13.810202474782528,13.918423318552048,11.866645935836164,3.783996184308901,8.42562323999892,2.5418673556434475,3.398773885341503,3.128175143254438,3.3342882237291627,5.3172789870736725,3.38049288726844,3.438401758105642,4.362294389593361,3.2172744016081993,6.482914338206202,3.1380482888204555,3.7716918880793364,4.510168279374094,9.369303249873472,4.937356253269203,4.597574139210782,9.108670949434748,9.8914570355824,5.085260390711919,2.0423524201003467,3.096173225893928,7.037795473097555,5.896850679366731
20,4.677773540811268,2.877573444327029,2.7495135955495162,6.021464416876636,2.806712456552515,4.142767023054733,2.173062318544137,5.272620368254106,8.153465735120315,3.055720535447363,1.3985862710061667,2.111326174639488,4.666657134804647,7.254776418474407,3.0806139625898337,4.109242084783097,5.324660974799253,3.1903438506292283,6.799326500070109,1.5395798078119465,-0.0,2.391776054876197,3.444399377892118,19.434202949650146,12.492609162022953,15.895300927179205,15.338490171115573,10.33451935668262,15.595966265453574,13.635985024920984,13.228549177721925,12.156710990387682,4.301438806159701,8.669094337481067,2.775482239693181,3.9880039469084254,2.9258708332327847,3.6235185068747273,6.451515929489881,3.295423718722328,3.96679730249034,3.392418830600573,3.166889461111232,5.880470273786716,2.7707614364830793,2.7398732399457795,4.696816321846529,9.316744268051853,4.871016234547376,4.953854452295081,8.912438911615174,9.489836648464925,5.454424533264776,3.138257630209044,2.9706346323016954,6.719930109865306,5.676047766341018
21,6.244567606926615,3.5973147699961276,4.254226335378529,5.7858362016453295,3.4461231927343716,6.497425771934597,2.861045052086751,6.103510696648725,7.97029970665328,4.665761034670455,2.6629371116693665,3.1319039179243977,4.171438122198455,8.41123195263174,4.255945542809178,6.453678039726937,6.592316450500882,3.6499305065379315,7.388298616211735,2.6378107603491703,2.391776054876197,-0.0,5.018923047175792,15.46210178936521,12.279232584490048,13.19208708110026,13.527716118647296,10.426887026712878,17.495994992417444,12.672073513342749,12.785270993629801,11.242877527818857,4.643484148337406,8.07231801511474,2.89702008044007,2.0045683111240127,2.6071938271561677,4.132387508874131,5.510482607251669,2.395139436557529,2.643513132344648,4.3497298669736,3.073241505002079,5.644671846960812,2.425768783029407,3.9974546548072776,3.615299637528664,8.986163510248865,5.7103827800149185,4.795539947419098,7.234225325484762,8.028381469805733,5.699906461507944,3.5938867383521753,2.5185363039686526,5.397341063577951,5.13838043924534
22,2.392369997225933,3.7042886519925124,3.479859672671367,6.767220366804568,5.081937750758145,3.358843623669598,3.0317548059866533,3.3360353139905294,10.661466143690184,2.579915866700824,3.290339806928535,2.3008011674083253,2.1526527362486947,7.717226959043862,5.58085097012126,4.497055267876648,3.3856881070876947,2.1190760031176277,8.810955726992944,3.1847616238371597,3.444399377892118,5.018923047175792,-0.0,28.517612979070524,16.918635574822652,16.19469481368357,19.847730113386742,10.953020494517117,14.859575255763787,17.278148783906705,17.3449984230939,15.353039145403034,3.459404986329902,12.703509794208667,5.891519935125753,5.411398165044572,5.676924490765321,3.9448492177803693,8.789306329021453,6.757790452074251,6.90115417164523,7.517578877138666,5.219659116560042,6.712616784864928,6.251091958334251,3.5875834903618444,6.9559991682139986,11.286336602811486,4.800806168827191,6.195218996406834,11.734635528086258,12.888687394367055,5.867800047817472,5.613835611986697,4.716268857417749,9.121322573067557,7.933810337571789
23,32.80766971267904,21.97878697183727,23.508789268754242,15.643877446153512,25.665517030592433,34.595349993999825,21.373904728827714,33.947612609878334,16.640124076728362,32.36032469384325,27.318374984493605,17.374351734472693,23.106522690232435,27.35498936108638,20.928909588215717,28.9618155163248,34.853179391813704,21.419849495566954,28.27226220729777,21.37634863450796,19.434202949650146,15.46210178936521,28.517612979070524,-0.0,15.267590827013832,18.145634033930637,16.998488648980796,20.593358132614103,37.29730159721032,15.710608603908716,20.236450105923044,20.038627460482875,31.48714858146837,17.749210310577002,18.935330299061242,21.286622183896114,24.501314729335938,27.26023301893849,20.41988113887886,21.771461098755168,26.029963998479477,18.569319626256263,22.859161873092884,18.80876484438607,22.551950263064867,26.448246613754815,20.2067303857988,33.50498823203852,31.994149419742257,29.942339025156087,20.126348319578966,23.00125309034021,32.110018886581344,29.952702256336348,18.70795890268071,16.274924590615484,21.500148164866005
24,19.259353615717593,14.932456040061414,17.63775257312177,12.423870612618082,11.368477577221217,15.85616416145985,16.317858359698626,13.903625963848036,16.41430158666246,13.08339982939693,10.809859447535835,17.431418556411526,16.62006662019401,13.865567688428449,14.216729895994051,14.373092764837756,15.696001760788354,16.626911643932978,12.673184642360992,11.403769745924201,12.492609162022953,12.279232584490048,16.918635574822652,15.267590827013832,-0.0,8.492387792818059,8.032404415826734,9.469262271775287,30.785343100230183,7.804996602281363,7.826470824863657,17.73353917792125,13.923508121207384,11.280403465593286,11.603897849708835,10.53647531368638,9.360406452063081,11.674275153395257,8.674003375088242,8.616393815314405,9.623264361432419,11.593633516099546,14.089847525957868,9.986530816054232,11.992330223087464,15.875339343720983,13.535288612284932,13.809165927034034,14.270698060114121,11.52563711049512,14.733111892763201,15.447247250706408,12.532457430196999,10.876896758536766,13.47451239070073,10.74756519668292,11.23351632435842
25,16.881780582623563,15.432037872909673,20.216894597711693,13.095230333214777,13.5670416673848,17.782193335893588,17.325688133894744,15.651182528484046,15.063667601567996,14.876568543979428,13.770872277116677,14.7709055450687,14.779751327667809,13.836710650407477,16.888100946540483,17.357991056760312,15.343354168100118,17.05925621557616,14.037031427900054,14.443139374919818,15.895300927179205,13.19208708110026,16.19469481368357,18.145634033930637,8.492387792818059,-0.0,3.3782044510336013,5.581627535991894,24.357572501733642,3.322444060002905,2.9528447001333107,15.060040472378011,15.619845469989954,11.990934182698007,14.671990966635846,11.075243849450764,13.823135823979866,16.354343552370704,9.501667013464985,12.231645644215392,12.411971844383535,15.175971712941521,14.81309374107918,9.716869580185909,14.20581758704981,15.49663549038146,15.541400688740788,22.524189070674232,18.191088033474667,15.903242782454413,21.635271675412348,24.255505586401668,15.993844150406618,14.611301645679362,14.152373748036183,18.23067971864443,16.810472931898545
26,22.647934502809022,16.57736547267109,13.744124252860933,13.136431388365159,12.806776874485447,19.96420080525448,14.161626575717882,16.73545822650872,13.32969079807366,16.27258313814603,13.448913317605445,18.206582594996604,17.246734202667856,12.395976325764213,14.037092377249511,15.803858563488935,18.52608374253008,17.987731019719508,13.98108057219725,14.011891690726195,15.338490171115573,13.527716118647296,19.847730113386742,16.998488648980796,8.032404415826734,3.3782044510336013,-0.0,6.453478597446682,24.484591914481936,2.2781173001658463,3.539578689540457,10.000792167902746,16.794530496706223,10.034319725761176,11.114604822171287,13.785452418699514,12.374647640257193,14.878642121406251,9.010212543470413,11.902919969064495,11.868551619366892,11.48304622422619,16.630692182484896,12.171974954154404,13.114933350149743,20.463153710395925,15.497897677734239,22.499296084503495,15.545357928313313,16.07133005636414,20.77214452623338,18.916393792969885,15.887067739708959,14.231346128645614,14.397203733588116,16.485177523944415,15.549945714573862
27,11.881536001431185,11.950115870606734,12.071084628186478,9.430517197968292,10.064245835231576,12.43152816575371,11.224411151922967,12.02273731192789,10.804116121988201,10.381663596242852,10.333754813836983,10.513741817335928,10.794856505867804,11.337539384669194,10.615427932762755,11.89011199101362,13.140186845504724,11.280492885115038,11.633452124168606,10.566543382207138,10.33451935668262,10.426887026712878,10.953020494517117,20.593358132614103,9.469262271775287,5.581627535991894,6.453478597446682,-0.0,16.31995341834072,5.728232630773712,5.0260699901311465,8.929494465059559,13.000590971907192,9.483971354063037,8.756275003107682,9.004749182753113,10.434488364923677,10.649783658155211,7.771523727175993,8.695854655425876,9.944299178817452,9.203894651622868,10.50923310154971,7.944699983834437,8.83801459909826,10.669346435576166,11.233500465199556,14.561648641051121,12.510760106045922,12.154487800069065,13.97863508540354,14.427307881823792,12.662484292180093,9.556557212304313,9.120242525022007,12.121501548950212,10.54482626048703
28,16.517677766506612,18.64528980361478,15.450188499962762,20.118845634135713,13.76179594535135,11.974455429569364,16.301951729409243,15.771483661920225,16.60140141439873,13.2430400632901,15.813012559885541,14.902712627899476,17.401851032024943,13.673454642901424,14.665847920280022,15.510635626003372,17.273450871212674,15.413267533222019,15.142166135422952,14.604153167668654,15.595966265453574,17.495994992417444,14.859575255763787,37.29730159721032,30.785343100230183,24.357572501733642,24.484591914481936,16.31995341834072,-0.0,26.84090879420256,25.620791733413984,23.519501213987855,20.890074772626775,20.750142578728106,17.602517227776378,20.10154415763632,21.29481004297675,16.74099388035304,15.383187593643378,19.80877158855464,20.036631702147073,19.54774284604612,15.451129719421395,18.943715937247564,16.96402816233026,16.55694350013829,16.259436314819293,21.57916677221536,13.689762808040358,21.13226714023507,21.164793066916832,24.910451723604538,19.808803855303076,18.48830169311976,18.79234022704329,21.24990197321976,22.13810074643956
29,18.75281247123829,15.773435806294273,16.489596562333706,12.610714744903666,13.052297585970708,16.614153326284285,14.429288921687524,15.611678837985254,15.263435461086791,13.797130181002649,12.243435702093029,17.44828168167671,16.723573035947254,12.253562815661073,16.053324949578155,16.45512274585711,17.19406006098886,17.054630131795577,13.67669447087612,13.810202474782528,13.635985024920984,12.672073513342749,17.278148783906705,15.710608603908716,7.804996602281363,3.322444060002905,2.2781173001658463,5.728232630773712,26.84090879420256,-0.0,2.3453946073635645,12.797577869106627,14.862530618234258,10.083905606883713,12.845722901575503,11.58872962768788,11.709028957384618,14.111954088925714,9.77006791292753,10.775826028865898,11.29931573740504,11.779030243803078,13.895872779801913,10.977185176370206,12.506651953185493,15.676105542192117,14.36542968115982,16.39949487790034,16.813798262108754,14.381390752262556,16.944493639305755,17.110425331249857,13.617804473280916,13.331938614582558,13.767668567522366,13.478790966569765,14.005778417647907
30,18.296105368968384,15.659878093844537,18.576561239220855,13.55032588476213,12.720065542195828,15.55369250564601,16.58266039326274,15.123336524657606,16.42859132160349,13.187663671195976,12.716031584944144,16.406137301181964,15.978905190200042,11.796839927718118,15.955962803697355,16.569269305488255,16.715468029707957,17.699328738824022,14.309902123888696,13.918423318552048,13.228549177721925,12.785270993629801,17.3449984230939,20.236450105923044,7.826470824863657,2.9528447001333107,3.539578689540457,5.0260699901311465,25.620791733413984,2.3453946073635645,-0.0,14.017754668463196,15.019431553526513,10.831087405479748,12.654387881228578,10.757028344940531,11.157175306408966,14.082541279954546,8.502627506032109,10.482630754242539,11.100877004649194,12.027377045094358,14.392046215346364,10.238589236536459,13.249293826835453,14.479998972539983,14.492068168017685,18.049136181597788,13.283090914928502,13.898794292737472,18.754532076485717,19.986779893767284,14.941615929479216,12.674411770670181,14.224520391632336,15.92970211845129,14.450239881633006
31,19.475000793783774,13.408053358053298,11.146880321366972,7.733459511279807,11.561853539041124,20.139047636029883,12.46258330191868,16.785585602593887,9.106832096434081,14.958535233718377,12.299927961846462,12.381680338137663,12.521393502288442,10.951604227570526,10.486292732861097,14.882122288485512,18.573558411493305,14.076891859104467,13.128378313096242,11.866645935836164,12.156710990387682,11.242877527818857,15.353039145403034,20.038627460482875,17.73353917792125,15.060040472378011,10.000792167902746,8.929494465059559,23.519501213987855,12.797577869106627,14.017754668463196,-0.0,16.164375014268014,9.412055772931184,9.114395182387991,12.597386452090525,11.64386797758988,11.975499324904785,8.715018319911644,9.664322853578645,11.827506426325543,10.73913681321471,16.503105001608876,10.411022869550136,11.063685037465765,17.57124779283047,13.201846512116674,19.44230483198168,16.3290646260175,16.03524221162344,15.91262151457432,15.481673425356867,16.73476590857585,11.575613022794325,11.111078473489476,13.924471353063232,12.22020830347921
32,3.2380853083944348,2.645498105294095,3.8229246778812613,8.864300314342053,4.640306442224456,5.340965709283002,2.8048048323459387,3.7880099346647618,12.854701145795083,6.178462572810868,3.570040418275307,3.270340244646697,3.2874512150672683,12.791373121043677,5.325893714941815,5.567933723996399,4.119443798132293,3.0791353554928764,11.496892638273582,3.783996184308901,4.301438806159701,4.643484148337406,3.459404986329902,31.48714858146837,13.923508121207384,15.619845469989954,16.794530496706223,13.000590971907192,20.890074772626775,14.862530618234258,15.019431553526513,16.164375014268014,-0.0,12.246031226594578,5.380791112867901,4.260438653444156,3.3489073249431165,2.736619097199386,8.354444638110774,4.815351727312733,3.7538186741313098,6.492341781365269,4.163374846836153,8.26744120248155,4.148285554177121,3.347586061902731,4.111537897553567,6.689455731547909,5.843203657329672,3.826313783132112,6.23461351593487,7.0115332219331465,3.0325971351861143,3.5422733872790086,3.5019428287693293,5.2364021006464085,4.334680804962468
33,15.632680447523695,11.828297773469147,9.085941580458659,4.4420080380266915,6.322543451186158,12.499072083169535,9.119089261822655,11.336351701024373,5.540198568895237,8.477002134092043,8.172829987072078,12.003530018094521,12.989933490853508,5.247407895350196,10.044370202261174,11.936435648430368,14.004920314388489,11.776523425161013,5.735781301364661,8.42562323999892,8.669094337481067,8.07231801511474,12.703509794208667,17.749210310577002,11.280403465593286,11.990934182698007,10.034319725761176,9.483971354063037,20.750142578728106,10.083905606883713,10.831087405479748,9.412055772931184,12.246031226594578,-0.0,9.760357397836511,9.271964669066294,10.83322928859487,9.264534660726289,4.191261659266961,7.3136936596898785,8.997148502972511,8.28218754245386,9.786919141497657,5.903971870682805,7.42373379526447,11.82014448742831,8.511264466701771,10.465464985753965,11.47767789726228,11.698522050010848,9.31599127326663,9.02734612282376,9.451968915992419,8.778358916757613,9.1066534711322,7.972647846386336,9.937077166370884
34,7.546223625986912,4.920074889240322,3.860323623128594,6.651350276895383,3.4217265932860403,6.7858447654700464,3.6371596028897115,6.358822621000719,9.195187367384332,5.2156682337364755,3.0191806537767647,4.2156017729905795,5.293876012840962,9.80929995686549,2.864861694530985,5.484114637170009,6.759178692678156,5.616392724184156,8.672382494556322,2.5418673556434475,2.775482239693181,2.89702008044007,5.891519935125753,18.935330299061242,11.603897849708835,14.671990966635846,11.114604822171287,8.756275003107682,17.602517227776378,12.845722901575503,12.654387881228578,9.114395182387991,5.380791112867901,9.760357397836511,-0.0,3.9237300883639854,2.9926606812548906,5.023619867739509,4.702243159034808,2.713092240637626,3.0568138775668277,2.8920846855245887,5.230236933449605,5.398088339806915,2.744823250970143,5.644890237905875,6.371050764789208,13.978030111989302,5.3686185985712696,6.253407649405296,12.883714115500364,12.842525863792844,7.320294629935024,3.2010600169325696,3.888082055522029,9.624414102022333,7.179216548896914
35,5.246946151069746,3.982995621613979,6.627873637598188,6.857501999829915,3.2636581029980296,6.271096249980563,4.379382325285975,4.9578818406485325,7.899795327974593,5.778748018605179,3.2398233191215775,4.2605060863897855,5.1990239833891225,11.152306991849615,4.528921302379489,5.747837569678498,5.1997580708272055,5.883982718395634,7.363149874246871,3.398773885341503,3.9880039469084254,2.0045683111240127,5.411398165044572,21.286622183896114,10.53647531368638,11.075243849450764,13.785452418699514,9.004749182753113,20.10154415763632,11.58872962768788,10.757028344940531,12.597386452090525,4.260438653444156,9.271964669066294,3.9237300883639854,-0.0,3.415938692277192,5.44196897701863,6.007234297456008,2.11039050929037,2.9962691898386615,4.350518327246937,2.8125207637364444,4.750635181330549,2.3674767253903033,3.435369797260915,3.8780413642575344,8.914306311345046,7.832997924301829,5.673239021458631,7.899474964336884,9.443804082448196,4.864570574651128,2.99947005862862,3.0763385078616245,5.883295353129048,5.208832880583265
36,6.263376001826163,3.109354494852672,4.949251398946609,8.259255771285092,4.3320264963214195,5.91204583759525,3.6582380407181083,4.572673713025729,11.893241766030828,6.898885800620176,3.3791118314366866,4.348686640594017,4.965442452617738,13.385523666344639,3.6457082080086547,4.448916969379625,5.268921385244838,5.016413175941788,11.107617807059844,3.128175143254438,2.9258708332327847,2.6071938271561677,5.676924490765321,24.501314729335938,9.360406452063081,13.823135823979866,12.374647640257193,10.434488364923677,21.29481004297675,11.709028957384618,11.157175306408966,11.64386797758988,3.3489073249431165,10.83322928859487,2.9926606812548906,3.415938692277192,-0.0,2.8117752918834564,6.908860565629951,2.4238673727574143,1.3046015670960278,2.560203881034487,3.3904645133319082,6.575587708183512,2.6898694976592727,4.396707312085844,3.1116358222920733,6.643562861063985,5.91921933946484,2.9111222009483146,5.776859132795386,6.036506807954085,3.580531651853912,2.3904879021371723,2.209601006029922,4.036450616716631,3.2276117908002218
37,3.1020658076643874,1.9568346278085789,3.2440446877676132,8.210687484040339,5.025914498717347,4.281586776794516,2.7664805320894614,2.2918390019264945,10.31539815463127,5.6919719907768815,4.093849056847868,2.9439712861973883,3.4208298443521508,10.325075954729629,4.402645557140432,2.7073681137541863,3.4942784896224928,2.485912822550553,8.757280125616932,3.3342882237291627,3.6235185068747273,4.132387508874131,3.9448492177803693,27.26023301893849,11.674275153395257,16.354343552370704,14.878642121406251,10.649783658155211,16.74099388035304,14.111954088925714,14.082541279954546,11.975499324904785,2.736619097199386,9.264534660726289,5.023619867739509,5.44196897701863,2.8117752918834564,-0.0,8.442139188421367,4.497391933586757,3.477355631119548,5.79028094934316,3.0632482295075874,9.991850779803453,3.77226014702409,3.427177448717627,3.6686342280568613,2.942734360184454,5.595805489920923,1.990275223409605,4.045435399780552,3.8821920032223773,1.8339059750625306,3.261335793277827,2.500649503871859,3.5217767795084094,3.1118920687618323
