,0,1,2,3,4,5,6,7,8,9,10,11,12,13,14,15,16,17,18,19,20,21,22,23,24,25,26,27,28,29,30,31,32,33,34,35,36,37,38,39,40,41,42,43,44,45,46,47,48,49,50,51,52,53,54,55,56,57,58,59,60,61,62,63,64,65,66,67,68,69,70,71,72,73,74,75,76,77,78,79,80,81,82
0,-0.0,8.727995914348359,10.827906064197313,11.191047454196436,15.663644356168188,9.502402974857397,11.447382023328927,19.970919833301412,13.432157642149974,10.76753516746028,8.27971023820709,9.182848971522306,14.14141466264429,6.245537573849276,8.291716777923138,7.953511717887714,6.932725257261826,10.044012718116294,34.86656441729305,11.658318483569582,19.910260929492257,13.418408739343366,15.982083915060512,14.184873025301421,13.966691261400861,20.902480905295988,19.665213161246413,14.637844187845488,18.74695025078827,18.698273696959507,17.352919290746563,19.771056431068793,18.7159933724467,14.792327802469753,20.389242942465987,15.077737759950077,12.737455108297615,15.166100510700621,12.936214023655536,21.286719596416756,16.954214351820056,18.577469235128802,18.616887897664306,22.154558660431462,25.559124615439522,27.300524634668246,19.764751515723983,18.24729895405101,16.132714793199387,18.87571670912986,19.995944318678117,21.366926442292154,20.743142193438704,16.640261836827516,35.088626672292314,26.98541059102607,24.793735290888296,18.165404160201597,17.106855081849865,31.438142766050177,19.954162720163644,17.744448235458822,23.71194894511404,22.257897431965187,23.1996694818239,19.828861513648786,14.56410462461,18.56215184196876,19.000388320728963,14.86207443041595,11.709065127538341,14.089984920953832,18.019470443948503,18.352591938224684,13.754067719359513,17.685938655268004,13.155926055863334,9.159169637034447,14.370154944124373,13.861966375081407,13.2794347056915,8.466795709599438,15.988199767127705
1,8.727995914348359,-0.0,12.12297105168113,13.151933034575514,15.507022665857258,12.370886791796762,16.74768539975119,18.65507568557459,14.959515126544597,12.035155711363412,9.743050709298622,10.65540911159662,9.193202107395692,11.224665207058056,10.779782558010213,8.998131740969033,7.160000435026284,10.865811122095717,18.313158085308814,11.397101302051048,15.911201672936453,15.500034340706433,15.760106895005173,13.23077482795575,14.600748632647594,20.976655615501837,16.864941082053427,17.243331639425282,16.17620577438007,18.73534543182676,20.727877446880576,20.401949162405867,21.696217573382558,17.485206605034637,22.181637726238442,19.792630569001417,14.107107703594341,16.053363473791944,17.796747921718072,18.060277011853998,20.75709846500625,19.094708017089925,20.359914938324916,21.221427371571824,34.865018930918666,25.597068890587746,18.157645197826508,18.31167480096642,18.92987721317947,20.541763404736027,20.79048520600352,25.29584338147626,20.608961767746226,20.44405279631566,34.312696324182916,28.862360958854705,25.367557822715135,21.04827724214006,21.904876613766923,35.784183562188076,21.42289132498445,22.297126032038136,28.197483552253384,22.40410805156595,26.74413932175453,26.063961237061566,18.201957678958212,27.14497762722413,25.61628558170424,19.242064606826084,17.20015045340841,15.045886578395672,19.397940549302827,16.684428651380532,16.14644246005106,19.7783862851723,16.604365094875806,12.781441890509878,11.727531962514938,9.643592648354876,14.898285154904839,12.766113977153104,14.409158700188652
2,10.827906064197313,12.12297105168113,-0.0,8.086731730539075,9.870502123024153,6.217983889120234,6.813319498784506,11.662373626838123,11.829136529198081,14.308476795794071,8.129575983739887,9.612419703939878,6.998615337821062,9.329577596342853,11.926191404001491,6.421360160252762,5.007011651236419,4.783249203109803,13.50517061135086,9.745111724577178,6.561890681951416,9.038568988819435,5.501873167278297,6.268199101507439,13.935381761569122,12.517674920567796,8.0926417080964,13.199324959769143,11.029198719798991,12.879416552881281,17.791513698730704,12.374751237012669,16.687711082813802,13.12416403541397,18.122380414619407,12.441986995594021,6.99541480998424,8.56937123604713,12.978618943739221,9.424362356165332,10.592834016040422,10.973214214358968,14.452090987415703,16.19482174114378,27.977773683083992,20.4510678328202,16.318263434287058,16.909046770196024,14.481631919855674,10.473698447015575,10.933067780079169,15.993931413015982,13.501594748384003,18.65698349429634,29.94527741541861,22.893971237961253,19.690586999444754,26.061534467477806,16.92413255244092,31.22049067613838,18.311095013300562,18.755181232059353,18.259933966437533,18.82956030008812,26.102752206131193,21.040036189872108,18.425797365126282,21.895684928631013,23.953049998125895,21.167626500923568,9.925524035298052,11.408975257345341,12.89215238493955,13.294826433612368,13.42042158568103,14.407665247268088,10.267229183143932,11.585716419762589,6.093164839784108,13.302805040987595,11.209742912446753,8.182781545672357,11.71853735517466
3,11.191047454196436,13.151933034575514,8.086731730539075,-0.0,11.635897266987357,7.210786369082139,8.44159528088883,14.323898083313976,9.783583794689966,12.406965499117412,11.138422410131025,8.539118358934846,14.870711250486673,9.156284691580433,12.820724117469233,12.65942880074528,10.51778307710657,7.085130405205055,20.204757162451344,8.106707841297842,10.690811301177309,11.37670663254486,6.603643624465347,6.781183917142032,12.918740400285586,11.23496801395403,8.614875510237583,12.65161762952023,11.180709849417626,10.843957931057691,16.981192567290975,11.658584303972932,15.652036372316639,9.075168876863026,18.70184914243823,10.259862840428475,8.11701002427641,8.279161542301154,13.217953113263972,13.28041194792973,9.42903893408659,10.260787943747738,10.924432634146282,15.455130699127466,28.1669548842256,22.113643210190684,13.042760461001587,18.820715338507807,14.277003252342938,8.619486629660651,11.450301117501619,15.833707807800225,11.157430609358704,18.56399131444323,32.082015102389576,23.99698917204572,20.03060377700598,21.24371855787464,13.835652328970847,31.793463071619545,18.655787477394504,18.25643171549598,18.949963602457977,18.629355216748966,27.602419209319056,20.735043128190682,19.189854573202155,17.59744127226197,21.837606910823734,16.29016376043228,9.318826906301673,7.111741396253391,10.252989775260689,11.541260224724782,11.42029146065435,14.983499527260324,9.518605795444142,8.427078316155805,8.233215529137153,16.467001012562033,8.308888975036778,7.816263268954139,12.242654701062877
4,15.663644356168188,15.507022665857258,9.870502123024153,11.635897266987357,-0.0,8.186988628834452,5.234943356065996,5.19451430755356,11.377289031820984,17.014662973690022,15.387180875834192,15.051670888735652,17.158562432739235,13.358503220979268,9.368365842255189,12.832032700727286,12.279505519616116,9.339150612201877,26.715942277248175,7.2059928508843685,10.6325063962658,12.947266373069759,11.836656347863654,6.077829463484044,12.255919670837827,15.43184898185031,16.391601727673415,14.954837865178183,14.391770821775152,10.904622269398327,16.50951698111694,9.760800156205873,14.160196623656494,8.942243862833626,14.974981494031802,10.602814511901181,7.295060681603917,7.018159081292427,12.420933917402907,15.73370672944282,7.833904136589861,7.786098714960502,10.266975982680801,11.5639108654065,28.875526716962167,22.56411300687568,11.516679669402816,14.079877747750318,13.218303028470263,8.745777210639464,7.27566255106214,12.944271363349504,18.665074087462656,17.48841030010586,32.33097533933395,26.403831356399543,24.778728899911982,16.427941366950126,15.40523442441319,35.83346249631785,16.09263109225543,17.57060484501384,17.615682963647668,22.38613298448555,23.460514238061066,22.65612156151809,17.067753941379156,16.688158311452938,21.00897730449011,15.42372673274342,7.507470126924161,8.831016955953315,10.672509840712348,10.83028882642348,7.752243493595939,13.687494412324648,8.409174412615116,9.143136691920434,5.787744539622454,12.21750000530069,11.729283595658607,9.530457798720185,9.487892155311881
5,9.502402974857397,12.370886791796762,6.217983889120234,7.210786369082139,8.186988628834452,-0.0,9.070386137279739,12.280554075802748,7.540543793316057,8.690775815047854,8.615955963606524,9.50559924917357,13.584420929690607,9.617850648769338,5.56054974913095,8.276851941711051,6.154015593919683,8.12011740929894,19.227933152019627,8.354069749531531,9.137072434870936,12.421587420613683,9.878327227752129,8.496199767618227,8.230831440104744,14.835008098012054,14.390816932229361,11.611406014831841,12.19412233830849,12.30534345794531,13.035455427577283,9.839527455069227,11.83203808069973,12.637751174089733,12.182028817915825,11.548019560858194,10.42442218994962,10.78973143000303,11.274621546436634,14.599733672321662,13.542053590707482,11.217746304070143,13.558670936221361,13.070064261412737,27.45707757628281,18.550996719178155,17.83041594446647,16.449161843721978,13.100429481814444,10.099515050083065,9.986573258164265,12.57217791976761,17.354633810662126,11.093113978311663,24.279080533057115,20.935587696656512,18.452007193918423,15.083094360755561,12.312053594581734,25.770161617440834,13.158186103984933,12.58836500922133,13.940070926717624,17.174664869080473,17.12902058295974,18.701204303143975,13.593801300409583,15.568867456015358,17.29364361978902,13.501016811062296,7.990191963573885,8.65616349135475,9.491660372330896,12.84070293786683,8.687302510461453,11.61912497454044,6.875039046641956,6.26430797023904,5.64947312166425,10.713090391110214,11.649772295495696,4.535516465466331,11.459253038220801
6,11.447382023328927,16.74768539975119,6.813319498784506,8.44159528088883,5.234943356065996,9.070386137279739,-0.0,8.069387948541285,13.086154420254449,15.823590202827768,10.02185377138619,11.424707425119804,13.296180863546267,10.684373265396882,12.881923786283247,9.638878090419809,10.56905520706985,6.7266283759776915,20.01551576707623,5.124360722622014,7.11903116372478,8.933161070769279,5.477736474327585,5.438313267774103,13.504989346929843,9.749696034868023,9.182972888767972,11.515382436178998,11.995316288581217,13.55238548703176,18.169892136416216,11.38088707868405,14.779713175874635,6.466522067858672,16.21733932791224,10.603143189078065,4.387970910005473,5.12394531533631,11.29634996571847,11.197305610527179,5.592329246114651,6.89321340140677,11.00973180489522,11.840127467099151,26.297920000216493,20.9183411376564,13.422383637377289,13.179011658512467,13.502504796962663,6.514519471615742,6.034689851560365,13.202949042536412,14.896572228581082,19.078474051230383,34.99824414982813,24.293468063204905,22.03341393952186,18.16666241575916,14.50999266069093,36.01885138059102,16.95118905341291,19.65722113904873,18.516010188119342,19.461002361341237,28.24807280817429,20.426058980693835,17.89114283978101,18.310361087812037,22.844917725634446,16.372956265592638,5.84814473857641,8.872657179667105,11.386441441623655,11.751944481604335,9.220682313106058,11.92154383993482,7.617459603635723,10.47537071075028,6.914395334859327,14.515739882156298,9.052022015492307,8.865251019902091,4.856228974123457
7,19.970919833301412,18.65507568557459,11.662373626838123,14.323898083313976,5.19451430755356,12.280554075802748,8.069387948541285,-0.0,11.795246225909564,19.512665525886742,17.820087861896674,21.203834751858853,17.431780585506452,18.03511486531662,17.170184914056147,15.215199642595769,14.579672256264459,11.286460839851438,24.516700234436165,9.991400754770222,8.336449404385252,12.929067617139866,8.927445700799703,7.7730827213497475,12.1858784850942,8.35498132474368,9.090908310108915,13.716668444385851,14.919284756960293,8.676768323682372,15.649698539008973,8.023563650304148,13.828453890547081,10.345969865410806,15.13194169475334,11.835083815811265,7.759642210345511,5.729616882927084,12.565896075573923,14.406711520504162,7.894242100436525,7.065628508856491,9.195899179094084,10.369306898657266,33.20340334321819,17.679894084152913,10.680373720033247,14.43989331840227,11.926829741971645,7.127445937729981,6.569649354338411,13.18722858538346,11.836500104298416,17.574151271196897,28.531691473266545,21.51447800709436,19.05415660162573,19.00326627466436,13.579551543544271,30.915988290893164,15.378071169120387,18.202254042323656,16.241803413325087,17.21704078282883,24.50412317572771,18.93821116111622,17.14026666933606,15.898951180020743,20.901347632520885,15.314492222347692,11.073687558424947,8.08270590337897,8.48792162708794,8.371847121674115,7.3195375347733,12.624740881149268,10.033423349160342,12.019187057675271,8.035064075490348,17.863105756642675,13.570206524598465,13.68183988803128,8.918871528002846
8,13.432157642149974,14.959515126544597,11.829136529198081,9.783583794689966,11.377289031820984,7.540543793316057,13.086154420254449,11.795246225909564,-0.0,6.588719265969891,13.528165735215852,15.717421824896691,18.352601751540234,16.798503016622885,17.524941120535154,16.060749667548155,13.777277126604002,11.82075465328249,19.436552050651223,8.878550198055573,11.441124160279607,14.919408486342228,11.714613419862642,10.285649674112493,4.0644352135602,6.146202763867242,7.315191533866418,8.146082189657383,12.750986355488429,10.455898343103735,9.209701688961351,8.767292380959704,6.069212321787312,13.717336765132165,8.092073364511545,11.725030759917718,12.946804780423495,10.44572416451435,11.886296314468249,15.646474137825043,14.395765386068463,8.992147000471402,9.140353498433532,12.683206118679893,24.394734826505672,10.57940009536595,12.063591991623753,15.1407183064271,11.262211550885112,7.8969904388317,9.066774900054071,10.18771537131952,9.360202002015845,8.088685151628988,15.595697869236682,11.26462739325722,9.04527887625241,21.468584525638814,7.740588115621988,13.687612863041377,8.760975867803335,8.33119684092641,9.443846324474386,7.58114280524863,11.132651535027774,10.260145663717747,9.35619252913425,10.854829401749369,12.619194742614972,10.927786558770954,11.431619189181545,6.5091560805034225,6.661910076245704,8.774293761711107,8.174160720242764,8.175278535789184,6.217384059520817,8.499795886586313,8.88900499987217,18.964041075119255,10.653666983835317,9.44810029165386,9.47106832293297
9,10.76753516746028,12.035155711363412,14.308476795794071,12.406965499117412,17.014662973690022,8.690775815047854,15.823590202827768,19.512665525886742,6.588719265969891,-0.0,9.158492224724805,14.889740746025385,16.432321372464788,15.127521842994248,16.333872947267107,10.633730025258714,12.964263964551282,11.538502962161726,30.122683586666636,12.74678468654732,15.281211593329417,10.319715901440965,16.512170450366128,14.455335693877016,7.928536124222335,13.480001446900852,8.736082442774267,9.282810799862682,12.677112945447902,8.476299171850862,7.248308224003954,12.049327178896931,11.169140180757331,13.029428749948396,14.105225739790217,7.022047521528491,12.23993391786722,14.026548437048588,7.532272379445956,17.878593171744036,14.872062986778,15.64173108532794,11.034921568707922,15.45059143568166,24.433497504539876,16.33402564322845,10.940765577471572,15.915351679395695,8.305358977289371,12.615484576540423,16.56420763638185,14.979280619553005,6.661278610415663,7.335461137079176,18.7865440450332,15.037036306686154,10.373153096298875,15.157336347498298,8.261771092418103,13.830318644442352,13.56924394098858,7.154262531126167,11.335250789982394,10.795181433672528,14.789676776306441,10.844528646999311,10.181776692272978,10.873257956661396,9.838915800024191,10.86531578677132,12.830080419460451,9.886258828219534,10.240310126566676,11.208470932499695,12.682540185817931,12.71281515720455,11.882603759575073,8.778417735239417,12.323810013543746,17.902047866538712,7.35511917370169,9.50018007913628,12.868036658904568
10,8.27971023820709,9.743050709298622,8.129575983739887,11.138422410131025,15.387180875834192,8.615955963606524,10.02185377138619,17.820087861896674,13.528165735215852,9.158492224724805,-0.0,6.977380998029993,10.085108100656477,9.794041390301608,12.716066770230686,5.975303206695938,9.084854221937583,6.946278027744979,13.383756329203342,10.573247006707982,10.613175979801463,5.1409507528464475,11.762858710296875,12.861070493370274,12.451305852174302,18.58723695495123,9.698783272265887,11.68771352747857,10.751846846514637,11.22456105224738,10.191121656775488,15.908666771790353,16.63121766983846,12.625056494783637,17.335328854227374,7.8415280719114735,7.346065854825896,10.421731530227493,5.554787966483789,15.256122061453148,10.10926966607737,15.757406651179506,15.420762112908669,17.545407435865123,30.72869791757202,19.506267128246325,16.951013179023484,16.73434283054974,9.347127322237988,13.519738290066448,16.708582836030395,17.822922737683545,11.827556739813772,10.638377230848448,23.99088648986739,20.012049029197556,14.18480211486497,15.162118309045228,11.788917142350618,19.025545955052962,16.423214829779724,11.600218212578806,15.05087172010018,15.344954356913385,19.358965417542425,15.87266151296889,13.4661714392008,15.15394040951183,16.559810106602896,12.133139678960504,11.696029038806492,9.693544013049431,11.05097716499462,11.89566510025024,12.94511948809106,15.540996149712354,14.984269685257937,9.858505442384935,9.823552401276764,11.159166341359237,8.31444436962148,7.814439401882465,11.641420086596858
11,9.182848971522306,10.65540911159662,9.612419703939878,8.539118358934846,15.051670888735652,9.50559924917357,11.424707425119804,21.203834751858853,15.717421824896691,14.889740746025385,6.977380998029993,-0.0,10.495548604571606,6.11615513091973,8.301038218573275,10.475244177665147,8.118349698982477,7.304050075412042,14.962136547198478,9.523555780698572,10.728539452703641,9.479824672461891,7.907953761935838,9.223508622127557,15.891813721983603,15.349978161114894,11.758606854861572,12.645503198677691,10.68337547808384,14.585294403875444,19.986827087140725,14.720732234650681,21.175277021908993,10.892105492191165,20.663819516387267,11.096246923467353,8.97587351482368,12.997463733695113,11.396931417027867,12.983427276248513,11.61366941726255,16.657323595638324,14.891131368953147,18.58707573615521,25.493390893033006,26.074358233079636,16.918213697924106,17.827768203956925,14.386776630629377,12.256431030426741,16.997994980654326,17.748875792497138,16.74636104181358,19.74537218190801,35.40015799883459,27.602037034605214,22.540632041309,17.270117850049953,14.649768100919086,34.18330974606852,19.58763579067225,19.638224408248814,24.562454302076954,20.576476312539086,30.129608123981818,22.609043434035122,18.692731017047205,18.245661026866358,22.937353603157213,15.03505684374819,10.181723002349445,11.366113896019591,14.464623705628707,15.280175328163239,13.001044913800676,16.308045681732747,13.45441560036865,9.169364023982556,10.720292589220163,11.423296550786592,7.676165028077183,5.240860882668886,11.792708982691211
12,14.14141466264429,9.193202107395692,6.998615337821062,14.870711250486673,17.158562432739235,13.584420929690607,13.296180863546267,17.431780585506452,18.352601751540234,16.432321372464788,10.085108100656477,10.495548604571606,-0.0,14.938445802472582,13.66257123458327,8.301477822679956,7.78643185116103,7.765281165744199,15.089279292121116,10.657432481161358,14.333107088051314,14.221432931701443,11.646409735209389,10.977244847968839,18.1553816690219,18.710308089034704,11.236331583241196,18.04293665214462,13.806355226936184,20.251512452522547,22.76747739190397,21.506576650671974,21.36853691847514,17.684448804124987,20.022993087438536,19.65490854949153,12.202667599736333,14.339358896529646,16.12537382838548,12.255664483945665,16.104510745999736,19.29474692560963,18.2605827553521,21.279016743313925,32.5227300113992,23.278522538518217,19.991647364556506,16.911860268524734,17.744921522355835,20.20856811864426,21.193374953263675,24.6202471368735,18.127904224212223,24.192394937641133,33.559016026752865,26.32028571481124,22.86516307174571,29.761870211425645,23.68370215751504,34.74732079772757,20.45031492271665,23.87824481022662,26.369599254016318,22.505537807261973,29.025888064818766,24.452231797244377,18.93815156090641,31.89865790613677,28.81990305405564,21.10067054106251,15.999090605675336,15.17921492808334,21.96812075954304,17.600876097593165,14.834331445167676,21.514113152207575,15.689161472985381,13.038232330790002,9.698877052055774,12.436741135787209,15.05729682496586,10.422813643600506,14.188403189477103
13,6.245537573849276,11.224665207058056,9.329577596342853,9.156284691580433,13.358503220979268,9.617850648769338,10.684373265396882,18.03511486531662,16.798503016622885,15.127521842994248,9.794041390301608,6.11615513091973,14.938445802472582,-0.0,5.598891519308396,11.566489371977275,10.032417682598844,8.062500400010146,22.057531599408335,9.545320250563599,13.436274526423215,11.211120628566869,12.855681987798542,10.125046007189159,17.07695010015777,19.490567873632145,17.758414766333104,15.801314555813825,16.25940166760987,14.963839262088994,18.436973000360286,15.373827994933563,18.220569837191096,12.421923048958574,22.30328409052849,13.506512893792916,9.812900271107843,11.280459379837168,14.269836493060454,17.58323454887938,13.815903900919318,14.543103785712876,13.983948935923436,20.291565966968825,27.286059721158352,27.146787305536947,17.237271031689936,19.16606809574015,16.13041878799066,16.029606664997942,14.811212144816468,17.662012392479955,20.50956316926557,19.698195240058293,38.021967397992384,29.793282517751745,27.510329956751814,19.229660817265874,18.142237942289135,36.796879430838054,20.64444542456917,22.141885701516642,23.816296703379056,25.12593513134672,29.82087281338286,24.42464467193657,19.633535474704324,19.380381738028856,22.482988046453222,17.718156764210757,9.547782512492383,13.023910016591149,15.719742264933643,15.594176101789856,13.459885524361162,17.70858144657236,11.301263052061131,7.7178161671629875,10.225412319746164,13.092357746295642,9.215809823850767,6.637908947467271,14.241337483392549
14,8.291716777923138,10.779782558010213,11.926191404001491,12.820724117469233,9.368365842255189,5.56054974913095,12.881923786283247,17.170184914056147,17.524941120535154,16.333872947267107,12.716066770230686,8.301038218573275,13.66257123458327,5.598891519308396,-0.0,9.2161129899959,8.160228680028215,10.788828107015517,20.71220915063686,9.780564185616724,13.779069180424191,19.535747122218144,16.71165180556246,11.063662708680331,16.655565178462577,22.9133587029668,22.351857295522937,18.64237117939617,17.343944767745196,15.618268963787775,22.514389571547504,15.89713728077812,21.156072084539804,17.2717280692406,19.96537189856377,17.315703261437275,15.078994745665947,16.22307271011735,17.20982758137811,20.121838376780488,17.376935755158076,17.06830477902311,18.142552978072544,14.798202573176557,28.277649835918833,28.99666374745371,20.826226735578896,16.46619715654998,17.961843051423447,17.726372542974108,17.99278609509167,18.94415947907414,25.8313272549203,21.240888921790678,32.67913574173303,31.745906323893344,29.25687106825826,13.168330936496929,20.393874225711738,38.75745872646999,21.865178729100887,21.94181781285623,25.277158775424965,27.694244352156915,25.75343510125105,28.17276505557161,20.589832044526467,23.036668499367188,26.325169836209184,14.796542153630334,9.657440134001753,15.217414663102929,18.877883075900503,19.30375856472461,12.98280552655694,19.692424218661127,13.704764549361292,10.249966984606976,8.367514752384126,12.883375852230705,12.969466227865066,7.777373078356058,16.128792446350115
15,7.953511717887714,8.998131740969033,6.421360160252762,12.65942880074528,12.832032700727286,8.276851941711051,9.638878090419809,15.215199642595769,16.060749667548155,10.633730025258714,5.975303206695938,10.475244177665147,8.301477822679956,11.566489371977275,9.2161129899959,-0.0,3.9002991292115556,6.741830808816664,20.18168595875811,10.766258675407398,12.72547407131925,10.946508065423863,13.225409731289146,12.028577442769121,13.5390561376775,21.60139387591055,15.725688861493758,17.418927289115462,14.744755253224376,15.945176148048342,15.555418144866007,18.54543790500798,18.160793992485434,13.75727258243193,17.67601616882928,14.312547208887247,9.75996005633142,9.814408345399427,10.803106564330411,17.15841660602206,10.361075718734014,17.56733509066208,15.99703341087431,18.879163770000986,31.93779175774538,22.2143970273722,18.71952069755288,16.52441959401544,14.240840205959543,15.666486649348183,18.91496192087684,20.366578458437814,18.85288931654647,16.605676331610013,29.72125970491735,26.4855992867374,21.589471409008198,20.067561124692112,17.554520655026913,30.765057824737067,16.182203821148132,14.566031592238495,19.056867239568135,21.092396925528664,19.232567269697483,21.414321684183985,14.51153893306446,23.395998790085148,18.76366151611833,17.808973124997404,11.413057479895487,12.979425555504836,16.262156036449134,15.933734724659292,14.987508349999464,17.14773115262049,13.108955634514079,10.302465188068576,9.855164426141805,11.483286260714605,14.50362979639003,8.21362483469268,13.974134029880256
16,6.932725257261826,7.160000435026284,5.007011651236419,10.51778307710657,12.279505519616116,6.154015593919683,10.56905520706985,14.579672256264459,13.777277126604002,12.964263964551282,9.084854221937583,8.118349698982477,7.78643185116103,10.032417682598844,8.160228680028215,3.9002991292115556,-0.0,5.429910359964265,23.176580733960005,9.212420562909612,9.172731258607781,10.729312569255068,9.441362670933707,9.02547094881142,14.505782644551418,17.42691950047883,11.29484741057837,16.603095692834945,11.38720979708169,13.70771461278274,19.265771655270015,14.332959893956005,19.40091822235104,14.287010254198213,19.824754092168178,14.825759925307533,8.914578287895724,11.093844979435849,14.160396381203904,12.428038058976735,13.707056497129697,14.863436267633025,16.859807703617495,17.21451098926328,33.90380050923973,23.425321655982327,18.222881608092322,19.081648524446454,15.732563042356025,12.337903229643869,15.972752134192628,20.15932278101908,16.589308559249247,19.503199373569366,31.57174477775833,26.35676679404084,21.667852040101753,22.79191451873581,19.08782490660054,34.35993697590659,19.10488259808227,18.956459837976986,21.735010713426902,21.213742249697003,25.50160485057909,24.232137283376233,18.86980244816742,24.73269722537489,23.48606146937808,20.946966148239753,11.902444445927989,11.649777024855814,15.395991570544451,13.5984513601031,14.326984893748552,16.145377526385932,12.106623618707808,10.799124186479611,7.864062142650518,11.255370364278246,12.435515355205867,7.951748733961663,12.97458284686776
17,10.044012718116294,10.865811122095717,4.783249203109803,7.085130405205055,9.339150612201877,8.12011740929894,6.7266283759776915,11.286460839851438,11.82075465328249,11.538502962161726,6.946278027744979,7.304050075412042,7.765281165744199,8.062500400010146,10.788828107015517,6.741830808816664,5.429910359964265,-0.0,11.856257022637662,5.622366865482172,9.369530964467561,11.63009850782972,8.422868438511982,6.0718523330920275,11.796872156811359,10.59332156610681,7.404318645487918,12.11984529026415,9.103284258704573,15.342935177654297,16.335824740525688,14.198868895158581,14.830778985544715,12.832229012268636,15.115280361144592,11.76926793418778,9.908185086325703,9.50431598915635,12.910855691574401,11.046380402008191,10.857642594214894,9.597963987184421,12.477659072582329,14.625997050715059,25.943148948376322,18.311627545706752,15.716205697267789,14.177127009675422,14.501727395310878,11.65882812940996,12.473290479054963,13.310097001338777,14.359176590894878,16.383248974776038,28.825903673280102,20.215771459959505,18.686558302096817,20.070990135188968,15.023784208436446,28.185487952420562,15.158871459220958,17.67960206990778,18.87539825685425,16.09668025956676,22.577285005007667,17.653413332925748,15.037886544217297,21.05829703162914,23.710926348753603,18.471556505916066,11.072674914368541,12.740761903269483,13.734555569662438,14.81033021932271,14.271211534079209,13.8413910100888,11.152035311131087,12.417418738118135,8.37567613725488,13.919360473959935,10.387925754783467,9.11778913410779,8.377263147321761
18,34.86656441729305,18.313158085308814,13.50517061135086,20.204757162451344,26.715942277248175,19.227933152019627,20.01551576707623,24.516700234436165,19.436552050651223,30.122683586666636,13.383756329203342,14.962136547198478,15.089279292121116,22.057531599408335,20.71220915063686,20.18168595875811,23.176580733960005,11.856257022637662,-0.0,18.2214760119308,14.539028287428778,24.876142508857185,14.520299998034425,17.735577946978605,21.60877352786046,19.463578015131567,14.273976348673816,12.622753372737433,13.314034350923272,23.624053816505658,23.668470009529056,25.921395742743677,25.206810951860064,32.24276986053766,24.278891325509534,20.07212342287528,24.897438065883804,18.234497484825088,17.85597889966147,18.271123552210582,18.62901058810567,29.589862404906356,27.398045180999247,25.179550731655564,52.14125847747128,24.250008550151673,27.497980449879268,22.389967342775883,17.13652210895077,31.110025943916504,23.444933415161913,27.829786553099034,15.23134786021779,25.170587910144825,30.057801855287202,21.471806436844382,19.34397398855775,31.391789643974523,16.045657690759928,22.542396848946723,31.40144533006415,30.10887866025071,34.12447902198315,19.988659410622038,40.28775253720581,17.7686671686098,28.373687380540556,30.08126783832811,36.66918721831631,22.795088006213362,16.79721029545556,19.5417368677829,25.68236002780047,30.630512382674564,21.95232323089131,25.173712866742314,23.086731262022536,33.54387037602976,15.18150512473178,16.324522382744888,18.972961503970105,17.994083129260297,19.90060183281118
19,11.658318483569582,11.397101302051048,9.745111724577178,8.106707841297842,7.2059928508843685,8.354069749531531,5.124360722622014,9.991400754770222,8.878550198055573,12.74678468654732,10.573247006707982,9.523555780698572,10.657432481161358,9.545320250563599,9.780564185616724,10.766258675407398,9.212420562909612,5.622366865482172,18.2214760119308,-0.0,10.47895533808049,13.015134920570453,9.091132803628897,7.1517904586483185,9.627394140472482,9.971740124198126,9.827851338824633,9.986553472776889,9.555508767689563,15.252572459349038,17.18342260859156,13.868213425506497,13.031863183540311,8.47513019735298,13.445624819032137,10.993411627728879,10.313977958902617,8.12123086789077,11.492286341450674,12.807738747228154,10.127071836614771,8.518484226831953,10.705307705801054,12.333210700990582,27.600852367909106,19.52583583683711,11.141475990577941,12.18229778577604,14.360419026190554,11.85172971415007,11.198716589400858,14.729264615661064,15.369188995102798,17.47897540285523,33.61791086532969,23.436469953732633,21.618854997418783,16.381742576102397,14.057772190404206,34.34451031837918,15.670320913419552,18.85771813638854,20.850460082554168,17.97046781303821,25.933067176712644,19.312878301358744,15.900732157889765,18.940542243212054,23.525832392372603,12.422617056233614,9.448713216170106,6.907236794423089,12.093907276408897,13.093712408597678,8.915787029124512,13.647500647225588,10.072430980544015,8.428374020704299,8.216181456186874,13.540964828177136,7.6645807968546436,7.098723340615934,5.25642060316894
20,19.910260929492257,15.911201672936453,6.561890681951416,10.690811301177309,10.6325063962658,9.137072434870936,7.11903116372478,8.336449404385252,11.441124160279607,15.281211593329417,10.613175979801463,10.728539452703641,14.333107088051314,13.436274526423215,13.779069180424191,12.72547407131925,9.172731258607781,9.369530964467561,14.539028287428778,10.47895533808049,-0.0,9.164775042041377,5.755126137925343,6.792982624176325,10.584728739045431,8.552036522455415,5.391965279852158,8.735641082046389,7.764450372978162,8.675128453304584,12.534444307495646,9.097266558704726,12.124524766812257,12.223923189551869,10.991076293899015,9.113789102850046,6.787870493286877,5.0312301155248225,8.48769640788825,7.115932385408255,6.312027307555917,9.994255635487525,10.394411807557487,9.18325326601518,23.961308588465066,12.037534883744962,12.3896970278229,7.9844988800078704,7.635340134396505,11.958223923737677,9.233125026223178,10.336935813987633,8.492853954615391,13.936579126163425,20.8973521775923,15.377486966314766,12.328600852603868,17.492084979658863,10.236419432771063,22.201482751356206,11.92194667888806,14.139170328455592,15.796128074467978,11.48516140820867,21.21624022231371,12.67511052293947,12.454473398461968,17.42403991838294,19.129683617214045,14.012958483691543,9.695156593411644,10.210043117559563,11.146430091564566,12.403026395689947,10.727286438738941,10.986125263564688,9.774107825636346,13.067155999813544,5.181388554404285,14.273779500946407,9.795183158346088,7.977129710551337,6.163355915073441
21,13.418408739343366,15.500034340706433,9.038568988819435,11.37670663254486,12.947266373069759,12.421587420613683,8.933161070769279,12.929067617139866,14.919408486342228,10.319715901440965,5.1409507528464475,9.479824672461891,14.221432931701443,11.211120628566869,19.535747122218144,10.946508065423863,10.729312569255068,11.63009850782972,24.876142508857185,13.015134920570453,9.164775042041377,-0.0,12.019357128192409,11.509947370410329,10.961338143726133,14.085199243408184,6.211739344419547,10.474424470545177,9.148849207059117,8.464975469680253,10.083004959759519,11.433842312417648,14.872757321035005,9.117741490353824,14.725955112992802,6.866816901589473,4.293536885119911,6.482070427052725,5.649374767248729,12.575941039091099,7.940799894927804,13.186121038621222,12.440020660583308,12.964234097905562,30.281431412331873,15.41509020736864,12.450122275899993,13.319077966341451,8.986194318425829,9.516506686248766,11.71456924692244,14.669262407184204,8.643967748496836,10.506530950853183,24.012917459232664,16.197921305719316,13.293637443297948,19.931339313318322,9.921180006976067,21.21450539707278,12.87514210641502,12.526632146990144,16.32731394342021,13.719180205483534,18.674690067813565,14.038098050005722,11.669395643739634,13.944884181933928,14.773256558924803,13.879732053080502,12.030379841769147,9.211613845353002,11.20873647109123,9.36713665784889,12.862239956253362,10.622862061919607,12.318376781082378,13.069147141183329,12.574460720708636,14.000662832781238,7.564348242611629,11.298306749885283,7.439255510790038
22,15.982083915060512,15.760106895005173,5.501873167278297,6.603643624465347,11.836656347863654,9.878327227752129,5.477736474327585,8.927445700799703,11.714613419862642,16.512170450366128,11.762858710296875,7.907953761935838,11.646409735209389,12.855681987798542,16.71165180556246,13.225409731289146,9.441362670933707,8.422868438511982,14.520299998034425,9.091132803628897,5.755126137925343,12.019357128192409,-0.0,4.966750712470062,14.568750596866387,8.89932039988348,7.431397084953367,12.325017668735562,11.2173204865532,12.66583468109049,19.442770232971238,11.517831909177035,16.125788390872234,10.349226835837019,17.626787167395932,12.705135792935808,7.832106210035274,5.492971890429261,14.011033054182041,6.811255845470498,7.361659149884169,8.399744129056913,12.119948102303075,14.401856411482699,28.467578642811223,20.402908915786,14.549806104356838,14.62161440991039,13.829262207757667,10.292608233992455,6.707706414837292,14.716051599308088,13.620691934681556,21.054351282576114,32.17124768666806,23.466287357327065,20.675631547099037,27.754112494057782,15.929198177729821,34.096510953498495,18.735034704102763,20.307114341536003,20.231930133115075,18.12997000357476,29.943338557260034,20.777868886046893,19.257080137250682,21.06443116345662,24.454271730990968,19.921658453232332,9.925507919578909,10.319106805278588,12.27210310297412,13.895023537327603,11.217836682491129,13.07218288110167,9.517214968951018,13.15722932017022,5.491649884949154,18.23956145676792,10.028411934222222,8.43952966447257,7.357486600500223
23,14.184873025301421,13.23077482795575,6.268199101507439,6.781183917142032,6.077829463484044,8.496199767618227,5.438313267774103,7.7730827213497475,10.285649674112493,14.455335693877016,12.861070493370274,9.223508622127557,10.977244847968839,10.125046007189159,11.063662708680331,12.028577442769121,9.02547094881142,6.0718523330920275,17.735577946978605,7.1517904586483185,6.792982624176325,11.509947370410329,4.966750712470062,-0.0,11.889297195314054,7.343406360328577,7.140438815910863,10.1449495046104,9.190300742556566,11.793957308349958,17.38121978050611,10.292970818466538,15.077261256225981,9.49328946426001,15.377699404076973,11.330247524005884,7.3599007901958915,6.373834198422184,12.915573509485084,9.253699923267853,8.166587181178054,8.195130301063632,10.70492441546882,10.125167816737136,26.11704278758041,18.484831953981026,11.721791782627982,13.17255485183,13.834276967191382,7.914515659609566,7.880596763692504,12.671868220188857,11.651676637177752,18.13884015674943,30.360693564939908,22.11396912783823,19.165676668611788,16.774813172699353,13.747333022447467,31.816336150050628,15.498677630867196,18.073291569728543,20.435767152726584,17.19313178413115,25.832474973261988,19.739277396518478,17.00879147397841,18.772186854952395,23.62209034612477,16.28946249279803,9.06430233423442,7.484770355233749,9.946354134736447,9.862504580766121,11.153901836941097,12.703811862651685,9.677530039637842,10.055694462315596,7.311495118278084,14.911165293585558,9.516449525460319,8.664720310572974,9.458557963649191
24,13.966691261400861,14.600748632647594,13.935381761569122,12.918740400285586,12.255919670837827,8.230831440104744,13.504989346929843,12.1858784850942,4.0644352135602,7.928536124222335,12.451305852174302,15.891813721983603,18.1553816690219,17.07695010015777,16.655565178462577,13.5390561376775,14.505782644551418,11.796872156811359,21.60877352786046,9.627394140472482,10.584728739045431,10.961338143726133,14.568750596866387,11.889297195314054,-0.0,4.333127238639231,4.918763522950147,5.653958401762021,8.013449228529176,7.609058010208394,6.2135319077113715,6.629348180455203,5.605645834819422,11.509511701729199,4.506567950120522,8.05660414985647,11.905075510668638,10.667376432184064,8.059397739841579,15.34425001604168,13.24273526221648,10.913931084441668,4.768337448328314,7.707846608406748,24.22994614972796,6.662009687452088,6.149601295801478,10.707751284553964,8.461503198717182,8.454718629557357,10.26408883753256,8.068990218699255,5.4912771483233245,4.564637013452767,13.548016441406261,8.612940653243822,7.794203813582357,15.37036360105196,4.2859391803480245,12.457446102925527,5.511414551156922,5.632559897391133,10.800956946893463,6.388725746988121,8.671706044034359,6.892688945020873,5.673398358137869,9.218872915155814,10.259990076727652,8.970259829935314,10.559904723037418,7.703105037555958,7.163839858431304,8.567079996006264,8.497906532888557,6.9435477310687395,7.803929975680336,9.077681224170671,8.193071422088561,14.57210390275562,7.643203528295453,9.294237353158072,8.046444320203635
25,20.902480905295988,20.976655615501837,12.517674920567796,11.23496801395403,15.43184898185031,14.835008098012054,9.749696034868023,8.35498132474368,6.146202763867242,13.480001446900852,18.58723695495123,15.349978161114894,18.710308089034704,19.490567873632145,22.9133587029668,21.60139387591055,17.42691950047883,10.59332156610681,19.463578015131567,9.971740124198126,8.552036522455415,14.085199243408184,8.89932039988348,7.343406360328577,4.333127238639231,-0.0,6.884982088588924,7.563047001707337,10.460072210360378,7.9211474738679595,7.9072303586968475,5.2151331491065225,5.125494483115584,9.934337004822313,7.3031315590739165,10.671613276741315,11.275916870304517,7.743450964147349,12.340359897952217,12.387609951434971,11.375346856198433,6.678966694221859,5.444610251766703,9.549465835401262,16.091067631112914,7.613742646371492,7.874028502402793,9.431087762781532,10.363335473725142,6.819868647498203,5.52132832841167,4.610925415493262,6.2843417049995605,8.561400904140447,16.74580886909213,10.962325217810138,9.08547526604745,24.178925061749606,5.848452080742552,15.994539964631192,6.817253549422757,9.470146121858274,11.549935008458249,7.583280096884446,13.470638930172177,8.01290859826005,8.968197041488025,9.413427149322587,12.830624407833627,12.749006500666374,13.636642201763456,7.981048234400824,6.985648819100092,8.21205168068225,10.432527270232871,7.7847450369326925,8.177816724543192,14.08190902570321,12.776997759512183,20.06438141464564,10.05996169335295,13.024797201837863,8.39641075283826
