,0,1,2,3,4,5,6,7,8,9,10,11,12,13,14,15,16,17,18,19,20,21,22,23,24,25,26,27,28,29,30,31,32,33,34,35,36,37,38,39,40,41,42,43,44,45,46,47,48,49,50,51,52,53,54,55,56,57,58,59,60,61,62,63,64,65,66,67,68,69,70,71,72,73,74,75,76,77,78,79,80,81,82,83,84,85,86,87,88
0,-0.0,8.071800700960315,16.817858286524746,17.811619817314405,14.326943749436953,13.2207669568409,9.647235019956353,16.420719019586773,13.40451988851224,6.769002991673607,5.2449375367697035,7.7617446083804245,6.90654947961835,9.691497832495424,8.111929597243734,7.058681342486731,4.2687748135517305,8.337396831863707,8.180754775436238,10.072375968576567,9.319902361322043,8.33556398084569,10.846703551030656,11.186467402852664,9.238454665955828,7.082597817018158,4.503617626693779,7.06413411173589,9.000361244664107,4.811534918287668,7.905192760833779,6.023778448429376,5.26249307228656,10.99343976953616,3.8503736550675915,7.024264845678681,11.81192430099431,6.841451478389376,6.563867138080597,7.980056507551206,8.09643783685939,9.22750542321891,8.01415620074956,10.161489763486069,10.519607787315179,9.708846538126725,20.064594990182204,20.13450642586545,13.678001870424376,11.965389257774563,10.818560130168827,7.678676778284582,11.593601793932985,8.782400416333871,10.894355505771296,14.575584573390076,9.2855301155754,11.805046496060706,23.701205840845084,17.636686588965716,16.18148097946979,18.025592389361908,9.956147896670812,10.560217979131753,11.090283258195013,21.967880237775304,24.51995308140459,14.974379454719857,10.578975556828503,17.28354479940542,15.942852979936408,15.695298389309578,11.925660065740978,10.662270173395228,7.640315233922353,7.746366009268046,8.430352817873574,9.641458165289185,11.975980940086384,16.523479353844987,11.477963876589433,14.463689730160805,12.884110573636084,36.80382808674799,15.923952047704924,15.974173595456238,10.242361663471677,9.37980304810005,10.387488144109515
1,8.071800700960315,-0.0,14.52928466422074,14.148503453908473,13.227807635241982,12.6642549508406,11.041788867439024,22.48003736795756,15.719288655151828,14.59247534172802,14.513112254792665,16.02049158224649,15.163896628178458,19.389117674650333,15.778416090386285,10.220850285125117,8.637696314455757,11.90954109015893,13.16342338016996,13.508327194826359,16.848736327876303,16.729825250243536,15.447481561680798,20.161575290808663,15.26763061723813,13.86434791886957,11.614892607092502,9.630101964848857,13.600864287926978,8.795976587344034,11.747257256055697,10.252407834915639,12.845953592797317,18.716925131521077,8.372513972303157,7.270574021688379,16.610528519498672,9.888589663628776,9.96373937325209,14.608450154289281,11.388979366594354,16.5418016230514,13.085000191813215,9.828549628270212,13.595613107310923,11.494817630157366,17.20749551122022,17.734091170593896,11.572453333805237,13.658602087978393,18.761278453706254,11.467262102085405,18.242717609614427,16.213384034111993,12.084420044896078,23.22683727784441,14.295468026333209,12.407953191911727,21.662384782639187,16.01545873748291,16.377558055234754,17.482546920495984,15.39877044168625,16.07700667337355,15.67783300314521,20.004622599710213,21.756806182753106,15.643862999425817,13.814096127571947,17.33193896969525,16.277888817680445,15.74518019175867,16.694256212762003,18.061845266512204,13.03090594862536,15.273022728592528,13.07815490055283,13.32197250369314,12.77691653781243,15.143744869111572,13.943971698217146,15.775042454386973,14.136147354610081,47.41822064218277,18.418469248009764,21.954476833348888,15.037538656422546,16.494042296583896,14.776602969132474
2,16.817858286524746,14.52928466422074,-0.0,5.64691387490349,6.7821725035270966,11.10202790849158,9.056299955414762,24.320918983905766,11.930151764558888,20.02657328323721,18.478998714193388,21.095837133419344,20.621296413162312,20.669477356394765,21.71431914969826,18.97292998430474,17.22692241859372,16.85031253599029,19.658772492028362,21.984520920183844,16.266093764016528,17.489726301519685,18.57483107237169,21.69206526722963,18.61647901287659,20.00156331639161,18.810403316933044,12.146579162460188,16.559048131699466,16.575194574209238,13.740837915575074,15.745661511320867,17.57677295276906,23.215428960087152,21.013710273246055,11.618616092739162,20.258964039565846,21.070071520628098,16.114241174881904,21.25606056157466,18.607146830849604,21.165413649059307,17.56361497591259,17.216115136443644,18.70515779073748,18.460895040863374,23.00967651371016,20.96744971108756,15.767815003846898,19.826678276115473,23.979749658464794,19.20178051584092,22.432188063705688,20.777265928678062,22.300981853425796,28.560815082434175,22.16948895221967,17.145131556120248,28.389546796585986,21.63544806261534,20.30781295804504,25.205932103921697,20.007284002027497,21.66763709304391,20.97646355860552,25.266906861632975,26.694815930758278,21.03323065232713,25.833492819528924,23.44635226675072,19.16421218042211,21.359026742009885,22.827131876479896,23.220636121880897,16.927818804640985,21.159686601578606,17.386412569617626,16.7835982654299,21.27584381761238,24.38045296721001,20.35333081774073,23.129545883218487,20.522977608684666,50.6698196274733,22.44438939915163,30.452816668407717,23.623238526350157,23.383972560673882,23.053389321381427
3,17.811619817314405,14.148503453908473,5.64691387490349,-0.0,4.44302913497699,7.235683203281826,10.064597192414356,20.22519360925671,8.426128355442712,15.768713195783716,16.798332852078737,17.738718579369515,18.58199098785991,14.691959778009966,16.671326626811144,15.728674630773279,15.852083425294929,14.821490832020915,17.170364262704283,18.03649162752071,14.433357241625103,16.511156346425576,17.05720457976258,19.650275937669612,13.720950158644072,14.816411866653317,17.17478370514709,11.431317589634176,13.55823806539055,15.324216623430303,12.950548194062355,15.125412276887742,15.993033710702523,18.31186253711524,18.804490904602265,14.30275469422444,18.112518292742163,23.77974511753801,18.44777618708474,21.21650921569032,20.748867209565518,22.88816900073665,17.65464324752043,20.545300050633685,21.73951888218639,23.55170941112582,30.59286867246589,28.075869933505516,22.129535378765805,22.416936645152173,21.236630358599932,21.257561070967512,19.93796861435974,21.973941739398445,23.447924181085376,28.903648323251666,22.49376866315851,24.5280105019026,34.44447383016257,27.11165307895463,27.225735558162167,29.374543219612725,23.017281526062494,23.400523756101997,23.820693224637623,31.98954627585985,34.459187999081536,25.96527700006055,24.502674746504173,28.158534032509078,24.656419688486373,27.545422060691955,23.682426796437763,23.05639549141402,16.703571465112827,19.682831584829394,17.347618198129506,15.918173066040769,23.822077771657703,28.174262625684136,22.58502671919573,25.869128657348437,23.989249049840232,46.41148693158244,25.53665950578434,27.70578863489042,23.02142219320417,20.386220620010672,23.354555089552036
4,14.326943749436953,13.227807635241982,6.7821725035270966,4.44302913497699,-0.0,6.098802169481579,4.930761673184065,13.499876721826649,4.3906049436035275,13.809440839850737,15.130138888350398,14.905053427030285,15.77084005582678,13.695303892755168,16.029978575901964,13.391000280649182,13.152034891757975,11.773462807836864,13.937082812546084,16.137726529247324,11.016949523060736,12.078677619520086,11.816796618409857,14.00449362675133,12.431003971955883,14.477716332962352,14.663958094463048,9.57995632984762,11.96472365324423,12.245895565234001,10.429228738494258,12.542256920715662,12.390037660444152,15.529286572875877,16.998171055849355,10.943647404754518,13.062501355018437,18.03391239303646,14.233995922767576,17.300675405058545,18.22537955416778,19.344571171974117,17.1020281618323,18.508885411524883,23.188977638557386,20.561251232206025,26.631065403822657,25.282958713680113,21.963289287277096,20.550176319953852,20.107425427835338,19.903991579705167,17.310083453524673,19.148770121032378,21.57650787165286,25.269704120995875,20.656280362072298,21.117130852873256,31.621773943231993,28.360643969118176,24.189214753770983,28.072469374842353,19.75046692838678,20.262195188946546,20.722926116240117,30.48569725539654,33.16859664545755,24.01299444004746,23.353791399299638,27.87043467421517,22.36114794327425,24.354329486029705,22.13514108048783,19.913369841360293,13.47366661035265,15.098637178173728,15.147044047237678,15.498163897289226,21.392592774028273,27.829201504605596,20.64886196356626,24.896585259111216,21.8434212562363,48.35333024107797,22.339634739152366,27.996899413025826,19.91321915952024,19.708154079943718,20.970858211233647
5,13.2207669568409,12.6642549508406,11.10202790849158,7.235683203281826,6.098802169481579,-0.0,4.049785748958675,13.86720642638797,5.526901134618043,14.120627435698575,15.019770986775216,11.55311576657359,12.376211829471885,14.511543689707953,14.82917991577369,11.300028561660083,12.721404032779999,11.531464106779792,10.59507529631507,8.333320812677885,12.555178608034028,11.713194964435644,12.667028039692127,15.347617390005658,12.427608975456666,12.786888966514406,14.241221024093095,13.083319397515297,11.00123052547222,13.287179287488039,12.324599570645175,12.18678292836394,12.601431024341197,17.69318026546592,11.605225857158203,12.54077493387275,13.864044760711636,14.595934677803548,14.383761271459266,14.525792982157169,15.681552672035398,16.89116888361454,16.13725218040737,17.06110900117969,26.14494247381711,18.557299782302646,24.35961477724296,20.729198317899147,19.247287509800152,16.525087616395133,15.692764278599443,18.08117381582619,17.47975809433365,18.488145063791663,16.279173255285954,21.41492382155443,16.92880294121893,20.675138407512815,25.942896383225055,25.440097350985006,22.427200760793873,23.20857120922495,20.10638188242111,18.23184198546751,18.07524008032846,26.477136272269277,28.964205607177718,21.883386690434417,16.80935215737787,23.808750929388715,21.19864569506319,20.510701457806064,19.402876431713874,17.71965572171764,13.399719976131115,12.746482812916401,12.754450442687782,14.403537726391292,15.96606588246355,22.595591069901985,18.319260749653672,22.00543261994419,20.081565502857256,41.694576055729726,22.179195211152944,20.985607330124516,16.26821548898134,15.262662138650217,17.372012471806425
6,9.647235019956353,11.041788867439024,9.056299955414762,10.064597192414356,4.930761673184065,4.049785748958675,-0.0,10.284497377726193,3.469940585191051,9.170843223636647,9.141980614166991,9.715213164221005,9.76860307810284,9.681978404660592,12.411553623057879,10.553442388120288,11.411630620751788,8.357423427406362,9.705954843894004,10.953302431182253,7.894465389279139,6.999342096868231,7.663897388087057,9.91366591645259,9.120115788985053,9.90541632496777,11.380560182146217,8.869779642938592,9.013131668864679,9.434388015680469,7.915438744508718,8.124923827713612,9.67701520371992,11.158858218615665,12.436575806876773,8.892093903334631,9.765663387500352,13.576788328597768,10.216054920519255,10.93429909311204,13.119361957163852,12.140808548802692,11.431456385449167,14.420200089082622,19.6923583531861,15.047618418969487,22.275878205076875,20.222859920692958,19.20847167242154,15.135864923153198,12.989570436773382,14.569525499094937,11.505065972653057,12.414923370140723,15.520445218517212,15.784166636454316,14.113249020508732,16.044847132312707,25.773633137103804,24.03749828645195,18.974683562932633,22.556765682797376,13.543151393291547,12.46558549681236,13.480117236277536,25.531853774347237,29.277956882520865,18.721870317411764,16.888806903648593,21.72089918698423,17.173399472369873,18.20312076759451,15.134300681828668,12.308377822990733,8.534389195042928,9.184050525623466,9.724183108307932,11.721060225047198,15.567607539366133,22.32216852873215,14.783038095677185,19.301741351224624,17.01224642042777,36.531048530498346,15.352816775923625,22.311832145000132,13.758238082611363,13.373856780064054,15.164524711820087
7,16.420719019586773,22.48003736795756,24.320918983905766,20.22519360925671,13.499876721826649,13.86720642638797,10.284497377726193,-0.0,11.207681420020107,11.861940344275622,14.825088206929644,10.94696029789681,12.023423993517936,11.980483888782782,12.726412521586866,17.061562134363072,23.129700021226117,17.196529419328844,14.615732241854548,12.285885814466864,13.74318943958949,10.70143207933007,10.691394945496667,9.9967842227125,13.687585093994413,13.494785013752294,12.880058033078747,25.114508059476837,21.40400613431356,14.9175679837424,20.890137094203155,12.73387414828529,11.345692980791135,14.137797824753031,16.887521325616937,18.540530402271138,8.287782825183992,19.189490752864184,12.638811920592216,14.240967122959468,17.11203198624705,13.379720620350646,17.678561579558817,19.39299267274024,27.498707601052995,17.530497982859416,27.130116644131004,26.86551235846826,20.048410943756835,19.621579383537355,14.167686114395735,18.055469071461445,13.93203869709961,15.154405921172213,21.228296217255597,15.844967979983046,17.46333960352132,20.542083676484754,26.190871707860232,26.993361897118856,20.859737763668207,26.725714372829966,17.964570979186156,17.954463095862497,16.549384424292125,31.48871043116641,29.520518984654398,21.61867957259587,19.693903819670172,26.768125375773522,21.49866883067839,21.296832443653024,19.621460337548427,14.33977088865148,13.647436957573643,11.768254093947505,10.853612854322714,14.170384963356172,15.598022267937345,22.035424566367574,18.210013622113223,21.298346663971678,22.659184397035254,42.53488453157733,21.217265611967097,21.184097289986767,13.968261260033877,14.561460293710493,13.76823929650669
8,13.40451988851224,15.719288655151828,11.930151764558888,8.426128355442712,4.3906049436035275,5.526901134618043,3.469940585191051,11.207681420020107,-0.0,10.667978068128967,10.314753425547632,11.250278091027386,11.543908185258417,9.117972463510647,12.432557377961013,11.8362519759912,13.376114901629734,10.867268834056274,11.011080907318933,12.573794305777541,5.699264654469662,8.426353277559599,8.036128124641404,8.960777662489898,8.313266917963528,10.918554114998889,13.41314026182884,11.470873931870281,10.19101326984481,11.713893864820454,10.468339501025532,9.59246423632888,10.239412381855495,11.791136904268905,16.62103333135885,15.056211185766212,12.685412600451,20.716090415684103,15.81344871673607,13.228422131645178,18.3403534952508,16.66935387558773,16.54600101284001,20.346554731269144,21.6778016328598,21.22994994614707,28.723477036702793,26.62709102661159,24.6905530852602,22.120290503122725,15.58494132637401,19.186803650545244,14.05562431263056,16.243794019999914,21.463177500185843,19.019667878152692,20.0547144605055,22.21123712445417,31.932894864455303,30.44132400815719,25.502571183431552,29.23513130779185,18.76173684726693,16.28180122219906,18.697698210268516,32.58604056034378,36.61412874296918,24.971035389232515,21.57975988492537,28.005912130690557,22.683942020210935,24.699608976703374,20.71158547923374,16.48962198455839,12.460202558337045,11.930610047380927,12.935021031813365,15.76650883587406,20.673682525828738,28.16788493034527,20.728018480406174,25.508850185061014,23.485612171614683,40.4025296951222,22.0571123870467,25.385649597745964,18.240295135922004,17.598572537686945,20.129332016339326
9,6.769002991673607,14.59247534172802,20.02657328323721,15.768713195783716,13.809440839850737,14.120627435698575,9.170843223636647,11.861940344275622,10.667978068128967,-0.0,3.01262778220188,1.7421521990161368,1.0586154071544256,2.9606310350161507,6.469613123568706,6.042806511367347,9.29586213472275,5.936807536950608,4.567060998179735,3.975759899994093,8.653877015447192,6.436409122249503,5.065008948708502,6.5428803162818845,3.3932860655464276,3.2018605769704105,7.5861617398344245,10.943575361472073,8.275519197055269,8.321915884217896,6.826005684117408,4.983393580026932,5.0470060841790945,3.8954170753473076,7.800437303481279,9.232983983215966,8.754098335807894,9.318453072685584,8.970998764111533,4.557568500240522,12.557753418775622,11.64226539658665,9.35567918466863,13.544695915464228,15.01542068028013,10.724025373978895,17.66807909300621,23.404579172911227,17.116283712248585,15.838392488318506,8.415181940489916,9.925983566817346,10.259734078333537,8.432256541468899,14.26165948622351,15.319835959307287,9.92793335137898,16.58574616175834,21.46335277388556,18.404510948401445,14.455988844759284,15.614487140253393,12.102171678435395,12.358874829651924,10.72951979457726,25.411659458107298,25.38017883712661,12.661073217995632,15.400133941254802,18.969538335361346,18.465273585482983,14.594848066486808,14.091057716923169,10.43840253891602,6.069972328022084,4.150614408296301,7.868743473395118,8.262094300075281,12.725013549292203,12.326174699485097,13.651076418669238,12.989775541801874,18.11566099032115,38.03564909355662,18.58316531971177,8.824473558065957,12.643151275199049,9.356352526955563,8.975206919150974
10,5.2449375367697035,14.513112254792665,18.478998714193388,16.798332852078737,15.130138888350398,15.019770986775216,9.141980614166991,14.825088206929644,10.314753425547632,3.01262778220188,-0.0,2.748912837316767,2.366750100347532,2.7300949417045115,4.054323239549456,6.935709286286645,9.465521869948187,9.648051248922817,5.722286388932844,5.460718765701886,5.089729294636812,4.6305256687417335,4.483228715045425,6.254549370275154,3.3283791361871717,2.6614589853790442,6.506742236598503,8.81382556096508,9.454194170405097,9.816849612209742,6.168461470889389,7.5864234028447335,3.8983198460628796,5.179055769188157,8.530694211606201,10.581659536959123,11.03843863858233,10.942586037333328,10.425426576896275,6.921922561298293,8.74226075708992,8.601981901726978,9.043073104885295,11.842734177665294,12.85832735137058,12.602515513988699,19.345268876311014,20.085435213138062,16.522931074000297,13.269845586652698,5.140305177931212,8.063271076925203,6.420141271075156,5.651649697531083,11.608947546453052,10.238748133075662,9.467212779949515,14.867456398037444,23.450248377431944,17.855832144522534,16.201992589999193,18.173768359926388,9.14131498817201,9.130391637461708,10.206282712505226,20.59371931559384,23.2539828347493,15.470129331901683,10.776239914578792,17.28858334444513,16.63965062223924,17.00785794050145,9.95378158114183,7.542230240677679,6.404132403502973,4.386470780209587,10.459947960629975,10.182775664550434,13.802777514950279,16.654979912302345,12.508912875536994,14.314781645555158,12.84728077545987,24.392495972996525,17.473674901236507,13.941201900087208,10.068014656527486,6.546805521498352,10.629849865922974
11,7.7617446083804245,16.02049158224649,21.095837133419344,17.738718579369515,14.905053427030285,11.55311576657359,9.715213164221005,10.94696029789681,11.250278091027386,1.7421521990161368,2.748912837316767,-0.0,1.5010095287890586,3.0020317152729135,4.685965414232492,4.5943017977591385,10.262609272702745,7.401027710559715,5.139517145258631,5.356383323748522,8.298632546547132,6.13477283935488,6.326169080531255,7.997610183370029,3.5892828898426394,2.863920388963591,4.633124647665887,10.087604579620345,9.43488004435208,7.258464505755388,6.472455565490655,5.305127937279704,4.179027180274341,4.05053126027332,7.631019627777683,8.717277270680613,7.448245138742049,9.707690362452745,8.718795277721515,4.353722962527441,11.803268115693381,10.380618423612725,9.715430213761312,12.217777417407499,18.248916744271295,12.216464773615296,20.76526560296818,24.969893871247482,13.474458009307726,15.487712734878926,8.03854716821627,9.940481624480174,8.936425408680936,8.397264870784449,14.761627015209546,14.237506085410764,9.115279691477111,17.183122930231786,22.84722631394221,22.61785310239517,16.697115910008637,19.39208261781066,11.98290532906523,11.8374824042279,11.49800933323053,25.876259419825857,24.455998145231437,15.407712077246064,13.87218523600023,22.11174044217087,17.899125362083627,17.06650643643346,13.443132026159459,9.770895261344172,6.338674301892828,3.835716030450687,9.130845751379816,8.727485450889038,13.169972548321761,17.340359108385584,13.320346327819383,15.122296631898049,16.95077093996778,33.15240931384279,17.14201348473399,13.291866526064116,11.2782108007166,7.9563511179494855,8.745165969318501
12,6.90654947961835,15.163896628178458,20.621296413162312,18.58199098785991,15.77084005582678,12.376211829471885,9.76860307810284,12.023423993517936,11.543908185258417,1.0586154071544256,2.366750100347532,1.5010095287890586,-0.0,2.770153465383829,5.54379322258265,5.719301811485252,9.07331601372241,6.206215288928172,4.3728457760528565,3.648846834206448,8.506410635667327,6.107922474756601,5.826788357182918,6.640248489385025,3.319846228778982,2.957297445813982,7.238909029345072,10.399384138500919,8.004919621764168,8.416778335827411,6.273487404533547,5.117070032225528,4.722962858922613,4.5683701313818394,7.694391062755745,8.65195233275476,8.993894184799418,9.21486431097401,9.407775989136772,4.517162351494234,12.78487958401912,11.83970793110389,9.23957647317405,14.238753881630629,14.656712400380313,11.248858629631098,18.501172896049155,23.385905176859655,17.219242919287765,15.137000647984811,7.580799143184276,10.073473711308502,9.969106875260449,7.92120662939739,13.802568898769087,14.167436891772597,9.538591626048762,16.79484602271765,21.211262405291933,18.20280860691646,14.459651939543296,15.181729456237614,11.57959982719413,11.491188966729665,9.848330294063933,25.236808869887145,26.524255382489535,13.12997512375171,15.569865593814214,18.352813938553997,18.05390394041744,14.209822746788031,13.555210871072699,9.842122600591773,6.395903582300278,4.0495237036000535,8.34544770191247,9.135230727779156,12.790360639586495,12.580826779921436,13.783077054899634,13.05029832737312,18.662663597940302,35.36421397140945,18.670205678206226,9.166138373108563,12.972321893976316,9.674041406200665,9.94164400927788
13,9.691497832495424,19.389117674650333,20.669477356394765,14.691959778009966,13.695303892755168,14.511543689707953,9.681978404660592,11.980483888782782,9.117972463510647,2.9606310350161507,2.7300949417045115,3.0020317152729135,2.770153465383829,-0.0,5.229580367904824,8.21780560134939,11.51339065357126,8.014609176977153,5.3462339372916965,5.953328480103085,6.817597233172736,3.8714332924499257,3.789665680563097,3.2781298554717866,3.8980476994217197,3.9720905253472036,7.889697394996754,13.405217058844753,9.0578403741301,8.313966607554311,10.299999627344734,7.154613196389046,5.510651207261416,3.4454664517757134,10.293585664865178,13.323228370681637,12.182040352279266,13.802283013888042,11.791588486920991,5.336116144666404,11.5416763533373,9.361580021983086,11.428537436790737,13.381057730195495,16.952738829799678,12.352876832174958,19.83068229160683,21.318781216180682,15.41453547667039,15.255356444820189,6.3006575247737056,10.584323508879834,6.677965469221513,6.9027508912217845,14.007503996453632,11.038285702789706,10.02414433142527,16.256277790511927,17.67094340409129,23.94512588593908,14.844465861050983,19.66454323777288,10.52806985393141,9.42008259976665,9.664175736341123,23.064352517128416,23.602266052878118,14.78320365258004,11.763771970822193,22.0818822963063,15.73011727263917,16.505230509214776,12.389580783938092,7.55429298293717,6.233712624820959,3.657755692765419,9.437648221247356,10.20433729137526,13.785024838965894,17.735433843112673,15.517828117396556,14.22956912607488,15.906335828960671,32.31873831601654,21.917872866521467,12.26856151462791,9.822993090216578,8.287959623040699,8.57991972671123
14,8.111929597243734,15.778416090386285,21.71431914969826,16.671326626811144,16.029978575901964,14.82917991577369,12.411553623057879,12.726412521586866,12.432557377961013,6.469613123568706,4.054323239549456,4.685965414232492,5.54379322258265,5.229580367904824,-0.0,6.951667059685686,10.326107102904107,10.876753501551955,6.690035702354785,5.9731661104767,7.381605595732599,8.453064597239779,7.495000837729804,9.083848458504209,2.852514575895912,2.726346318018296,5.351562522059539,9.802566841240788,10.120807724987142,9.52345546045149,9.665096499339546,8.935166522428256,3.357052323146236,4.944837908667545,9.735841111495471,12.069364096911288,11.31099528502135,14.722954463564225,12.693120283187547,8.812014034864587,15.837718880149133,14.21038940771352,13.512426343920955,18.69644292798824,17.53410739214931,19.96662878287923,31.326379587544462,27.300608160120913,23.665182807912654,17.042388440882206,9.670673436449043,15.46758137700025,9.875235211953019,11.688256553699892,17.126742185788746,12.754707213838508,14.383497095120115,21.28843179834633,29.566654959371792,27.136205281661187,23.4267894362956,25.0496429223445,15.716008038910827,12.020800726094922,15.925024262501468,29.910722372301027,34.227591811007,23.687716420834967,14.628221573845972,23.656911319966976,20.207276768784023,22.574429835116707,16.66043833330815,11.763451165495415,11.578858139428128,7.710884447339133,13.156796173278313,14.991641940468169,16.73855525646748,24.49051818984487,17.225413446371306,22.361404820719475,20.861122618655386,28.620159833030144,18.4420298882536,21.60718876881458,14.115801110256788,12.001614094644383,16.887227996873833
15,7.058681342486731,10.220850285125117,18.97292998430474,15.728674630773279,13.391000280649182,11.300028561660083,10.553442388120288,17.061562134363072,11.8362519759912,6.042806511367347,6.935709286286645,4.5943017977591385,5.719301811485252,8.21780560134939,6.951667059685686,-0.0,3.320459714525222,3.4843534115671257,2.9682318564027574,7.428237898065869,12.267549422847024,11.07062512438183,10.720279700042248,13.573018077718359,6.544762581138115,6.759595834430169,5.3614380617680615,4.724697279324148,3.2365444946142405,2.7609939540514206,4.206190468838335,3.139960412128124,7.501856161770087,8.040631593965136,5.297178289454427,9.240013717249026,9.808132606327735,12.871880179690606,9.684895011878682,6.779831923964564,14.59381286028991,15.974193883445727,12.973535955842754,16.432666265552715,22.610343458582143,16.672329473815235,25.839421679948742,24.762446384728936,18.92737832179356,19.449762722413396,13.951034830831611,12.994890098545875,14.686113004792281,14.298526714337052,16.33569073117953,22.030583485831038,16.159787056479495,18.33460062509796,29.338274833409994,23.03993864567744,22.82406004833976,24.040352264807424,16.8643931873335,17.72218696151121,17.800654518538828,27.891877076104414,30.492948257888077,20.39576376066054,16.37888102939159,23.491862874349245,21.337926478770513,21.911798465584223,17.941763493174513,16.75253337150114,8.787300557331664,8.212899272788931,8.659316227331738,9.605867703714647,16.336278554951082,22.604611472166557,17.431622314029404,21.074313221304923,18.487837927060582,41.51477715736498,19.97041194669718,18.50192241756513,13.606004527826165,10.980605540348515,15.1953541884373
16,4.2687748135517305,8.637696314455757,17.22692241859372,15.852083425294929,13.152034891757975,12.721404032779999,11.411630620751788,23.129700021226117,13.376114901629734,9.29586213472275,9.465521869948187,10.262609272702745,9.07331601372241,11.51339065357126,10.326107102904107,3.320459714525222,-0.0,5.873126959206932,6.715417421427941,11.150153862799868,9.550901897502436,11.77424042367541,11.532821019375305,15.238486920881412,9.348565777262067,8.842433118052933,7.760267309313642,2.6764879757809044,5.721783277755813,3.186192826361671,6.1156352476878055,4.909330745584329,8.171136649485122,12.515767510580705,4.359928506882772,6.222607793565011,14.358626899264301,8.974816445118165,8.15049921062281,7.395144227332937,13.41000926122295,15.731682016430621,10.849147315931418,15.622831602312363,13.818673754282027,14.4471141262538,25.887951437139,25.801324027221444,19.631542563750223,17.484646111432124,13.939472153763624,10.445580974511278,14.620390000066497,13.094823524639562,15.529030192522827,20.66400559682773,14.312935230742449,16.318682929384654,29.79346983422772,20.902977269756736,22.065526251124503,22.601878433813447,14.515297573167773,15.488782864861122,16.68564075324612,27.048090223916592,31.514431761934656,20.152975862915778,17.003980458865623,21.642290631765487,21.059511859937263,21.221513018987604,16.521571886023864,15.373357295667288,10.0521782447356,9.612307793614729,10.537451396696497,10.476693483553838,17.853356637144742,21.555248817665937,17.500739021229922,19.405815510010417,19.548942279798613,44.92900874305382,19.497925421024267,19.946946154028637,17.648373168762866,15.857332300353091,17.392615048778836
17,8.337396831863707,11.90954109015893,16.85031253599029,14.821490832020915,11.773462807836864,11.531464106779792,8.357423427406362,17.196529419328844,10.867268834056274,5.936807536950608,9.648051248922817,7.401027710559715,6.206215288928172,8.014609176977153,10.876753501551955,3.4843534115671257,5.873126959206932,-0.0,4.757228854720988,7.606762888376403,10.119131570289717,10.197323363478446,8.67221717460897,10.892041270727367,8.558573943542006,8.246080573592304,7.912580502927848,5.313806036168465,4.173473970154091,4.541724722840603,1.7494647082015782,3.21147675653378,7.583640008896976,9.110813699486071,4.96035056876109,6.664247153924092,10.40965307288596,9.96346452549071,9.00639793447874,5.152376625643004,13.457500298018187,16.347098482169425,10.790644255058796,14.915187734912303,16.80387457666992,14.671158541033444,18.038836125630457,22.045751690491546,19.982875543835448,17.87713115814102,14.282073866340959,10.733431970426265,13.57495309116244,12.933079691031109,14.235235970516813,21.48425371071669,14.4616910512692,16.97735822541632,27.25650265313119,17.799241068349783,19.425805218383363,20.334665015111458,14.428648623935251,16.12606669246981,16.1458735970919,24.924318979597015,29.38882775065752,17.419777824836444,16.547755643332223,19.97953218902107,20.625546249931798,19.06279588920732,16.268344094789818,15.45007459573998,6.362432516509164,7.117723081806537,8.342859934490518,8.297193946556416,16.262650171797212,19.129799661876508,16.247069793184366,17.694913361849295,18.153484640020604,48.1274291005077,18.931866687320547,16.347255739906288,14.580218505282344,13.468390097644782,15.166567040721421
18,8.180754775436238,13.16342338016996,19.658772492028362,17.170364262704283,13.937082812546084,10.59507529631507,9.705954843894004,14.615732241854548,11.011080907318933,4.567060998179735,5.722286388932844,5.139517145258631,4.3728457760528565,5.3462339372916965,6.690035702354785,2.9682318564027574,6.715417421427941,4.757228854720988,-0.0,3.7594051475200443,8.847852704980125,9.811674885454845,8.364693473182577,9.25077144560123,5.809257504703152,5.6497527494384645,6.965962140499425,8.283653658954504,3.8524859753193876,4.6797072075465564,5.028399753017442,3.5420664335091243,7.533892801703286,8.309808989148925,7.42330017028457,12.518803628063464,10.126626066443448,15.995485638461494,13.071702276980018,5.600635456478836,13.929793764786098,16.295079388306622,13.46123543402124,15.101192591139922,20.038766574556984,17.444708618753403,21.429333867163145,23.34812408317939,16.79078633634174,20.15126015270141,12.812325970819133,11.132075916851225,13.542436031599921,12.840999085460496,16.463003563307694,21.652571853369892,16.452994911146288,20.24164460851986,26.892243468796206,23.328656729070836,21.210031967601072,23.760446287537086,16.405201225954794,17.95786785848982,17.074551479786507,26.14855335608042,26.152154390892075,19.27619945126129,13.943430876882086,24.201594784615832,21.160122090276907,22.48743556777045,17.40687757050456,15.754972842497244,5.997573273007608,6.8886234000285445,8.06508170196239,7.953529541476921,16.410976666123936,20.274664198129646,18.113376650272176,19.553762688180395,17.569214452129827,43.077420073853176,23.47760330968525,15.298887308661959,13.323402419183497,9.100336888856155,13.683839896419665
19,10.072375968576567,13.508327194826359,21.984520920183844,18.03649162752071,16.137726529247324,8.333320812677885,10.953302431182253,12.285885814466864,12.573794305777541,3.975759899994093,5.460718765701886,5.356383323748522,3.648846834206448,5.953328480103085,5.9731661104767,7.428237898065869,11.150153862799868,7.606762888376403,3.7594051475200443,-0.0,10.346700203915056,9.699683982588361,8.31343260014634,8.740926224614883,5.324307745488384,3.813047292558195,10.310029858449756,12.124149011056007,10.07690305224113,10.760633135165287,9.838689589977683,5.228290700853493,5.7699588079700055,5.944187890961989,10.422714388524463,10.49977836267572,10.001411726438171,12.430593522422166,11.079996361516368,5.511143079905048,15.818317310549995,15.774516613931938,15.533997745045877,18.228416195718637,22.990100249102632,17.97833066293966,26.623301073371426,22.77373603889218,21.909460787270277,16.006322337044672,12.250481319075238,14.537784695870531,12.890591680241393,12.808868351932837,15.753495598527355,19.657387872779438,15.785876649299773,19.808084603543346,26.570404077138488,24.49227041376966,21.879945061307872,23.581047792361623,17.34755857734005,16.66217373501086,16.811163045943324,26.877118754888144,31.071630928320285,22.055421286589308,12.488297068903712,22.191154395054085,20.44501148966003,20.50462407617316,18.596861013261627,15.113540198850036,7.700527493494333,5.969994574840062,7.649490102724891,12.040438073560727,12.361176602462765,21.803085681510463,18.068766336687332,21.586971391460605,20.043650718805722,43.15814963858199,24.487135340521693,17.41848860093705,11.746909230878702,10.04300653013105,14.441450784254698
20,9.319902361322043,16.848736327876303,16.266093764016528,14.433357241625103,11.016949523060736,12.555178608034028,7.894465389279139,13.74318943958949,5.699264654469662,8.653877015447192,5.089729294636812,8.298632546547132,8.506410635667327,6.817597233172736,7.381605595732599,12.267549422847024,9.550901897502436,10.119131570289717,8.847852704980125,10.346700203915056,-0.0,5.859740607416402,5.520255347529005,6.67292612125726,4.748274389047831,6.381667799501343,11.472124180607748,11.6738524670322,8.37305714677254,12.194818323411939,10.456631267024173,11.257661970585618,5.493031906221458,7.966050203744627,15.742390641793293,16.33582440357462,14.764938862556718,16.161122032429247,14.66203165689765,10.132837662334241,15.386828555329904,12.531550647191933,12.69333875193078,19.54402825120908,17.148412933098868,19.19969759005087,25.22073923374393,24.218630563855136,27.31825792248485,19.561970761585723,8.839148897217031,14.428372165158837,10.619163013275637,10.68199080398283,17.944926566849247,12.096982438627101,16.64437393861324,18.114202313430603,31.968030034471358,29.933042217323518,23.938612667386955,29.510846061107017,14.247814760384449,14.902214014511166,17.41154070969314,28.44196658727121,36.89361721392663,23.51165223776803,19.084790771900334,27.38949938495468,21.11585221815496,25.1933497339754,16.41660114275718,11.960552818669244,10.231725961219666,8.03339910893341,13.963695092600412,14.024538570611913,24.350281819391096,28.933661504527837,23.34002616229561,22.156310588685592,22.322593720996185,31.2628352988847,24.03734915453969,20.57966445614348,15.988945644335312,15.75944946077979,19.522522464873497
21,8.33556398084569,16.729825250243536,17.489726301519685,16.511156346425576,12.078677619520086,11.713194964435644,6.999342096868231,10.70143207933007,8.426353277559599,6.436409122249503,4.6305256687417335,6.13477283935488,6.107922474756601,3.8714332924499257,8.453064597239779,11.07062512438183,11.77424042367541,10.197323363478446,9.811674885454845,9.699683982588361,5.859740607416402,-0.0,2.681756187933294,3.784817765477483,5.884919345224764,6.4662101136864285,9.871841792191349,11.004846701166635,11.443135490649647,10.70265890620623,10.283554388558231,8.315180120640067,6.030690948489003,6.661572843384977,13.875015693921236,10.358762651207751,10.595004965046058,10.622614794374126,9.119979068971338,7.838345522827343,10.19497034923999,8.05330764343047,8.888829437320187,13.500362966893286,16.52107244948977,11.327450037461093,19.091863684068677,15.146134648214021,18.288047590353262,10.68831562090777,6.017002772758297,9.916011724241603,8.220380521539996,6.8673370351914365,11.986175377704562,8.370491705129895,8.649043526514571,12.059335692814052,19.137615096961962,21.382132288420063,13.426794808905028,19.578233100402148,9.050384150148433,8.975496016377415,8.656344231959459,18.152960454648788,26.45593991111996,14.130337508772945,13.76738745495553,19.116521351949046,11.020415626647551,16.05565909094458,10.629366001822687,6.493349243668828,6.771624014408244,4.186464146500163,10.717907655347572,10.50511666911805,17.038427415112004,19.168450765476585,17.76194719685008,13.206556007150208,16.33791246760787,26.89289066468651,21.455657336020572,11.833339982037694,9.6108601014381,10.255746794646198,10.742994199353522
22,10.846703551030656,15.447481561680798,18.57483107237169,17.05720457976258,11.816796618409857,12.667028039692127,7.663897388087057,10.691394945496667,8.036128124641404,5.065008948708502,4.483228715045425,6.326169080531255,5.826788357182918,3.789665680563097,7.495000837729804,10.720279700042248,11.532821019375305,8.67221717460897,8.364693473182577,8.31343260014634,5.520255347529005,2.681756187933294,-0.0,3.5816887173068173,4.220682061139833,4.7536073947528275,12.07585639394171,11.837236216175945,10.310438289401478,11.886027524315463,10.523450177772341,7.956144196287674,5.2954184787531196,5.541968288365123,14.65697113710888,11.7577054329661,11.051334908922563,13.875405008127615,11.40938021139559,7.6190690195260355,12.106222373002772,9.68260722691682,9.97342395762448,14.318045052964175,17.91681172253051,11.98921581550242,20.660930440339104,17.984322082886944,19.07388621541867,12.766423018020424,6.832637304604611,11.4718301886178,8.178946747428789,7.83896809064778,12.805308527642508,9.69251200472872,9.68340582328358,13.163581292431292,18.280440216218675,22.974919481414936,14.045407182147748,19.181675729111614,10.576867528176919,9.96280040995089,9.38464469750933,20.317463491825308,26.57013516383132,14.461789877806245,14.038745570775673,20.41610625999004,12.144004266305153,15.511755104212108,11.877223311323712,7.176260519034317,6.899577691139092,3.262526514929226,10.177341770958572,10.387475542734707,16.52283194615744,19.65367135070749,18.004931992660712,13.796599590330004,17.43276613460733,28.486955109394096,21.533862646752553,12.718910859113004,10.377098516118428,11.071795098947675,10.482876188152764
23,11.186467402852664,20.161575290808663,21.69206526722963,19.650275937669612,14.00449362675133,15.347617390005658,9.91366591645259,9.9967842227125,8.960777662489898,6.5428803162818845,6.254549370275154,7.997610183370029,6.640248489385025,3.2781298554717866,9.083848458504209,13.573018077718359,15.238486920881412,10.892041270727367,9.25077144560123,8.740926224614883,6.67292612125726,3.784817765477483,3.5816887173068173,-0.0,6.315358539691078,7.105975519803329,12.890618293813516,18.24969153373214,13.41473276563494,12.47906220130367,15.218572013668268,10.39232245312361,7.440308632350165,6.334953947626914,13.507760847969449,16.3629434669969,14.949050298148117,15.025221411984349,14.116806483728725,8.477117958922488,11.459043766046845,8.830514013865448,13.447235435642044,15.031958835229965,15.080020088752097,11.806676903400719,13.862158090652388,22.41451174639533,18.489924762989613,16.109597618384086,5.678164387068474,11.150556617910857,7.324150727287466,6.790943542829363,14.69388928438516,8.407756042243351,11.679414521234962,16.278278220649828,20.994995869516725,20.67519626282625,13.7812482200556,18.416956382924305,9.289564944575265,9.73033124774267,8.246064656900936,23.280154688539692,24.61120671752848,14.300816198480572,15.169928922595382,21.0211831985213,20.161390380889987,17.071592570406914,11.188157798868033,6.747426725318652,5.631630012921302,5.100623147483123,9.74393343278982,12.532035559622699,16.884719118899437,16.02998480188248,16.403063027478957,11.965170593232807,17.761466081029543,28.71111378927108,25.198862409582073,9.582238469853877,13.938918830796606,10.385741942665456,11.25198026140253
