,0,1,2,3,4,5,6,7,8,9,10,11,12,13,14,15,16,17,18,19,20,21,22,23,24,25,26,27,28,29,30,31,32,33,34,35,36,37,38,39,40,41,42,43,44,45,46,47,48,49,50,51,52,53,54,55,56,57,58,59,60,61,62,63,64,65,66,67,68,69,70,71,72,73,74,75,76,77,78,79,80,81,82,83,84,85,86,87,88,89,90,91,92,93,94,95,96,97,98,99,100,101,102,103,104,105,106,107,108,109,110,111,112,113,114,115,116,117,118,119,120
0,-0.0,19.89596123272412,17.900494675260454,22.60371712115533,22.575352626317247,18.52469921245738,18.340306297893733,20.605672911113633,27.7475235384709,25.308565992717373,17.639821000457243,24.899222148854125,20.150756321858548,23.53303961829221,11.487133842233153,20.074867627961424,19.068530685725538,18.375174949260064,21.681813515278236,25.199964518398453,16.72921495567266,25.544008782156105,22.800471687701027,24.85370828219534,18.964858596979553,22.114869357259305,19.90946475421253,20.5350930352607,17.950212126968076,18.731428888761073,19.583879019110697,14.155972593861678,20.98725559785513,28.249914690252055,12.060818420580768,15.993641042895517,23.07759425516594,15.447185006421597,16.36404224401501,20.159749501667424,26.21912687537168,28.286049597052106,35.1670836060097,34.16834213134773,33.31970333253389,35.35069710875896,38.469516873148436,33.62706859710622,24.91679426911449,24.49485137454878,24.640261770664743,27.314396640154317,22.836370718819243,23.257039272637275,42.203774939114616,40.890847038253895,42.903577052917804,33.33579844379455,31.92318675568545,42.43281792349425,41.17284234275619,37.693765916356,45.16303526537544,42.39787004993269,37.902546866370734,42.62533246815253,40.40402376290662,38.82001258548547,41.019824624006304,38.67270375371351,44.8250060626392,44.72108119233538,38.490185851031654,37.19682404113493,33.14123458838005,27.739771182314854,25.633149873622276,29.01135026322855,27.58294144101004,37.549790517548665,40.00919712906681,34.83641584362097,38.62143434159329,38.1748616497717,22.58116566158448,31.050992731937445,32.5656838142072,38.1642182939419,29.41737758985255,36.81581416402672,26.705220459552027,29.95274187506926,28.605773046732875,28.985084586648743,19.356146717782664,23.272037569325537,15.486098823426408,23.147576499116706,18.831026530987454,19.10100827980047,17.272143643938463,21.40531596055763,25.423461483612634,20.919812734941075,22.520547154733844,18.676528316362926,19.290089796089728,20.512584445802588,18.825487705190273,19.081220647396293,15.793587778667195,15.617197371351415,18.111170198079755,17.739226600528568,35.90439095176287,14.083295942909505,10.95284039285459,14.382461742318043,12.570303036802143,19.28373534224491,9.632723516445138
1,19.89596123272412,-0.0,8.556940197483527,17.822093942686344,19.16500390389364,15.039956896990295,18.558905789609515,20.919762499724722,19.974558450355026,17.65205629705519,22.313988204582564,21.391406423099394,22.87928294708248,21.507218278269246,21.88755627681092,17.943321188265887,16.78926485973407,13.975537712459259,16.106164399856123,18.920936482279103,21.48534078679378,32.51493276256308,21.31213477310812,20.52528854305436,24.643607153220184,23.435571274127653,23.56298470135304,18.30967236376011,15.090991839382395,19.207227613389836,18.87492338379314,18.666429655738273,30.346578667134914,35.44331423848673,23.057966162007602,12.843550132240193,15.702989434334254,21.194382549788507,15.861057736804765,16.077048291344017,22.565602961112557,26.854982697983793,29.84809279934621,30.358709346647878,29.34942771407025,29.188334319898672,33.60346767569323,29.727490398527635,29.800018294288368,25.08356902391939,31.90311978164951,29.010780469646352,21.39631627994154,20.2868340154935,40.43139621341919,33.273455706389186,37.19380810955484,33.996888834360654,27.036920233448974,37.38545657471488,34.377553404614865,33.79446086582905,37.24970986568966,38.7760359539925,32.79045655237394,35.651117398473815,36.64267101386485,37.55495649772451,34.732066863154934,34.418396709103064,36.45100098251799,39.992822665162606,35.97956574382771,34.64652228700635,32.61360569314146,25.850507435988163,29.123462724357235,20.912494914731734,26.120318713091994,34.8448520286962,36.423381352352855,33.86213185049649,36.2551247705138,36.53163445217056,32.60481177197094,33.16260523413422,37.95799608561842,36.88721464358381,34.17763105196059,35.63043870841809,37.27038520248125,36.584673590394274,36.084148327759465,32.57814688828318,24.96700094639341,27.12267899503021,26.09315553601404,29.070309515360627,32.30998553956097,23.02195900560415,20.859192829893388,34.251223188496965,31.338907261973905,22.377159712425566,25.651357236504694,23.411139707403745,25.705173534145892,18.309389879855342,25.21269747496655,13.43141801931323,9.519982791743498,18.236073357415993,16.012776052587224,15.270004737946559,29.736055780432213,32.12597272695161,17.740225223515065,12.496861929581744,20.71952085482033,10.909993772667681,18.982915418624977
2,17.900494675260454,8.556940197483527,-0.0,10.007674120043983,18.461734839951454,14.888632695468589,21.375871509317186,26.08416880414015,24.337724413602565,22.53498481298674,23.961170748009387,26.21492767610609,18.137988823513645,30.623362830880357,24.25246985035216,18.21275936937544,10.755659623774386,11.734941783177183,12.653301810429635,19.297443562412113,26.975888196746997,24.38155528970812,25.00239734811582,30.87900818099142,26.337528711962936,27.676082085453604,29.553108391628847,9.696669615753834,12.11465134643545,19.147676935385334,14.184327178903882,18.28817488300223,41.82711302522637,30.554874803485884,25.650244647851142,10.067173754548767,14.48555234628423,22.349745927191133,20.3651908890171,18.843126431126773,25.432220183917803,41.09667030160003,33.9919815678019,39.14234577140958,38.52765728139916,31.684909630180705,40.26203115987337,43.941037560007835,43.867916523977826,36.68631549663446,41.547367082864604,39.25545214700077,20.59201278181248,23.58358999486261,42.59712221294452,41.13253474944717,51.92245929398321,51.82429317327335,45.578192729750285,36.81665816854486,48.528028795501264,51.21530070948333,51.352737249632156,55.12897690273399,34.417237163094114,45.66864455397697,48.770315929005456,47.13050220299694,48.93161306545257,41.926289276082144,50.027192096358384,50.75824703896993,48.36957078602465,50.21688136297802,47.99721805218382,29.55373699181849,36.1673940890165,21.673159661017756,26.096167609644503,40.47157030823406,47.826659119055144,37.03356422327651,36.978383497771304,38.76995835035932,31.531316314299445,37.49431909267302,34.59882353434235,42.00580586852417,39.17891814605471,50.520063166098566,44.60550723782109,46.86794341247764,43.809925031188214,27.90652456433752,29.529928853285675,23.32701641290393,21.517240093977634,34.38048449014217,30.111546941704987,21.828123177625656,25.964454401531427,29.947636225223132,33.656583530329726,27.442028749390527,28.789307761700048,25.728913833021196,23.730088596312875,23.654713887161876,24.034916973166915,13.475324252447031,9.68016162247437,11.849824306948069,13.13578487807379,10.952141561927206,32.937952213405126,30.19289087970141,23.904882538985344,13.811733976453118,22.84029194967643,11.038676492196503,15.142760753228705
3,22.60371712115533,17.822093942686344,10.007674120043983,-0.0,9.946798228832883,8.17704545566724,10.195877548183509,18.152218333285877,13.404162065325277,14.28904197644976,17.761444066967,16.645647810198973,14.628584318928025,16.457572962287003,19.142472598105083,6.071299130941016,3.904822804962389,4.729907058010993,8.179564921379459,11.433546588153432,17.338282830416976,24.380112196261052,17.285589911490742,15.357486666398287,17.418942518592633,18.37234150304564,14.019775611751943,4.049133250178926,6.0521547927283805,7.462640377534654,6.378566602206194,13.449181651237952,23.873468748522082,25.006914784678074,16.320966257200936,4.886597935680099,6.474667406306106,18.183047959772306,15.001987598006624,9.906697294958807,10.382973142171428,18.59616483476902,18.019765975151863,20.794189027220767,19.191511687276897,17.783476363086592,21.04873296784688,21.87990690898548,21.642250225179623,17.12187580668366,21.501538300488363,17.07954795564833,11.792657882089484,15.012894321964144,26.77152907617549,22.73382672131382,27.341147537303446,25.02026196551247,18.794946900443215,22.713329820323974,24.21416742666013,25.03720580580712,27.38730344069031,29.543441112501885,21.67049419030596,25.773615447211057,25.6168938772141,26.503880305860648,27.61690453289326,25.25941023159773,24.932906705185736,28.824152513302558,28.455750034139424,26.544517851532458,25.900491144450875,18.14465339042813,21.051465328731474,15.01779118715883,18.731381350171436,24.932742142685814,25.960013236507365,25.845786199936985,26.090875030337237,27.716579084099585,30.23006909711864,25.22855291718131,24.660260227457176,23.173271804232275,26.02228954608348,24.68248072182453,26.141846379574865,24.713727814560198,26.070729312970066,24.85879528036957,16.579286909716934,18.50962024473912,14.74792166588239,28.229373716179015,31.982045931493026,13.391376051528715,14.602591834817114,26.549073136487376,22.687907339405296,16.656556680683707,18.145253063832676,12.775337529595692,10.936991441381776,9.982549509254032,15.178044596624737,7.510299666859252,6.472832024360943,7.156009950361647,5.620271361132687,4.096058843523007,34.429031965903555,33.3912459516231,22.23338332101674,7.499305786103111,19.546505003794216,10.83111261411825,17.85002380254969
4,22.575352626317247,19.16500390389364,18.461734839951454,9.946798228832883,-0.0,3.458343912107005,9.070895014904085,11.572424009613943,4.490710501183065,6.661207718555469,10.519384450462553,9.269094281527767,8.627377700357961,11.841645317432572,16.32867389810574,4.131334737556639,6.931456619246656,4.847082431383883,5.566387666129049,4.944489697843647,9.61799016320907,11.46365600614648,9.110450791239353,14.12237775210761,11.563890531914065,10.913650839849444,10.454188500059109,10.528806312611264,7.940180726191177,6.709481978620643,5.465846892579901,8.27095566438159,18.50245351436464,18.15602661671503,10.848699791835381,10.272995662140191,11.996467387942156,14.332452257050026,15.490886770501266,5.803190178130491,8.108863311093,17.423352257726258,12.67328118097186,18.69060180630159,17.239998986172743,12.302336496998038,17.744182337702156,21.25205425777897,19.697565452212505,13.339220753581442,16.98813041644607,17.337124027162268,9.957770572799133,10.84457660094256,21.590156465056467,18.00976114042721,24.995295374552345,23.751399968206442,16.88331471355588,18.152989903628143,22.092450219195655,23.595398385109352,25.647074282988456,27.934651552242034,15.083244182806931,22.09418255933384,22.17771864637976,22.146616538547825,22.950225543835522,18.35081658883861,24.21543690651211,24.913465404959066,24.64265467467821,22.88063600632384,21.85338181122422,11.345632586390856,15.098494539489751,13.505127350199103,14.441673009287252,20.34598595705425,23.164533473781784,16.121386272680866,17.58824975102269,17.604864862443982,17.1717916870307,16.09451302225269,16.91002776215103,20.103091985606817,21.28069186679533,23.274294146574867,21.906324083022405,21.68678021256398,22.257723738493258,14.248254052451065,12.766722053767875,13.148844566355743,11.18048110612944,25.372200686511853,25.91048228875043,10.051382537005903,10.394707791185734,15.418429594755214,17.423615569947493,12.577891099995131,13.98731222685602,6.075481672589908,8.960023157486404,8.362033337284299,8.228851443348422,10.98410666037387,7.518729810551822,5.184085665462671,6.3808319345698,6.056618519404728,23.802514080689736,22.38928891705512,22.6514404843739,9.020068054813787,9.755920863486589,11.37592390027857,11.510456291980905
5,18.52469921245738,15.039956896990295,14.888632695468589,8.17704545566724,3.458343912107005,-0.0,6.216450057274224,11.751530721974447,6.508400233439377,7.942968099036248,11.111751523940613,10.201995340169315,7.420204745714438,10.787904230113794,15.702664233044093,5.632693146895262,6.78884074879712,3.6478075742227456,5.602964171438415,5.700750289404035,10.480399115692673,14.887060119129373,9.342989281888855,10.501577907444172,11.222056456535217,10.587624462948746,11.871464828156206,9.511360852277935,7.491064204618232,5.292911516426011,4.592134016708765,6.267752887545183,17.90138412021913,18.35779333728522,12.785742076928633,8.25550422509365,10.370519783993355,15.05014971336044,14.516985520150522,4.4654483675799925,5.72891943274373,14.350538083131283,14.280728747156028,16.625462295510808,15.560528918281888,13.053420763273136,16.34066254228162,18.018608524793493,17.21183484206313,12.280617298791814,16.2655927615439,13.350629646761334,6.255179283875817,8.460952354184165,21.558285736348108,18.2966767508183,22.851256403284697,21.071219885253257,14.598038692513413,19.36011088624285,19.251221942949694,20.893138921730067,23.027298148028414,24.053694491505272,17.00877820325224,21.545630502397348,20.592454161071572,22.790884041153642,20.988967943546932,18.7953938153517,21.551090639539186,23.99378474181025,21.015218789444337,20.309142767411924,20.152468294101954,12.650231807683987,15.821553864439823,8.249162046176483,10.067892238628634,18.606100094760187,20.79090091593358,17.367208582742638,17.889290001246273,19.82993758070771,17.26751482734743,17.122548780551448,17.116026302891186,16.879318687766766,20.12324710360335,19.799410426079362,19.743736021855,19.826894232898322,20.342657858392474,16.117809508196007,9.992455721110096,12.22802004289122,9.267867108379829,21.307049328680364,24.501835373669113,8.430027132874907,8.211171132694226,16.645320060931176,15.615474531903658,11.352487215384865,11.772323480696027,7.356238166631355,6.871886219087867,6.1985444751459475,8.064852423839724,8.032103142239555,6.995294336976488,4.205575736401672,7.50977766133573,5.993664950602191,26.167207655912655,23.791191267350225,17.561378618141394,6.862190120124168,10.645560122357534,13.679710289748114,11.359802204073022
6,18.340306297893733,18.558905789609515,21.375871509317186,10.195877548183509,9.070895014904085,6.216450057274224,-0.0,8.494620554967703,7.464880997322302,7.078776540366581,6.608585243157972,5.824828820005661,4.577007426512926,7.434220523048346,12.313225690023922,9.353562329655931,12.577634503340798,9.166020249759962,10.209804243163305,6.349711213292274,5.604264769477945,8.305584153282734,7.335362727520413,6.511067407514657,5.63630148568345,5.780526397928063,7.6594780651819985,14.21627557669231,16.8817171948714,5.836689213702417,10.737307182667156,4.338245248655475,10.241726341950313,9.350911010113501,11.248303267836441,12.327159910043658,18.746876728190962,15.150635482702496,16.519077740263413,6.055868167869958,5.2257837892063,9.514930182890996,9.502989345659591,10.3287077469202,9.299695504879608,9.737505172940534,11.666668182461958,9.78291663477766,8.826632162411004,8.321675968794896,8.961382100437735,5.798516028033552,5.3124726498469705,5.178929358904944,17.046076752101744,15.156660220658534,15.87438633458646,12.30041470022214,10.498099284482878,15.668075443014333,15.021564521515511,13.23985986993355,17.07850593352377,18.118166754850083,13.513877156122607,15.39933296361688,14.990137317781905,18.00568726155607,16.678012965801702,16.74574554486117,16.038952469655374,17.04345175248024,14.584938783813207,13.975788728219854,12.293743804044855,7.8293845091647185,8.383455353638235,8.737885395748863,7.301168165903746,13.695632229695663,14.789590050399335,14.396452618940826,13.789359270547786,15.579552250123287,15.951294289677511,13.226661207678683,12.163889761087914,12.582671767073084,13.050340705306342,13.734939291199112,12.281462675468722,12.208336241149782,12.328501727661093,10.319193309966428,6.711648446165028,7.047266225208622,5.822319695066192,18.398566715778642,18.72289827098503,3.725022896816137,5.65881732577223,9.743844596557992,9.94472868234037,4.911937438501036,6.768554850093612,5.67763259588597,4.1621089071216035,2.758680006278028,6.21114987927834,9.25473966620646,8.918673833528093,6.793649384299079,7.424071713687634,8.927840998962209,20.542946575416384,18.681594642033147,14.02955855882506,6.966821421430551,9.582814907698642,15.442191522108775,14.65193048250225
7,20.605672911113633,20.919762499724722,26.08416880414015,18.152218333285877,11.572424009613943,11.751530721974447,8.494620554967703,-0.0,11.394191405667607,5.917505530259623,3.785959685205098,6.505707570118943,6.45620163617264,6.163017400988558,10.065354211127671,15.818360645116623,17.410865001298713,14.699877515045356,13.089846714948594,10.579763018495704,5.259952476737696,8.797286090456625,6.645455021444304,7.046642131933362,6.196727700178405,5.723193851046925,9.085722719470883,14.598972320773804,15.828299084079239,14.857335115692353,14.788737864467768,8.362676041216094,7.654275627030924,10.569889897449228,11.969710601923962,17.37194674310686,18.04349978517122,16.736253876597157,21.676721340215824,12.19607624597179,11.081579498890584,8.375194346116407,10.463276257294218,9.604678732919806,9.27508534645632,10.478181074297146,11.592315004099767,10.893398578949643,8.030081712017319,5.603457707392654,7.608020022950887,8.757016713760112,10.374069716407677,7.933870004042284,16.539272286521204,15.256125678377842,16.40180436090767,12.805157300937118,11.532841980804813,16.502181496292916,16.476940603715214,13.790748052622758,19.281383940754676,20.167051711848348,13.159164026678958,16.682860582057817,14.486834234792209,17.655077464292397,17.512649304796216,15.97969388198391,18.703496950512086,17.767710634580112,16.222798942829044,16.760017452244785,12.069086554028866,7.383399377819215,7.0670710629423645,14.674405226767185,11.71972498247977,12.73286551726017,14.844884053409029,14.59584532646773,16.189648957693585,14.160424223139358,9.565204565079267,12.311381407567515,10.267221572547559,12.098467226977709,11.486854572072684,13.963785697692527,9.801476327553875,9.988527622750837,9.406922095111533,9.554639672405179,4.022115918701389,6.5319463843365595,13.166242427012863,12.28473544124457,14.284399314085213,10.400708179762281,4.8985655093847535,6.687133264732245,7.747164670154312,4.377027153931499,4.920157276432663,6.539230711569398,7.703755113297304,7.49008920872167,12.219689212517773,15.841227074224314,11.761926827654555,12.513482443354137,11.692014245229501,12.84466585726923,8.347141221302893,9.054039996966246,11.860372672299706,10.523096780534537,13.393915855674393,21.381630929350237,13.44606813426056
8,27.7475235384709,19.974558450355026,24.337724413602565,13.404162065325277,4.490710501183065,6.508400233439377,7.464880997322302,11.394191405667607,-0.0,6.697398943266167,11.261114825462839,10.568463126393551,9.705109931188339,9.506972956872785,17.390736224404357,7.916803494552015,11.219292122717313,7.773645389588425,11.90531117030614,5.950527341569963,10.45738129396512,13.365947151462356,7.787769117422772,10.811938856643401,9.407346993942078,9.84025769746353,11.693594258946794,14.545631167600172,13.881689564659931,11.1438352254948,8.1445168368926,7.365773989390797,15.180426360900777,15.976578327842692,14.921839149612447,17.018398918736416,14.822457183410922,15.788690808771147,19.464002392515564,8.05832392657714,5.327112192098109,13.680020535455759,10.237513578013496,14.828200482174339,13.191389630480199,9.176644833660935,14.007392956039157,17.575805323170265,14.602207625112397,11.289997172782689,15.509789500497343,12.03036212653868,8.397929255253747,7.305356850986535,17.756694448803117,15.54546301736993,20.339471779559826,19.55404637082504,13.25408472978883,15.857657028936565,17.54989801559569,18.972339401222147,21.84308234929334,22.664926611744306,12.924758575530898,17.675625953551595,18.066923804343507,19.593851186018902,19.505158517358193,16.341743800610917,19.907365233578275,21.361667563686968,21.269894485512374,18.690077637369974,18.16571113964442,9.856177600709708,15.142578664158883,12.780222039844638,10.213344859710825,15.679824715124525,18.447273444596096,15.110859102455283,15.942259773519606,15.817318688729069,16.795221670725685,15.035458856256664,16.09245785526211,16.207989687468018,19.180631671491273,18.360455245357006,19.635175582511994,18.209557192990847,18.83442644021618,14.713249320548211,11.55624195354858,15.419806811666925,13.0062458363588,27.840460283620814,29.074234929870265,11.88443382017356,10.781332371196855,13.375570562709216,15.55531520384751,10.565384296235656,13.93918743578796,7.395872286899917,8.274104813113931,7.907939684504515,8.643118538544357,13.454548079894002,11.885424372633505,9.471197686029075,9.969253227494823,9.483105157901656,39.13563031084779,23.599612177450126,28.18968105493692,10.379562662485746,12.399269743535367,15.97332496489166,13.501837164154042
9,25.308565992717373,17.65205629705519,22.53498481298674,14.28904197644976,6.661207718555469,7.942968099036248,7.078776540366581,5.917505530259623,6.697398943266167,-0.0,6.200910423809365,5.587612723952793,6.722938181419404,6.314282997298708,18.830123166040888,11.181839618320485,13.884491521692041,11.047982342439555,9.99564588669275,8.062896662131774,6.677018355116897,6.342829350514023,5.914429333116811,7.516927329030163,4.072585034174524,5.886371284261289,9.42569612006944,15.88539444599,14.252491082025337,11.063245429015211,11.684579371350502,7.789429898137679,9.086169509389284,9.023980611537356,12.070884027446425,16.0620836110902,16.149208023417803,16.038470462338633,17.707724392370462,10.548954226752551,9.456832897921927,10.612415714746524,12.273714311848659,11.676031039254852,12.822628195371887,11.232897528639336,13.463410396566593,10.074123702600529,10.061961914974477,7.766169897422114,9.11883831700936,11.17572388945974,11.033550050893934,9.537192847377735,21.63099207530872,17.65029208103817,19.191045218480607,14.092294327341966,13.441167642475195,20.34521349105373,17.128989837750918,14.658365365557554,22.896220939551338,24.20743024477879,17.463220673828182,18.504972993558507,16.390789888781896,21.276567093907552,19.66160362065802,15.252742839930615,17.77626908273548,20.60310692977926,15.027443442400102,13.22685398276846,11.65646029804219,7.833401260173717,8.69111986871184,14.847213317632113,12.555316482517558,13.837215601040375,15.001346870030225,14.255158324078497,15.189289069107714,14.611665972593592,13.704742138448786,12.734799782055449,14.424074212125339,11.64683041632349,17.85327335819429,13.854321162158625,12.13672658338304,12.658914640175691,12.797734652355556,9.466005077124398,7.75096134921979,9.863947427674859,10.837648776773074,20.353400568583897,19.2322010064949,8.502574061198679,6.881001404217577,8.640539661516469,10.4108713024867,8.836838074494578,7.085850434274114,5.615891305910166,7.310975857126266,6.2277602985066896,10.668825498555925,12.373092948134932,11.316785552365708,8.14039932102828,10.151479911692471,9.681810713000196,13.390777002637385,18.093001596950554,17.36997735948336,9.40813696692493,9.109026915809162,16.581385193466883,11.543427708553038
10,17.639821000457243,22.313988204582564,23.961170748009387,17.761444066967,10.519384450462553,11.111751523940613,6.608585243157972,3.785959685205098,11.261114825462839,6.200910423809365,-0.0,6.96483252855704,5.535940104991165,5.63050809901866,10.714388452253994,15.007171719166713,14.681918678760672,11.858632135996722,13.030441983826515,12.585649533923817,4.214776438531633,5.718412389920007,5.0155839762937795,6.2558314425809485,4.49242743791095,7.14122841434737,8.240682099297048,21.650092411366778,17.29397851072265,11.315899112018275,13.570863452754425,6.739692218465625,5.598368314040077,9.893398553581829,11.254015947695121,16.91703201067283,16.861385748337135,14.9991611104415,18.391231511893643,12.46382019834822,10.915689939846454,9.615362282980762,13.302002697345939,11.98856556978567,13.23206892483921,13.322375403809735,13.875426374288756,10.64189899739377,6.974021677572553,5.30785425721976,6.501148171387319,11.443502070298713,12.219491592086923,10.100559853499528,20.666312559824046,18.14716875891386,19.478274044259432,12.998764355049042,14.202065091976463,21.403838153420576,19.431825668619293,14.82843249278249,24.849592878370483,21.429923182895617,17.48013994735883,20.799938668464275,16.654238073877902,19.21145308117066,20.469957399927154,15.467510574460121,21.316467258344364,21.426611253504834,15.438948108723483,14.150684760266845,10.77275785494752,7.87403319862289,5.737012947779133,16.20331417635637,13.255170360925602,14.80700150085077,16.931958766314455,16.34707470854445,17.188430454429813,13.977324637792263,9.171188901985081,12.25563347218567,11.44091040136336,12.303081380399691,12.85304884730061,14.387644902432761,8.321232243417363,9.0886700773536,9.26358859156291,8.430942340413903,4.9990119122846215,7.398374594409613,12.308141270705773,13.126530650350759,12.245437408108385,9.224984168203495,4.673519135658591,5.506528635426319,6.97066482042996,4.69282588205111,3.573580848312522,7.2662815431331,6.573069665816518,8.204009791374677,14.377331117280566,13.23238738375784,13.050881480059894,10.188890776717525,10.93603378183397,10.630502990274474,9.981926441914565,9.876039190532389,11.274746381199108,9.76427776668693,10.44238571510099,17.899270579711956,13.834854492278252
11,24.899222148854125,21.391406423099394,26.21492767610609,16.645647810198973,9.269094281527767,10.201995340169315,5.824828820005661,6.505707570118943,10.568463126393551,5.587612723952793,6.96483252855704,-0.0,4.676443426497568,3.928186551271014,15.405089278264626,16.0356726904935,18.767293628115194,14.628531593128914,11.99087267159931,6.004077232367395,4.637250045739725,4.861476237232957,3.694350794580952,4.770615354894041,5.563927391365393,4.3051741038311455,7.752027914224476,14.411179487906741,11.656922347167072,12.857861430514658,16.465870235823353,9.214155527560822,6.671152311354554,9.992941862511238,13.029649219342723,13.907965186101507,16.86250243977043,13.7957153043435,17.942159627106392,9.647107005669003,7.667918574247199,5.763371604330136,4.718635908606663,5.752188370780268,6.0667960379991515,5.003104027681886,7.119988497531287,7.460907457293437,6.788488467731032,5.45854836840607,7.831480106940221,7.374777780396981,7.684775838764291,5.10726123022859,10.8074850759702,9.252343570753926,10.629103695890043,8.222580705441173,5.893671993370531,10.184505150417875,9.045445424611042,8.71502989130014,12.798620288925546,13.674775172827156,8.470554161964493,10.577996886410792,9.816340298263533,14.17770067272065,10.79353649061212,10.535430012087808,10.669901971302703,11.136712196063618,9.81180132241051,8.915044222342022,8.282883160512814,4.016597404649476,5.909560786845791,8.128297088098508,6.326996296434566,8.080685047999891,9.463509137500635,9.416006724040102,9.716390445195916,10.374101772380694,12.397764456932652,8.653596866032913,7.860580748995836,8.544957598666992,10.191185219149661,8.382532950918176,9.521679945344621,9.59986608221783,9.581025215609117,7.012748059339402,6.714486392122147,6.357245424895845,14.633893880146712,21.821059735505838,23.490996402394796,9.979074871118765,6.78324352589899,6.97846582576265,7.743918109282444,6.106775943073063,8.693467530282872,8.339508438099127,8.20074320383628,7.812326227014208,13.397750624617393,14.565394277367616,12.008366120506397,12.758088208031433,11.371586374477177,12.22978449838414,10.4126175953256,17.999720416937013,22.66364810747253,10.881735271301762,12.310591979063338,18.077538221679383,12.692553715899132
12,20.150756321858548,22.87928294708248,18.137988823513645,14.628584318928025,8.627377700357961,7.420204745714438,4.577007426512926,6.45620163617264,9.705109931188339,6.722938181419404,5.535940104991165,4.676443426497568,-0.0,7.162158048342172,12.988994128193577,14.221992798111735,13.93276528397062,10.230130530308957,8.572433123473672,6.7248965162334695,5.273138491987047,5.684052051408845,4.427118771434608,9.838204703666191,7.4678268427562715,6.228629269718953,9.994875389800178,15.553003282865262,14.138306184163154,8.393687124985968,11.53792952764778,6.0071199744143815,13.973013520719352,16.100387674850296,12.983900391383457,14.007963020759524,15.95510501302145,14.701626608584927,14.733793797320711,7.847985913137987,6.759737136173446,13.424978129689341,10.374540904634067,13.693436704404258,14.043929674483318,9.695237561005618,14.959503605242102,17.85082065618256,15.785852097200513,9.675023382259562,13.932901367450869,13.754919174341369,6.311371541527962,5.0170345722544365,17.49469797982474,16.166053672173668,22.28003101805627,21.793718111872018,14.728944319448845,16.022339965085788,19.594557431732863,21.52746499509288,23.36707502173238,24.14590556571087,13.07582850922326,20.314474606245355,19.80040494657815,18.709159785053444,20.155191854695854,17.425926040346084,23.158348949081553,22.837380945531077,20.766981892193865,20.894184818801342,19.285562187628003,8.164896647832544,11.191923185788594,9.712556516488798,8.792239361190111,15.892898156442337,19.964908729759642,13.930592608336333,15.459000284724116,14.689887418373367,12.398975541034398,13.172652328109935,12.025064467909724,16.531722871542684,16.05925602089952,19.90953925520485,17.863264763290537,18.609849906499907,18.199735367936462,10.085486922286128,8.271657303878655,7.678391233597136,12.191792714874525,20.960797109229897,21.186712153827774,7.926889554331298,6.169776865262942,10.080091538319977,12.55641580161034,6.023578698933476,10.131065492393079,8.28407951640242,6.145578713674097,5.883387078790231,11.721041790692883,12.160571956418442,9.577427092704049,9.53026747585792,9.930275749062748,9.923324514931306,11.019811853299032,17.00787549784144,20.83111016134538,8.888550181314605,11.31377492064949,15.832495170362447,14.312288582819647
13,23.53303961829221,21.507218278269246,30.623362830880357,16.457572962287003,11.841645317432572,10.787904230113794,7.434220523048346,6.163017400988558,9.506972956872785,6.314282997298708,5.63050809901866,3.928186551271014,7.162158048342172,-0.0,15.434069718199497,15.330289186219309,18.2715404181497,13.49144267672424,17.767407955203407,12.494268410573795,5.070475477435468,4.546240314437417,2.7491801578650654,2.421614807205573,4.07727952579337,7.619557531247861,9.216968484008019,19.22336610240865,18.46455144843076,11.920215447220354,16.859461191588753,9.651201025301994,4.6243751325627915,10.193438497885468,12.738854921109475,18.47017986304194,19.397158077997663,14.725296088184294,19.540838824770034,13.515201998594376,8.316830732933884,5.607053716557371,8.917346723066556,7.105093705478812,7.970513066175365,7.645334965183149,8.270861392698219,5.108472200758859,4.892594251600739,4.030383025297509,6.467353805919294,10.859826548037935,11.483589660577534,7.707724154130484,15.211114249549482,12.036967192181018,12.376104378697914,7.296740676706039,7.941747796693601,15.366518804027763,10.753702925176611,8.334611822237257,15.94253578271708,15.056531235633432,12.519316681582042,13.106451488254079,11.804963671371452,15.832036171987342,13.408044548554003,11.288253213906973,12.258933046359472,14.388363375777653,9.247992949590989,8.39540452749809,6.10626791274668,2.930340223563137,3.7806678626043153,13.4866725648692,8.99492736897574,7.736433157821495,9.375252710913506,10.350996847167323,11.418453462048754,10.535532812095765,11.181296604327436,7.88387974889095,6.699952494961181,6.841981293696675,7.293330430307688,5.947619347296114,7.137184420667091,6.89743729787043,7.4256178980433,5.720614848031419,5.314952687473961,7.544140366979015,14.30358652106395,19.12463912965475,19.013873367500143,12.064004860489772,6.266831208271307,6.470179093637466,5.327153014748047,4.632373527724589,5.957590027075976,7.369163461613726,7.598684061558017,7.546796178372785,16.038965162065832,15.88126440817771,15.886187403376235,12.789522767910864,12.650301513388436,12.431121391370985,13.10677187010967,18.214315145481578,20.2696425233103,11.77979534429398,12.202074395390111,21.287536740911488,16.084897039165703
14,11.487133842233153,21.88755627681092,24.25246985035216,19.142472598105083,16.32867389810574,15.702664233044093,12.313225690023922,10.065354211127671,17.390736224404357,18.830123166040888,10.714388452253994,15.405089278264626,12.988994128193577,15.434069718199497,-0.0,16.68983152193125,17.384072782147392,14.574223060729329,18.884256032422027,18.400621960987802,11.829797882468082,15.076873816267193,14.246499701306409,15.103607648435867,13.511931242661428,11.94485433622808,11.395002720509103,18.60329978180238,17.03242737971205,13.29973791522142,17.444655912291363,10.378061298527118,11.343770106060749,15.236359096555157,10.504343155347646,15.096812565275902,20.335662463591547,18.06694097214539,22.426666254682953,14.464551388620219,16.88875481008929,17.269557331555138,23.28320599540807,20.755506369491464,21.816478906079436,22.69251019138508,23.29373837277502,21.025666642079667,15.25981382979608,12.621958607111436,13.316361759886034,14.776373499587214,15.324584032550932,16.50602051770905,31.61577178041632,29.627084443925128,29.276411450556346,21.607837987357513,23.053092239590814,33.17088126232614,32.27999357575712,25.067739521932154,36.355782608551856,35.83279428473425,28.396782942863737,33.66649067414285,28.61147811882054,31.64117375159533,33.52209439860935,30.16035082478824,35.00575585403183,32.77653557024876,26.79388131910801,27.797809967117725,20.913083569854116,18.505239700912462,15.343000732311014,21.396649881944413,19.89462644634543,25.024489504484844,29.03701760860715,30.183164379238185,31.8587477407509,26.72821082690691,12.539385890940125,25.297167823105863,19.12418814311326,23.090417118403888,21.048047243562632,26.041012051150382,14.632602289846423,16.763699494514412,14.994984727860565,19.84962099375635,10.106599555386055,13.173248490712469,12.751198785221831,9.89644220660621,8.832951617054384,12.033228279923662,11.173553546342154,11.462826701680347,15.28244454733651,13.186099118962789,11.866893632351108,11.434482334221338,10.449545003954333,12.500107950095696,14.034997698968402,17.42811821133837,15.127749331868138,15.101741912150557,14.069972211543062,14.476741245857093,17.79469790223336,7.495906512111835,7.066152735493377,11.355614040715055,12.60928895676536,22.053175057926254,12.403139816234612
15,20.074867627961424,17.943321188265887,18.21275936937544,6.071299130941016,4.131334737556639,5.632693146895262,9.353562329655931,15.818360645116623,7.916803494552015,11.181839618320485,15.007171719166713,16.0356726904935,14.221992798111735,15.330289186219309,16.68983152193125,-0.0,3.805900116071913,3.297535494365805,9.099098963393793,8.632787080075987,13.130765790886402,16.64576023299997,14.258269965458556,16.322348149163307,13.624709853080802,15.62099392642568,10.060430132261848,8.707550542620373,6.697311761914639,4.7507282537978055,5.320398084657357,9.738870213542489,18.813015726843926,19.18583566448413,8.322401398354376,6.0241919079395805,7.768866958801672,13.569070236087358,14.034893764684863,6.81535868663325,8.380276405122489,17.617025040943947,15.699557328583266,22.117729442752967,18.716744577971646,16.3207399615629,17.993497668453532,21.844390254493053,17.00294979194971,14.601824230062759,16.219929246648224,13.974677730314028,10.138045703695377,13.159681387163914,24.156660385160517,20.212159730495138,24.834345412727355,20.90124712195818,15.980437254498844,22.807258218310302,22.526906104102,21.36254957863386,26.832741794467537,23.93393933799434,20.356218826072446,25.155588248396658,24.038150488831516,23.773796134720428,24.310745089079823,20.920857163408336,23.153117721107776,26.52995557492942,25.255596855085418,22.697654389584194,20.5343801186909,13.726999788030792,17.14569195682676,15.853028331917406,17.547758847610307,22.603117987324076,24.132238551177295,21.278976284089236,23.004953819697246,22.492384436255286,25.370167024249938,19.852982337731067,19.877260633501525,21.244061086514233,22.255648170749417,23.040336535055495,21.43705560491913,20.464329224683155,23.329263283050082,19.100541960174596,16.092332286975974,19.430053672398056,9.572742597000417,27.759227096918348,30.065786629777296,11.24503531543572,14.05292921526223,19.842602462975254,19.385270558506637,14.625550778892183,17.90356476281275,6.190638627605827,9.321503856691645,9.173724265395148,7.968781033044617,7.000857477838618,5.773818398892865,3.3924510792932634,4.080782889341067,3.634773375102245,43.17177603041074,30.078571088296634,22.574035020772225,7.374098812402415,10.559687565826563,10.953191415141013,11.386911586406084
16,19.068530685725538,16.78926485973407,10.755659623774386,3.904822804962389,6.931456619246656,6.78884074879712,12.577634503340798,17.410865001298713,11.219292122717313,13.884491521692041,14.681918678760672,18.767293628115194,13.93276528397062,18.2715404181497,17.384072782147392,3.805900116071913,-0.0,3.6229582071751465,8.335509443697786,10.247952666470765,14.580092041864795,17.25728062852864,14.200535919256021,19.465130676131185,17.711823286039404,18.707477355765832,15.053056320859573,6.127558346456791,6.354251226393275,7.221654778672222,5.169288706134449,11.134967507905712,26.756486951337425,26.37792441100729,10.853368897969935,3.975919945138233,5.472514030748725,14.412572761474914,13.774717725886033,9.041067456315083,11.64058356123107,23.487773099496227,20.45804964175064,28.52084939056198,25.495029333945894,19.2103764449074,24.81822474214361,29.50536988021763,26.542735609819122,18.19072062533392,23.865478092605695,23.43003141751786,11.97953479343518,14.808727800520984,31.665560119630932,25.81386735144313,35.09832765975861,32.973103261460736,23.264331728701826,26.955565666802617,30.3382413048571,32.73661737393659,35.44658020400579,35.390760705559345,25.415736228623583,33.47975948917096,33.501305277741004,33.466515335650385,33.70263369297694,26.025351155362223,31.043284062364783,35.9320568769267,33.0609449698111,32.43774593920064,30.18542095197518,16.356232325091117,21.346695864941875,15.526866801239592,18.314464594092623,29.405497797562873,32.25827471512663,23.806302862293084,28.018309529128064,27.211638652574063,24.471567856230898,23.580923746858208,23.704377199726355,26.57045260299861,27.79499823535074,30.849824278459078,28.907415394478235,29.129162172118622,31.241472136102157,19.555457867166833,18.26680508748618,19.645951376585725,12.546196353914885,27.295759205082536,28.96719757365544,14.013086218540607,15.494709582107957,23.987026554708137,23.422107124731102,15.94030924692768,19.108125727947957,8.592243105501387,10.764303665400455,12.258485267397674,10.479909608395142,5.640376370268285,4.895930903924463,4.3391649063207165,4.612003407379744,3.2821367453131813,41.032217173366185,32.922930681292534,20.599025652212774,7.4942052771505425,11.743804633596865,10.550269617534662,12.40207102292858
