,0,1,2,3,4,5,6,7,8,9,10,11,12,13,14,15,16,17,18,19,20,21,22,23,24,25,26,27,28,29,30,31,32,33,34,35,36,37,38,39,40,41,42,43,44,45,46,47,48,49,50,51,52,53,54,55,56,57,58,59,60,61,62,63,64,65,66,67,68,69,70,71,72,73,74,75,76,77,78,79,80,81,82,83,84,85,86,87,88,89,90,91,92,93,94,95,96,97,98,99,100,101,102,103,104,105,106,107
0,-0.0,4.570887017172492,4.350956496987754,5.280997268049444,4.686820386593456,4.0707439207443565,5.438582642941916,7.893485391708164,6.6828219918813865,7.224593160422023,9.172118455854033,5.135985737979099,5.930316725824074,5.078723165806801,5.97667278085918,7.6228625132532715,6.535701443349528,3.5919821467191095,4.666686589482651,11.168058312552672,7.646950111325829,8.485932463403577,13.4862072328268,12.105430959964938,11.57097290585205,5.52587690388482,6.171936402387267,11.422874180832537,17.690803414383367,17.61748093611693,12.159760780854565,17.127087020115006,15.85566759709272,15.257496071564562,6.222617145679542,6.1934666683134925,3.793634098128338,8.71695805921392,6.075452109703915,7.835758068652551,6.542015521325522,6.969488739056413,9.871511051515293,6.371501396812761,6.15519044279299,6.3989044799202,7.818964544508507,8.869200235502163,5.187949810894251,6.755251353083927,4.345272145808765,5.487822093739307,5.639142322473999,7.412470862541799,6.968621941664427,7.839519105170658,5.277843879053994,8.625798793336426,4.589197637339338,5.400687074465811,7.267909029719406,6.810181078633517,8.662172400493207,9.4829450218075,9.819138816302587,8.512597313820999,9.180802338015335,9.004594312297598,14.36023106238634,14.35144554343321,7.168536391690645,11.448011963838354,11.073747957335797,10.886116952219403,5.693332753301533,7.06551221111042,5.132095704110872,3.688925912471686,5.324406463701062,6.9756955110066885,6.496811054706393,5.22812061016834,5.483858894582575,5.4578515848088625,6.100060871954219,5.208864062559138,7.690399929359891,6.352291733815157,5.813328095310743,5.94036556245655,8.792206685006937,6.139470267726706,6.304221796516532,7.028443579761403,7.18732953369586,8.62268200116302,8.697112163566802,6.843130883568485,6.9026860764815785,12.825144643068183,7.8627676786998935,16.19898813160602,7.690074213674679,10.317958194649293,10.303755567552201,10.05373364703381,13.676432145753198,10.881378236984766
1,4.570887017172492,-0.0,1.9881454411381467,11.021627099654564,10.399749595820799,9.293334312067607,11.46231151909826,10.700405911192194,3.7457493972684195,6.6311216502385255,3.833252850758473,1.6849796688133125,2.1657833659583394,5.187059211228992,5.464566507100774,6.227273216430865,8.239812240826183,4.024007706636293,5.262205194383071,9.443051375951827,3.649079533275572,4.588574814358867,7.158777110955948,6.290982913585016,6.030363085989569,5.338772025984422,3.891462426591797,11.729330823161114,11.47825312078252,14.60671315157938,9.02622457996772,11.74123488484249,12.017496559870995,14.19430487979702,5.297212328450901,3.489255295141494,2.6459265577648803,4.615965497430266,6.068134236571003,7.661470252909307,6.28908830267374,12.22405306629669,10.24177784317048,9.653759179492951,10.725470332081265,5.945530017333957,6.186955674558688,8.044847266821218,8.611076526349306,10.520419586817559,6.232678236887745,6.693005850771999,5.223076344681758,8.698982258142202,12.492396361417716,11.331225759388794,9.957430711388712,5.518290293521493,9.705343761666642,11.703068632447824,12.377903783559601,11.88339515369641,9.496999519995796,12.2169721155627,5.7554345661801145,8.718330262851067,6.76436876372163,6.602884520131742,6.66096527694037,8.536442863163352,5.716947480127977,5.921651887236492,11.913781853119328,5.313094029866165,9.944839354013624,12.673275766622334,9.626981147419949,7.6624197510745775,12.254443677939179,16.302861087374033,15.704723180651708,12.451600292402981,12.480325058768496,12.854732413586257,12.945364597351512,12.664197796343887,13.609815943887385,13.349241853668087,13.755862636796113,15.581394425537226,19.846935046873636,13.311350858933984,12.435666847472419,12.243723810073517,10.213736120348749,9.971355023626312,4.549026469134791,14.546207690950357,9.747831060588027,8.910901872775073,6.006897092950066,15.952700714582782,11.645325517466393,10.38499281659004,11.634916427023176,11.472078621114136,8.853844474547984,9.548645717929041
2,4.350956496987754,1.9881454411381467,-0.0,11.976934979895718,10.803667034319192,10.276100878469418,12.545619150152092,9.601500072203761,2.3072275703581417,4.475797974794103,4.290918331453866,2.493899417048921,2.0710639668513156,5.685772272235578,6.019508880490611,7.0766906061867845,9.311362270981837,3.318159578000657,3.689850968153606,11.025239476106782,3.8860258486590724,4.913319134160039,7.939403693871128,6.535494039287864,5.711260364114152,5.066306876279859,3.3282625243377115,7.214179499202807,11.271447465486531,13.475426050482776,10.221173716498269,10.686429098570805,10.461577555785983,12.051099847807022,3.9129473511212645,2.9558464858886344,2.20015916656854,4.59160148827634,4.983934673313949,4.393712616988317,6.5426584606064475,13.987348601160699,8.8331528614719,7.187452496377474,8.012646348444356,7.048776331474198,6.533261206194188,6.791043747643856,8.068362707011556,10.929391939921993,6.080299560171187,7.92276961488048,3.5189460554345917,8.547813793234122,13.584281738336827,12.196852171112488,10.821437862954964,4.817080321867698,9.910672441383108,12.530564392114316,13.83704652694274,13.249294755433699,10.886832808060266,13.264248538731723,5.2674982851585215,11.554727680975079,6.213525016323419,6.019567789038673,6.9025175538383365,8.222938852827362,5.700914125430316,7.054554487925359,13.925419433188706,5.424653187010399,10.456476483360154,13.63023979623971,10.178278718699637,7.738688161276232,12.925558877828347,17.44224958930208,16.649534007454424,13.465303358252998,13.635467035187046,14.426074348567983,13.702691987530534,13.612299647937217,14.917584769038573,14.790884221287154,15.123468404882459,16.365112653895448,21.591674062143404,14.433837589565705,14.021662912012026,13.346532767575825,9.400123199850327,10.465258734401505,2.5641617956160028,14.124205700030034,9.914534278860248,8.03555260005587,4.283479667185257,15.473554755336226,12.513176025926901,10.371141060046185,10.064675533959468,9.527588361692935,7.769970724803323,9.708990229817562
3,5.280997268049444,11.021627099654564,11.976934979895718,-0.0,0.7219230950871616,2.5684945618344037,2.272382320538351,6.932194922192977,15.471937433796267,15.874092583951754,21.105088408412144,11.713670923844896,12.797386856623893,3.3848472528500952,3.1338329476569324,6.947663703882802,4.077782367257493,4.977120826287594,4.438969528363948,8.01179548734214,19.672655443557048,21.45542123652026,27.30024460575977,24.13879301684453,11.687356459067269,6.714753490634228,6.709213734834729,15.394564610291834,27.233376877983627,36.89756333311408,18.967555616243583,34.38893784749063,39.07354840151856,22.495885209614674,7.824489745688264,11.538145925346278,7.400476943313885,9.069812752130648,7.39452502335946,5.540391216343543,5.621463056843117,3.029193993086989,7.932711698484183,6.626734848071228,10.278529397843167,14.60975974471071,11.71074867817296,7.069028337914996,2.8720260898860164,3.4245606598895035,3.153593342647448,3.312715259418889,6.340461084313686,4.350383274987604,2.1590738715391926,3.888584935616969,3.4353048805927577,4.616789948232511,1.5397234714633115,1.1065881100162533,3.029250690829134,2.2584840099634045,5.1996391678201155,4.820316747059615,4.0399303852204875,7.591080603801973,5.313725280050952,5.825286154907905,6.9713603333634415,7.9867165378317155,6.6059302732731515,7.085560598411106,5.99866827698333,5.11503931253384,1.7739459105519124,3.3568567176031587,1.4469099909564491,3.0208932478989787,4.798613559074477,1.8291212363811082,1.5420892555301318,0.9572039823849176,2.0208353752594386,2.357159576854269,4.751047846190753,1.222220390505316,1.5367707297250401,3.941617610151056,2.164870956856586,3.7983188345623544,2.240260229292156,0.8337840735136363,3.528761760973873,5.208578530365804,5.839596070016209,7.436717157796981,13.586433687273555,6.255489517546328,5.41774526883896,28.501713525800845,13.447810857455991,16.05136035988139,6.0960531378772735,9.037300704390002,8.86686370022446,16.370542646294144,14.497085129489594,18.60714387335896
4,4.686820386593456,10.399749595820799,10.803667034319192,0.7219230950871616,-0.0,2.8409826061027883,2.510066771835717,5.924448499205451,14.055399660917875,14.932674882641345,19.61983690298915,10.988684295984353,12.02684297623573,3.895155347789705,4.4082009693775905,6.205305481394519,4.46226346358369,5.313999728627763,4.350395414095446,7.627676467133514,18.227286627583652,19.680624594295796,24.677519385043766,21.987503086391314,11.471390974939982,6.040824638074531,6.7562990863232635,14.207791368246015,25.09171240974375,33.782047312635754,16.962148236295974,31.72137622028543,35.47703538858257,21.4146423757126,7.702714275792891,10.648606250771708,7.140816880789101,8.785687975952026,6.817177462851912,5.8190790423496965,5.93160594897494,4.019169774033992,7.474137170129285,5.433325618260248,8.977543177272638,13.264527540461545,10.754295766187445,7.254061061908891,3.378103812097529,3.5359636316816228,3.2991052277194703,4.886392604837547,6.3390824940894435,4.929174149457721,3.000239628400642,4.395894584171166,3.562058882540855,5.168816380647198,1.5703169701966986,1.2809944036006866,3.604097714370421,2.6663953600520363,4.87897895604644,5.756220528161777,4.676542636207378,8.505161326039294,5.617176948948365,7.017208556725107,9.029993777355967,9.321269756461101,7.703704857518824,8.173153053080124,7.825319006547208,6.791681079550022,2.1821099098163654,3.883892663973787,1.7931780938192492,3.3271878211170636,4.97527159272486,1.6845386200575418,1.4242792350712516,1.1970649402976783,2.2873952091590457,2.6897746727430842,4.549750013720869,1.2890532228076752,1.9982396407103662,3.711836562484573,2.2456498485053094,4.164826743910454,2.465167049558425,1.1269202362022581,5.498954207167106,5.114050622437838,4.940495176852792,7.188406004576263,12.490500487294351,4.885559886949354,5.230111744010951,26.148236662059052,12.684231942458595,17.33023667327331,7.148638792607109,11.205819975611623,10.26234831521151,16.274172389153367,13.680089155472269,17.425889360414914
5,4.0707439207443565,9.293334312067607,10.276100878469418,2.5684945618344037,2.8409826061027883,-0.0,1.3331815791703099,7.917176250817186,13.758765191482818,14.056372079368971,18.470463180009283,9.877236321073093,10.998832002673103,4.08296917508537,2.889636001054033,3.8308764590837754,4.308282687439553,3.930736612340092,4.9461165739025486,7.369144872339139,17.26081854371728,18.95814488807453,24.503739689048142,21.321831255343078,10.713873464983223,4.774937443195577,5.422162823721104,15.958701151496689,24.79616585640088,32.59312626816412,15.330298794005385,30.941919649071103,34.90629726369299,21.99868076746686,7.984147851397929,9.789459803920234,6.277244147447538,9.54964405020709,5.836814897247276,6.3730914203701845,4.993713955539591,3.074190242928846,9.567008195630072,7.771639704365072,9.42053807547713,12.509039958740352,11.50791443818782,8.396532175673867,3.839241078217307,3.9862076252486105,1.0419846019671704,2.819452773657612,5.368367274321922,6.278821258496543,3.8102457370098066,2.5187420884004643,1.642388843115491,4.76221467429081,2.7852147903887943,1.5556913399895382,1.9871823420766643,1.8563695279314263,4.478242165786786,6.539384388160206,5.191864654094027,4.386687049797962,4.134187985748636,6.955542435664105,7.850226815043346,9.075629226509413,5.246657329417615,5.542105806569042,6.497838538275366,5.318927026625273,2.701251680819277,5.056010558886807,3.448075239503401,2.933561255779507,3.8727327004837546,4.447875670451886,2.962543698348511,1.7371000496147657,1.4901907761112032,0.9539849036736219,6.172221720093736,2.3151279157229503,3.5051922094737225,1.7772511283761485,1.5690749633424992,3.168434071186453,3.4780202832120426,1.7902217045590731,4.142746669726803,3.270654112461686,5.649793277502564,7.26522773964054,12.161215590626538,6.775335209877594,7.366373326959035,25.900157430299704,12.584717220403993,17.5492979724528,4.953179298860052,10.717937630244098,8.991494389234482,14.846216077553754,14.511485859823264,16.18258969047791
6,5.438582642941916,11.46231151909826,12.545619150152092,2.272382320538351,2.510066771835717,1.3331815791703099,-0.0,7.260856929776134,16.41805170741993,17.02398110482935,21.96025960486545,12.079029045593174,13.532167594852638,4.623586908624033,3.8092667041515313,7.062134483410927,4.810394121048773,5.750398708366986,5.922940676303298,10.021193370488628,20.60706357508072,22.398154297540387,28.59655199953968,25.254542453979596,12.664448474266232,6.932943735844362,7.1743426674923505,17.420304799983317,29.056886936940938,38.42591670856649,19.693569573844297,35.69775904885135,40.59790791931254,23.926426815071856,8.745305830774377,11.98467994281234,7.669936986747819,10.878349084489509,7.884970771874017,7.335552536901369,5.279278073946014,2.7656985977463484,9.342380612721659,7.221028385783507,11.013679177994325,15.26908191607752,12.051722305794788,8.55798196033546,4.449787154171345,4.810098576431382,2.281912369878647,3.584611228685626,7.098752377388707,5.577465620800566,3.888376000756506,2.6522825718981005,3.00832316515224,5.327266366966453,2.6061648980869725,1.55333318466693,0.9826305583567293,1.0256254784436556,6.337653655223295,6.541185313232718,5.023489837490338,8.385266748448137,4.929695166477969,7.139066237930146,7.808763241559797,9.298790375841424,6.699080200155972,7.307614371417393,7.599403021960286,5.564456177159274,2.465042028692812,4.565542467390481,3.38499089946983,3.521099726618585,4.425608815344088,4.151960121546546,2.4858456355529133,1.9882459034325495,1.165872087860737,0.9361770949916904,6.4509783423153575,1.9685672097616713,2.3393416846668456,3.6236338149701486,1.3572160364707173,4.2835761539461,3.28625095052258,1.5010974036249851,4.061220887406573,4.854980300763208,5.646663449566556,7.79560973087973,14.07607559105728,5.739436840263559,5.34585033837808,30.174180611443422,14.573367089694072,16.051334368706573,5.992475869321509,9.727003494015541,8.842182594093106,16.93821256720288,15.423038019522075,18.776563827099167
7,7.893485391708164,10.700405911192194,9.601500072203761,6.932194922192977,5.924448499205451,7.917176250817186,7.260856929776134,-0.0,11.470548773867046,12.922828252242432,15.456325561118032,10.885536710840253,11.133477044626247,12.069324298824197,13.508882996994826,9.230821990324893,5.86652707094848,10.144121946438737,9.055978655857793,13.9398606307568,15.430646378489525,15.380231299631191,15.16920307508555,14.120606318649854,10.306750113362344,7.723909211780543,9.413273589742236,12.29176313289226,18.452858246812905,23.555021944517037,13.089440125112654,25.9130781178658,23.91901270779931,18.29362748984472,12.664171015441422,11.009372908615472,11.541469644599157,11.987007112154886,9.025259234566485,10.860963049882077,9.396942328889722,12.833450496486622,6.035970865060927,3.328364089968678,4.498589010882679,8.182096928150626,7.973976225236845,10.48973868279655,9.941136883994094,9.598157806738783,8.360542825821438,12.99183762343614,11.002488137386782,11.514504634784396,11.981122185427866,10.613410772717842,9.212635414806332,7.213980472302115,7.626916059417595,5.583719918490461,8.282633224691294,7.060534807480525,8.97682105095019,13.81929249858612,8.83794981605172,13.963614226564738,10.208549370574225,13.577053824129456,13.854335540927035,10.737236360045006,16.247037231192703,11.676075077645683,16.62132916310991,12.380655437488034,8.085289672877124,8.511617462166237,7.603195170286459,8.878014215672708,9.139078369654682,7.079852425024652,6.482562995529477,6.136615105518809,6.953340677778946,8.019157998946772,3.2144882923350107,6.013422895350005,7.206464654046172,8.108248286443228,6.802834221091619,5.954879210216189,8.172962098419545,6.16594378709849,12.39373089273102,10.356736920577967,12.961414731757909,14.153953246787877,13.31365875231964,2.828040895386645,3.0320152934269204,17.790986340451983,11.400355451196386,22.00709488745369,16.440985602105865,20.895214523770203,21.25451672784544,21.515448909825324,19.182283822290735,18.563433771843574
8,6.6828219918813865,3.7457493972684195,2.3072275703581417,15.471937433796267,14.055399660917875,13.758765191482818,16.41805170741993,11.470548773867046,-0.0,3.272959317605824,4.183760739577899,3.8292558728628006,2.9768592818933315,7.7732655003247935,8.377075072001343,8.615717197470042,12.269459038730346,5.24141045555297,4.937191237414052,11.771470806964137,3.2689372772510077,3.7658210553548286,5.5632784775185975,4.287256542840324,5.10358855835687,6.826704870929038,5.340772034149299,6.345987977146109,8.593686267583038,11.274282929934982,9.236306680153266,10.047598452541532,8.227260419051,11.032559276846815,5.146912836735075,4.566910547760641,4.414174744044028,3.9366524852159075,5.894150828988481,5.67650471899869,9.690516301533425,17.844888985576294,9.257163397972615,8.72786888103355,9.804563908068117,9.495984894982636,8.347814855431352,8.21730151724754,10.705137823536472,13.934815379135147,8.71578476147894,11.039703363008552,5.5009279814261465,11.178425626147233,17.21737723077552,15.86456645272196,14.324829071067308,6.011311503813576,13.039916393344285,16.222373913886695,17.749781353853393,16.96341058376275,13.424173736164272,16.44119726226239,6.390870379585077,14.17543301106824,7.759396927016062,6.539274576243484,6.498805574548036,7.656643307450195,8.040395936653153,8.178897379421356,16.155416972205558,5.954850418883724,13.761685641986979,17.367130369001796,13.325448362160907,10.38486498993547,16.73639722430759,21.450847769664897,20.669126551049533,17.149691809784233,17.512125932016612,18.335455994998217,16.39569322497773,17.33165774903687,18.65293015238295,18.654055125063135,19.034836426180384,20.115990286178587,25.954992945966566,18.234569541295997,17.96750401910366,17.16094405936284,11.825144476619423,12.939337754328616,2.8081811136202397,17.064865708868254,12.423819673135757,5.941081338195889,3.678697569469503,18.683688601653007,16.54617784553104,13.317677261555195,12.525721585971795,10.451364065552841,7.580062459705763,12.342187251760507
9,7.224593160422023,6.6311216502385255,4.475797974794103,15.874092583951754,14.932674882641345,14.056372079368971,17.02398110482935,12.922828252242432,3.272959317605824,-0.0,5.7203315098664795,5.3893727569695455,3.7172612962474982,9.218984986225681,9.191386062896132,10.096387748582496,13.176386630879925,5.886208125694238,6.167180919372064,12.136680341550637,4.621728215952529,5.540100260565716,6.46253962504595,4.275956665908108,7.6172449759412215,7.702154778356997,6.5301440550338645,6.631451044580069,8.373355268401335,10.671727944034341,9.23088580461581,8.89810263883113,7.550628566686924,16.11023840956617,6.444184777156049,5.736101136164125,6.457054699863166,6.466769674678172,6.529394056451047,6.68423211809139,9.663919072330224,18.319899655704592,10.831466888336102,8.856919196354418,10.558985362582781,9.373623062262165,10.748266063583122,10.100473281714743,11.270490487436648,14.01390910690186,9.224379501063678,12.226212891687954,6.5832344053682785,12.395822532539903,17.18403801195565,16.381934256209608,14.350876151881906,6.979556584253794,13.648029818060452,16.89329360660028,18.244015787020775,17.531054577790094,13.862361482986124,17.090180454628868,8.66302475142721,12.410662775862848,8.432982656181048,8.122209116176265,8.626782889447615,10.061060871271643,9.216969671607371,8.874996367231407,15.261950997626059,7.773273210952794,14.974486383491369,17.631236037284093,13.761609664262064,10.575004694355025,16.926840683248688,22.09684423672168,21.43986647882998,17.695343045881373,17.993972803832122,18.30861559100417,18.022086345388704,17.949831872905758,19.32003717050976,19.424379480034528,19.427219636159,20.700451367651908,26.303477773422728,18.829506012039115,18.793579251071744,17.504939858883457,11.7831926454013,12.373965177184525,5.476550500888872,18.326903939542866,15.250326716656538,7.626796542171228,5.639926818314312,19.110215201565207,16.359251059396083,15.997533135847076,9.749945585800058,9.115410600552037,10.100557847064632,10.336218253613232
10,9.172118455854033,3.833252850758473,4.290918331453866,21.105088408412144,19.61983690298915,18.470463180009283,21.96025960486545,15.456325561118032,4.183760739577899,5.7203315098664795,-0.0,3.3430796709885082,3.913246898448054,11.647183283751911,11.693803804736163,9.460303127781414,15.72920879433763,7.548214635076304,8.68353585992072,15.892616579715222,1.8401982680573508,2.3819587322855775,7.542944806734452,6.364092767632556,6.405979700739201,8.167260601629433,6.863252983717341,11.586992980489518,10.970927016018889,11.761297946380196,8.962896652476752,8.446959583358417,8.090994872724888,12.998568448139777,6.6949348368434904,5.645223452489938,5.597485104900228,8.345603294043888,7.966381869856525,9.527126358343581,9.190574073357938,23.239770025354918,13.5291014185112,12.528465584094977,13.971096643272853,9.023638015677797,8.956154558295765,10.535711363656546,15.566747051714584,19.57888120376084,11.273653458689255,14.895113361685976,7.759754474182361,15.57929398420828,23.05102279640743,21.001991800362326,19.071166471219865,8.932757724111786,18.660595609540486,22.153015957804122,23.399000024495532,22.73074102178672,18.02893393150066,22.309907095590265,10.321870215530916,14.493209554314848,9.381406472809738,9.909320796842854,8.403292149826166,10.39486354337415,8.353385830999366,8.201717658724384,21.22579940218984,8.131037843573646,19.24631683397069,22.70249609262866,18.614854547118107,14.559442401948711,22.650787375671378,29.508323408558066,27.995909654669262,23.32602917907918,23.28158505359021,24.103070437873882,22.74873876481889,23.51228944718694,25.23508792462188,24.50608042830545,25.351582499828137,27.849904233151555,34.94162250693097,24.64051636640405,23.379398722676545,21.919860850544367,15.241358669256421,15.91007808525102,5.332738877884937,23.506221578805338,16.643032621796777,6.939248189589565,5.923803031113903,14.550914047169396,20.220950187366174,14.092035786910973,12.52352723451359,10.768264455805088,9.323358361193819,8.791275791878132
11,5.135985737979099,1.6849796688133125,2.493899417048921,11.713670923844896,10.988684295984353,9.877236321073093,12.079029045593174,10.885536710840253,3.8292558728628006,5.3893727569695455,3.3430796709885082,-0.0,2.1276261651272352,6.029372155931821,5.905375681842576,6.612532014076447,9.081734874872982,4.321092233478628,5.31218389455972,10.009311179117708,3.522047820942746,4.222881173096955,7.192422768167155,5.918680551820153,6.169014428624339,4.89882197526238,4.26817939113581,10.970118329182283,11.196060347722025,14.172007928345016,9.315352410522447,10.600705692675467,11.051853971234518,15.438653806890237,5.01030161595392,3.8714564098983324,2.561990153680842,5.1354171005551565,5.602342819122958,6.788313446004922,5.737050485669777,12.958399576669759,10.428889311595785,9.667187229596198,11.01691473707066,6.401325260751186,5.8897411078639985,8.277490839844518,8.844832368651376,10.842491616532833,6.327623059337808,7.315937914570075,5.1904709834346345,9.333625824184736,13.110635064098277,11.84762201640583,10.357611501177649,5.243811213208861,10.010161508324332,12.347246354416669,13.080264026955382,12.554964889914514,10.23754671718236,13.103491067336497,5.704611941881878,10.23299968059917,6.2864383021456645,6.02933000241221,6.253683470708918,8.936151209493028,6.204327128670936,5.713275947477985,12.39768407654223,5.114958181018269,10.490857058461117,13.33591566531734,10.235689079021002,7.679207776059453,12.591483714856079,17.180531366878256,16.535534810522087,13.149674200272989,13.155817557312796,13.591919009933461,13.95725614411442,13.416282034873694,14.372818297988308,14.120450920900009,14.559694290064709,16.221524886268316,20.834252837888695,14.035064137702093,13.088645172063671,12.799398042445063,9.698082986243406,9.607324719808243,3.68232793094913,14.961517650326963,10.331999750780714,9.588691984129186,6.278390774890302,14.38890121055372,12.496905933901948,9.428599925653792,11.3522612509837,11.600466185342844,7.986522719808713,8.716197943658035
12,5.930316725824074,2.1657833659583394,2.0710639668513156,12.797386856623893,12.02684297623573,10.998832002673103,13.532167594852638,11.133477044626247,2.9768592818933315,3.7172612962474982,3.913246898448054,2.1276261651272352,-0.0,6.404305666094875,6.3377703035680195,7.038275640169541,9.16919695190278,3.6415300718540804,4.069463745142926,10.2526242224785,3.622838363920734,5.167605002541146,7.745834038756411,5.66971584070301,5.558458365442082,5.59052297290557,3.7971497208723424,7.562450507257467,10.365350618990046,13.674851372038733,9.22537950504801,10.477697498686563,10.433579851745037,14.063025231799788,4.863019722272684,3.241020764975747,3.4707525737167138,5.199818636442621,5.314771356482568,5.038004399263808,6.703361940806684,14.242828593268193,7.798261012621687,7.778077158104312,9.552632406902848,8.098408085962369,8.175483702465897,7.571104277862718,8.582429046385117,11.321807759714277,6.455872351932444,8.295152566372794,4.038384718377898,9.498838548727992,13.979032754670081,12.594107209560597,11.167841467151044,5.595736091998461,10.942350647475152,13.708733291773683,14.667033220213865,13.996577143432164,11.268045679225699,13.81574606037607,6.8361808843789955,9.949851371600902,6.681554514989361,6.737922563954106,5.831574567938925,7.949250807377842,5.712051943860693,6.116959595649829,13.034652898681765,5.193705704030014,12.032069699281205,14.325928165770474,11.002778181359506,8.116047651977555,14.261136452461797,19.05716202112097,18.317742019978688,14.588755668007739,14.6763310233928,15.015803507984185,15.358191253344554,14.841505178984578,16.02558186339009,15.890882176054632,16.0863073722167,17.81605985762837,23.28519058341185,15.62484486704521,14.81567781427927,14.199658081523761,10.441346290913847,10.542656493885685,3.915503895913425,16.41694560544461,11.783083657110696,8.413422541293741,4.945845028636186,16.421033457390777,12.919442252279918,11.708409581616646,9.87203335320185,9.2999044054374,8.910688837801132,8.885252641718939
13,5.078723165806801,5.187059211228992,5.685772272235578,3.3848472528500952,3.895155347789705,4.08296917508537,4.623586908624033,12.069324298824197,7.7732655003247935,9.218984986225681,11.647183283751911,6.029372155931821,6.404305666094875,-0.0,3.1924187745823187,6.910563569291504,7.353216181136553,3.1159516969305456,4.207784754734823,8.188012987193874,10.597695354837919,11.607402436472343,15.775927645951043,13.265854016797997,7.992921218163262,7.489602860604369,4.858790738239429,11.172766430993695,17.42150730510369,22.660066229751937,13.085777276640385,20.79222631121785,22.96337461619147,14.560554118533666,6.264756455515244,5.736578441431015,3.8751619030729185,4.264525404064507,6.45812294742349,5.439935353944616,9.725789469839526,3.9450911567517823,10.310284210282184,8.945352325773008,12.135095262309848,13.26378268324025,11.30962056883773,7.725038313347177,3.888496351164944,5.0198075438692085,4.941890006830855,3.6142026207664917,3.90930132505751,4.517668841443333,4.2426703027012875,5.70309552965411,6.654356253400369,4.637289741317699,3.8331919144711324,4.573154429077838,4.426896823948778,3.6643141612960695,6.975199981053094,4.831157564375818,4.136523214980803,12.287686525971685,6.2378537099352664,4.890050730750327,6.7134464394731275,7.395681445003407,6.759972565799195,8.240588626661404,5.557360147554141,4.4660594215446405,3.801347664996229,7.202674374802322,4.320156478444137,5.658724625251803,8.188032083650201,5.75910681938788,6.137242506293108,4.045309398195793,5.211216138731395,4.490882959825377,7.832865285453117,4.286281036768836,4.465832467313502,6.254539385827241,4.529225282904722,6.52854789881363,6.784686869781136,4.444408477283295,6.518523945249718,8.45407857415847,8.680216457781691,10.674409964937487,6.552621752104468,11.178243920282751,9.136655497796642,16.495222394220256,7.363622940640991,21.521843990776404,9.881815032975517,12.215919556178505,12.293877191132212,11.909422979357837,10.761820833712843,16.193727965808264
14,5.97667278085918,5.464566507100774,6.019508880490611,3.1338329476569324,4.4082009693775905,2.889636001054033,3.8092667041515313,13.508882996994826,8.377075072001343,9.191386062896132,11.693803804736163,5.905375681842576,6.3377703035680195,3.1924187745823187,-0.0,5.674266942158093,7.856735927392449,2.5978958385232143,4.424943700097195,8.201686811409406,10.838925068553865,12.39959472429471,16.837460154036414,14.255686763725757,6.944027860210057,4.940915971952546,3.7580439272268933,10.7083626503241,17.581957208458835,24.010659722153555,12.5806988592826,20.796152346682312,23.928837048735343,14.776921316336551,4.068724153912698,5.756553618173094,3.5381635233900104,5.893779067758387,5.335929936718169,4.33747436886258,4.455128408308849,3.303087306893085,12.390795150041836,10.759730031832214,12.784090758842465,11.6636817424633,11.217811323012453,5.226732151813153,3.4297221158904456,4.384509189383532,3.8430752997452173,1.9511263533055367,2.7654588375206446,3.3593042401880524,2.8756437557589023,4.474699666825854,4.761157231653211,3.2848845157135425,3.7463482016264567,4.602827310628126,3.9427049736622712,4.210082427899888,5.986421551370862,4.067155662086076,4.5305465538579694,8.796503794719362,3.475229715517572,4.20708703519831,3.9351749775280562,5.605874323636608,2.834944665669116,4.1691176948068795,4.9293794946551674,1.9846131922469175,3.3218121132713576,4.387806515746316,3.131685723908602,4.4404276021238385,5.5977609217718385,5.7725044542917985,6.158565608996152,4.247731395196691,4.216728038136308,3.555030261572468,8.550385131910103,4.8236808966635225,5.762897883526448,5.182732287401644,4.5968795959352615,6.4389444413384265,7.199319754239791,4.588134060618313,3.536910008362995,4.779487238016,5.402327758997978,6.389968221417289,7.031708129939174,12.793828620340502,9.9479744156704,17.502096570074116,7.277093953031834,12.943990416505224,4.119284457513341,6.376686380118522,6.343053274542411,9.445361767423943,8.632940250220969,10.707408980862311
15,7.6228625132532715,6.227273216430865,7.0766906061867845,6.947663703882802,6.205305481394519,3.8308764590837754,7.062134483410927,9.230821990324893,8.615717197470042,10.096387748582496,9.460303127781414,6.612532014076447,7.038275640169541,6.910563569291504,5.674266942158093,-0.0,5.037689094127832,7.23129882995646,6.958368784002279,5.904524407556647,9.361931824759642,11.225278454696532,13.198555851810426,11.277177842305168,7.0389853160646325,3.6625198144126223,3.6038799714717165,10.989053971018587,14.294719617630907,17.765040245897094,7.820071664311126,16.869316417887422,18.274162972582047,15.241434795416822,8.29243304197856,5.930788353138126,6.65467823053778,7.34256025216001,5.0504177004032895,7.870001237515977,6.517567399376088,7.909297125627076,12.08248396778031,12.253948846578117,10.600936927404193,8.978103986306037,9.7695023357733,7.4794993351275725,5.708622394623216,5.607319575600234,3.118048130841618,5.558004906764206,5.874233981589781,7.54440864563848,7.750041064773265,5.814901842767394,4.222094177930091,5.075900006614801,5.824253839676444,5.2118258746442985,7.922854747136103,5.710370310124913,4.663515764549533,6.612128239017344,5.577116227950362,4.5235580323287685,4.484914990680701,6.267777639955157,6.138265430261738,6.853011490724503,5.158718629695485,3.759881275838921,7.924504085591785,5.287979062345634,6.233623753154239,6.4715977367779445,6.922065274005851,7.086417112765531,8.714674925460606,8.694999360256928,10.027372069173316,6.0643452101153565,7.536088634945502,6.594715714473459,11.630907052087451,8.451906996011177,7.7227380133611465,5.680822669186011,7.523706429481939,8.838529667084618,11.147200587236414,7.2791508755292424,7.689437703652285,5.389803175004993,6.788140553675701,7.574750516982445,8.825088486160082,10.849982494810337,12.335010180495914,15.086396930487844,8.813734473826573,16.29637231250507,6.095274984324519,10.39898198133139,10.535360467154598,11.093395475849503,11.126607718309918,9.90471490939902
16,6.535701443349528,8.239812240826183,9.311362270981837,4.077782367257493,4.46226346358369,4.308282687439553,4.810394121048773,5.86652707094848,12.269459038730346,13.176386630879925,15.72920879433763,9.081734874872982,9.16919695190278,7.353216181136553,7.856735927392449,5.037689094127832,-0.0,5.527929205466645,6.382406325454102,7.510741017920901,15.338075722229663,17.23032160373385,20.05418008822317,17.586819479652267,9.7955472289938,6.160033185404817,5.465565069071602,14.58496757830533,20.709506374392703,29.05170504749367,13.649045015968909,27.89262670676697,30.442808159135723,20.425713551631734,9.992603935648239,10.039049432425845,8.30389609954803,9.052085021313333,7.462715886407568,8.988777379544231,6.848664526774719,6.84408580207058,4.818147903488808,5.836267864026717,8.782673812237935,11.39718730366228,8.80372642602473,8.850902668802691,7.127633907392471,5.968915554574165,5.340720979028165,6.258063705067727,8.124372343382632,8.1535728867204,7.223912469083437,5.604339244345401,4.418880873403381,6.955472799205395,6.867003322923145,4.522522000238525,5.174512170603192,4.505031278362475,5.229525166192874,9.317088674949037,7.509217928482707,9.775765150698843,7.305488877261675,11.237925061273428,8.971778358827509,8.726282749258306,11.961577890765112,5.896414745034136,9.896177313285072,8.001212210019604,6.783194305217139,6.072286977045153,4.705723297367865,5.3752053293379625,6.982206341678182,5.837626647294561,4.890151665571645,4.530633051148101,3.742451481040865,4.340997275253864,5.006735783625346,4.152184332676873,4.707315046284628,4.796675962485329,3.4391839614363833,5.806276522494091,6.243693248751586,4.10409345042257,7.877671950454623,7.498648744688049,10.91030800675282,11.290115578110807,12.511548206052124,5.214925457740385,4.947409824105762,21.97471801768258,11.236662894920705,20.48258673971191,12.839626942456173,16.39697906029765,17.893376533547965,19.620683915484918,16.337967113174933,17.97890534620303
17,3.5919821467191095,4.024007706636293,3.318159578000657,4.977120826287594,5.313999728627763,3.930736612340092,5.750398708366986,10.144121946438737,5.24141045555297,5.886208125694238,7.548214635076304,4.321092233478628,3.6415300718540804,3.1159516969305456,2.5978958385232143,7.23129882995646,5.527929205466645,-0.0,3.1851930885305646,9.569293243830884,6.879658381002116,8.397972570578464,11.514856882058881,9.195855113447731,7.4483578627425056,5.8583521126060685,2.549874859111814,10.359890646453772,14.265588440987075,17.095857269252257,11.685588660824273,13.349269213086371,14.760455213571362,16.145393962248416,5.556561488616811,4.163830477241913,3.014351531478127,5.626397088810821,5.243379218017806,4.164354820274964,6.3803141890764605,6.278798254700544,7.356662467235148,6.325783750039952,8.618302426103924,8.682381476669537,8.639868858843405,7.6731083246831435,4.056023904554068,4.94380553890116,3.5210774860259737,3.474216022002921,2.4460477739489455,6.005997091536857,5.459368075063363,5.520206565695974,4.712250583254987,4.549585086535571,4.629353959307138,5.93943397665406,6.27974068259355,5.901906371726449,6.821842801861279,7.254733156138639,5.3658072627574755,8.406745936192918,5.237558211151706,6.469502941741533,6.957586289936175,9.029249775425276,5.340739492591673,7.002337483962331,6.54230112860359,5.014815181344148,5.6826522443436165,7.539364993425049,4.187665460130392,3.5829332687321975,5.683684156851571,8.541492404586814,8.320475876911331,6.188600228824118,6.244958620857156,5.952533344808883,8.596322597692396,6.376084182155659,6.930522168650219,7.892951303283424,6.682270215496326,7.603242421489748,10.244895841783963,6.760104725109858,7.317272318374404,7.890298694860752,6.985569375406371,8.803100668980184,4.950377606794802,10.194402855389212,9.438350650752701,12.088790727187382,6.579373665104628,18.055164399988392,7.741060083734186,11.432789888932193,7.498532521927008,8.872753469944085,9.862399461493357,11.048631956191558
18,4.666686589482651,5.262205194383071,3.689850968153606,4.438969528363948,4.350395414095446,4.9461165739025486,5.922940676303298,9.055978655857793,4.937191237414052,6.167180919372064,8.68353585992072,5.31218389455972,4.069463745142926,4.207784754734823,4.424943700097195,6.958368784002279,6.382406325454102,3.1851930885305646,-0.0,7.426919182583315,7.835538196317589,8.921586937577747,9.949598914536455,8.959494876025722,7.553531288053274,4.649291709706334,3.3550472915070273,7.64679484546649,11.39822351420718,17.620697249740687,9.551658368107775,13.874795914266569,15.347248613182774,16.7957900949709,5.533049217649329,4.790219171819263,4.8258360470537935,5.018912309261073,4.358882797660032,5.387206042400842,6.084647896150711,7.107577529517436,6.442216533299578,6.340182221236006,8.728129574182374,8.517316030585746,8.802692665481384,6.469846296132864,4.192081347850324,4.2427930697687435,4.410081180886953,6.608613648965816,4.386469197387359,6.07557006228766,5.6360370680720004,5.7598230068709135,5.276174885700795,4.522123661361189,3.787858746271248,5.434487504747275,6.64886245925662,5.536219966155256,6.0544789067866684,7.325066345109391,4.554958219956415,9.173514608231578,5.112025448168562,7.9690106944562,7.089335725804736,7.988361256126683,7.431532703885383,7.57095461599075,7.785769877544535,5.828354359894912,5.2250685509828445,6.629375563934244,3.562285760545115,3.129875154724274,5.304635151626952,6.696473267550182,7.349031252744566,5.490356713019436,6.183595223148097,6.298889765568074,7.0747771145716385,5.8010588136132855,6.1546989318416365,7.579457985542845,6.311757703921497,7.709862414349111,8.678712893795232,6.0172255115301105,9.28239492317955,7.077496475640455,4.861047771228314,6.281824814485226,4.569973553850994,8.978529625809198,8.473898043215902,11.51668540780268,5.952683265857347,18.175241746253135,7.937614695495335,14.125642923904099,9.054042197828224,11.018384161567962,7.861982654589061,9.82568997336688
19,11.168058312552672,9.443051375951827,11.025239476106782,8.01179548734214,7.627676467133514,7.369144872339139,10.021193370488628,13.9398606307568,11.771470806964137,12.136680341550637,15.892616579715222,10.009311179117708,10.2526242224785,8.188012987193874,8.201686811409406,5.904524407556647,7.510741017920901,9.569293243830884,7.426919182583315,-0.0,14.691089580010601,16.058585023392745,18.80529403054659,16.516422632664156,9.494628660720696,7.539279972316952,5.8275576307518,11.996343664325089,18.254165886228893,27.355764368411897,12.22655512911253,27.101426316666572,29.876743152202046,19.469499800479994,9.935726430318967,10.882813109017476,9.903100756118898,5.041574731386539,7.441919225883172,8.667436635917383,9.81008882869379,10.153665226517527,12.861768702840342,15.159257711082091,15.725848543001064,15.492760744608736,14.603467905436082,8.57738622903699,6.767087000706737,4.797272315171884,7.455470993588022,8.824855341017653,7.928320085505139,9.065832336560963,8.11232475022698,8.749687581283153,7.554508929779002,5.621877192936441,7.407869150450971,6.763836323646666,10.894521973700458,7.168892187700522,3.618898640307616,6.407547996967146,7.05674524193272,11.235534030459544,8.192579398301726,4.69390412944417,6.484848220583951,7.719147498214243,11.522902525248472,7.660383115385376,5.303533916589008,7.219746397484812,8.36386528116795,6.9397985732873995,7.888591096369061,8.561542578755061,9.605064767843727,7.200360327999354,11.155934452363324,6.6411620088307775,9.791884241368647,8.713654187552939,14.199711798971748,9.937628278400489,7.491250693850657,8.152011571139521,8.46699686330263,7.979274537263242,9.431566360499318,8.247672859273704,9.806415594276778,8.740279268733945,7.710221701375025,7.369148157670813,12.017443966803516,14.632555588033693,16.746289668518155,21.341038180521554,10.55239437511391,16.888183153942617,12.207504741980147,12.11110232427088,14.57917064688614,16.02716071752317,10.476616961004412,16.165084172986255
