,0,1,2,3,4,5,6,7,8,9,10,11,12,13,14,15,16,17,18,19,20,21,22,23,24,25,26,27,28,29,30,31,32,33,34,35,36,37,38,39,40,41,42,43,44,45,46,47,48,49,50,51,52,53,54,55,56,57,58,59,60,61,62,63,64,65,66,67,68,69,70,71
0,-0.0,4.101342035060117,2.5485880323306693,7.2721379853016,2.5084007854245582,1.0345744894719886,3.47980086799309,2.2413458008084777,3.31718228440279,5.749239942150363,5.225091672223718,3.6223745117771844,21.95222407076152,5.269659967443953,2.86156450088656,6.582982297455639,4.517973457366912,1.950887689089022,5.458005417812737,3.278731268653328,2.7063474401316343,5.736547767415048,7.960844714084463,11.192873202601612,5.465665651173666,2.9838000897436032,5.344268790932196,2.836752801706961,3.1997350980785826,3.745151423487768,6.939582904148051,3.665449520938911,2.808202389653238,13.728711915816731,3.309564292712704,7.585451099425863,9.181878713782718,4.751432507453822,6.061503827398325,8.00137854608018,5.436925252541888,8.427727351748654,6.855835488785919,5.158472064122427,6.271013475239057,4.144351946111676,3.8872099770051176,8.425882186362958,6.898349250509241,12.060509512055352,4.173980842575058,5.8725172113038795,5.929782700151651,4.136625296941907,3.6121689180519243,2.395542202653439,2.385675505056401,6.242268033029828,6.445474719963757,5.266061759517487,6.4070859128033995,3.430287349993675,2.396118601395685,4.5429906724443505,4.846148880094186,2.531257917543882,4.729191663403057,4.7677861985888885,5.695554141453474,5.019294550257345,3.3503108726606823,2.6242915405476057
1,4.101342035060117,-0.0,3.2137581776656674,3.328058755774659,2.457123139466562,4.130561758787823,1.9551853490271613,2.0807549634980327,2.4319664256145126,8.03884844624051,10.17481558335162,1.8403123104013979,18.117290405924937,2.7154774303048796,4.435918522109429,2.3587617308348587,1.6130956098000904,4.743867968898725,6.523886408396699,3.9989570892054607,2.4517342115330734,6.332929179571729,11.194473283145328,11.022813900776917,5.871130065659076,2.561419883472677,5.937312450930108,2.9593452725545113,5.770428715509722,1.9016159905355245,3.568116674578561,2.363215659351023,4.396518927861222,12.75627669174161,7.033683266855721,11.077526948565893,12.181557147528057,6.871666236376549,2.7103555955949687,2.9359050273226575,3.0534495680263465,4.06586512706454,3.708392345448899,2.6987544690255434,3.6830392925159585,2.056353486625488,6.4955051075358545,10.535144510323475,10.012464629023023,15.06106432259382,8.784503246777883,8.460985325905666,7.651698223169061,6.533402173466445,8.067145718533592,3.9729863110675065,6.05333832718847,9.164063101712568,11.317782115921622,8.931863495415621,11.520830531761002,7.816917158302081,5.111754385412312,3.136656089784423,4.968394335385603,5.1290027507856735,5.63096745032547,7.797873987533179,2.9856046539675196,3.2445905545436595,3.9547842266597573,3.7082314418230666
2,2.5485880323306693,3.2137581776656674,-0.0,5.618866546424458,2.198220735836747,2.518784654660245,2.561147095027433,1.9228144231993818,2.528104957877723,6.968110215554909,6.711317332071807,2.791573615070713,19.503382554246677,5.06369872593088,3.2420101484988946,3.844184788131493,2.2008716795486913,2.2386294875891184,7.315676532820303,4.677193768312775,2.1352091655060974,7.803322742873423,11.267948211371307,12.988130080363506,6.56418716314027,2.478237619811938,6.490569268712358,2.4082893352417334,3.546947730500851,2.5615867058668638,6.170282690739988,1.9615372804943023,3.2477857039261773,13.830333345825984,5.019795792231576,9.186099646743955,11.441539056673033,7.78950157691979,3.8436783225770155,6.071214329001329,4.527467052758756,4.3692577813746345,4.73476236326765,2.753813818372596,5.033275375766739,2.2094220902346504,4.674255779470595,8.96588366853291,9.141381829334474,15.052159752958664,5.5208727190735205,6.973357299119885,6.596488818490391,4.615915035733089,4.742529021294091,3.0465447509741597,3.9294969037577085,6.272383303290579,8.538857797735824,7.86726349243076,7.401645475126692,5.232303307966098,3.647221676381015,2.611949496594407,4.462057488408095,3.2842668146487597,6.795088342654958,7.840390161834918,4.08553324718521,2.6678018053266057,2.736705196160512,1.603927905367717
3,7.2721379853016,3.328058755774659,5.618866546424458,-0.0,4.088538382931344,4.748846355260506,3.443520463673905,3.5349795433678057,2.8371726353260764,8.704601319011196,10.907761161705958,5.383722598205348,26.483237658574527,4.066788261426969,4.228731288357817,3.765143731903248,3.8128492125572815,4.726227834943569,10.258239127401765,5.435624310998118,3.8222929289916063,8.729758978151894,10.58164242194029,14.058877012669845,5.824557425538421,4.426634072696753,7.433575976236313,4.326441192717615,7.338546592758814,3.534277693368638,7.52233623576289,4.94583382075824,4.560279133173728,17.51195120383962,7.881397224340771,9.697787788551715,11.76057261197601,9.523021053713931,6.574396071597935,5.3013893049164595,5.496989655823113,5.920222730224747,4.6534954745803025,4.056213435975553,5.106363952112045,3.516328282957519,5.833145337726411,10.790180250452236,10.909701783570526,11.428650840033729,7.335811927407827,7.810429183413008,9.531606598722313,7.167491444556899,7.720585859210754,6.619563428396996,6.059658483514604,11.655218954485106,8.228672222299965,11.280126044707254,10.409934231108815,8.495160991410563,5.547465920680932,5.697926879282806,6.820307051687654,6.368093244328947,9.52562154170614,8.493827494335923,5.646334414338602,5.016186663588724,5.162514702470797,4.194674210673983
4,2.5084007854245582,2.457123139466562,2.198220735836747,4.088538382931344,-0.0,2.0785001416688735,2.2088853584130552,2.0283470257461955,3.9897339072419005,4.794006870305398,6.2056384250515535,2.8395461950580954,15.924425092302798,4.8764902474074585,1.9521795786348823,4.95708587157857,3.0844020413975066,1.829976033682119,5.023325981202201,2.8969295104387984,2.6121510279021924,3.979644451988322,7.897316304111026,8.150561745748808,5.826743994581201,2.0406516647696034,4.538762511466916,2.056182369858285,2.9854069833927745,2.1773928453949716,5.216887801013879,3.8454747833879255,2.6133593664988646,15.308836391066608,3.5726389024517364,7.255523565721508,8.80950107084678,7.280476976476991,3.6102048690858703,5.041034919448235,4.715584115302572,7.664930431028724,6.520735039231958,3.2738619931372073,5.92689895073063,2.392749532868549,2.982511420434676,6.869398276535612,6.703204930217721,16.471253890727557,5.10647345520881,6.8830550348236486,5.75589766654395,4.041598664058142,4.329737076777072,1.87337139712229,3.2766618170508663,6.472886265258236,8.800127672371513,6.360729194173882,7.505679770587861,5.419539703397234,3.711991885172711,3.6679903765840343,5.18895294834643,2.66526048670591,4.680582889635652,4.920971068098574,4.08437544794124,4.168535744738367,2.6847209983551568,2.0992145220204197
5,1.0345744894719886,4.130561758787823,2.518784654660245,4.748846355260506,2.0785001416688735,-0.0,2.6229113076630064,2.1034002240800382,3.2320483819847667,5.452829640268422,4.645117614082224,3.956131601634843,21.164352397939346,5.994267806824571,1.9229109054303417,6.238452931706097,3.982342270718629,1.7033666561146092,5.4461235305190945,2.4246398558409576,2.33529271527726,5.182228763155535,8.38979712735425,10.699913014065565,4.5892849437563,2.6660560022896247,4.260126531137123,2.1360634296599086,2.0930563648315665,3.1872552809745445,7.523477358921359,3.639595166195055,2.168062609005842,14.597755117458439,2.8494872211087143,7.095305767445604,8.810133350480191,4.441690170080943,5.315581255302501,7.971640064712946,5.234875667620195,7.511748966116648,6.017225116204117,4.908576011934047,5.654519621879099,3.3634049077868435,3.0798001383707465,7.291286161954901,6.789423147654021,11.645013880110705,3.607693369689266,4.7136619837579214,5.665250796851992,3.3466281905457955,4.01756259939366,1.6763671795766768,1.6716872289392792,5.464208613921692,5.862746319338695,5.783056108373225,5.583619780121547,2.9134621490686383,2.1983837663458474,4.588528154517959,5.438566269137408,2.9989553463414507,5.174166367079849,5.240404196198322,5.406186353510025,4.991540679284084,4.10206346551721,2.3646301166846206
6,3.47980086799309,1.9551853490271613,2.561147095027433,3.443520463673905,2.2088853584130552,2.6229113076630064,-0.0,2.1211811856551854,3.187816042224265,5.922565400154395,8.796401760892307,2.535461396853761,21.618570047739492,4.665663126483527,3.465578681687288,2.261493748673964,2.5630483935920423,2.565967335258519,6.324156521768127,3.28360507449387,1.4566869222082552,6.144963453221332,11.008942527312026,10.61576326590737,3.921299546108153,2.3674356593090757,3.90049621809437,1.3078370449659211,3.743205746962041,2.0454907654381818,6.633169126308859,3.3218469967346897,2.3273575848589054,17.254557876116845,5.9413882233999065,9.64887323009368,11.63619723448776,5.829083382621419,2.4998707704711083,4.97752108966795,5.029539705973826,5.319504375256479,5.201489192771374,3.599557214247221,5.052802877290193,1.9299171016255516,3.6288703693044906,8.353556871389719,9.41529126662762,11.662844644963954,6.2612585067551665,5.280358061651317,5.2718467756104435,3.553496892412767,6.384805859320627,2.6126240300272987,3.654824171232139,6.084007430873629,7.951058576786288,8.943520935136842,8.093507273897345,5.885418379772411,3.841196147906363,4.279726855609297,6.9164701197030585,4.218401471458024,5.509505669047476,7.506819594293735,3.7385271710196206,4.6368579421634095,4.935409189665077,2.3839017354335796
7,2.2413458008084777,2.0807549634980327,1.9228144231993818,3.5349795433678057,2.0283470257461955,2.1034002240800382,2.1211811856551854,-0.0,2.126056340251211,7.194335370643546,7.688214264810923,2.2554323468830475,17.741938411186965,4.104948109980324,2.899166443756174,4.975811713512916,2.9126826601496782,2.830451933906897,8.034570319868655,4.146349888877152,2.4479975150784505,7.004809224800336,8.828321806530056,13.238550688146173,4.8619919342305575,1.752556671212235,6.262732173133732,2.242836354397241,3.7584005424389186,1.5953358321512316,4.236329348775251,1.9772158197909506,3.1290299511804616,12.307944732693615,4.309393914920894,7.740252788650485,9.212717753822977,6.878926895284727,3.4837793560445918,4.507942723274001,3.871961743247586,6.700583089271033,5.205039432727878,3.2686521008369542,3.891497181630484,2.5991693554182986,4.993807799476387,9.652541871385974,8.04505988006555,14.613630322695542,5.514809535598921,7.316426126001335,9.026035743286267,5.611851094379065,5.089326941222845,3.825746291663737,3.993833243365584,9.770777467862661,8.406262402655514,8.29254156911598,8.231125054980026,5.8401774015132,3.7954282969019313,3.051152000255703,3.9242884300789833,4.1079335041070895,7.802297985786836,6.09365933621352,3.8830585645514235,3.684053606553204,2.9216472175736947,2.601338612803265
8,3.31718228440279,2.4319664256145126,2.528104957877723,2.8371726353260764,3.9897339072419005,3.2320483819847667,3.187816042224265,2.126056340251211,-0.0,9.12616407711677,8.196968515979478,2.7653837780127355,18.604033218779094,3.2255292496809576,4.4655935137361356,3.657868773922055,3.3154563491887648,4.305384001648038,10.123366644021697,6.441131177387778,3.586995676926274,9.794647408747398,10.886250972239386,15.546317334485753,6.273145034707443,3.5491384280234834,7.635414268673907,3.6718816198729747,5.412631725141954,2.5324405775299965,4.83491449544643,2.3613086706366606,4.425101071701752,14.74365804337795,5.881603204357916,9.61128692377948,11.597873299370205,7.7287165924188725,4.241601433785301,4.2691626815630315,2.814339356155242,4.548703013308506,2.8681570207980345,2.519561045043592,4.034764371220164,3.8576749605314227,6.442179545496571,11.736282443660947,9.948465642337716,13.468642402252398,6.692475797526785,8.706982399244096,9.607511594354461,6.604482936690979,5.868995435391748,5.671325454911913,5.371741369139696,10.7684851090967,8.241299640318868,9.731725105370703,8.209328671757627,6.104364208395374,4.018053857809765,1.693430736230993,4.48782856782331,5.5275097961148125,9.765145703714973,8.082055208115491,3.906962310924287,2.3682199122701477,2.6407844775847975,3.0553279022187985
9,5.749239942150363,8.03884844624051,6.968110215554909,8.704601319011196,4.794006870305398,5.452829640268422,5.922565400154395,7.194335370643546,9.12616407711677,-0.0,1.4649343477944057,9.008541110030398,24.37318789332911,11.128006304876719,4.516727990479211,10.297508949294276,8.89756807006953,4.249700306409176,1.2650158615344549,3.9982816553456577,8.839238313521122,1.8437026394910465,3.2908524223437094,4.75150506518925,6.461354532130773,7.1327430298646695,4.105123997299645,5.4032762847309295,4.316417499867993,6.554057810612968,11.03577360061533,7.272146433286382,5.001486179590784,21.113386457176244,2.8993291589357137,3.090815254676818,4.498296560459582,5.283405383771085,8.533664728362158,10.832337330302517,11.218935993475515,13.030734607469757,13.887308229568712,9.453073976851348,10.72406072641559,8.311673668712617,3.095217694899176,3.549254266180018,3.1053647389774044,12.08981173979245,3.1863874876212,3.4729276101446014,4.7384110900219305,4.107818934528934,4.911227953133913,5.152560794385373,4.189232827082336,1.296780024191281,3.791656046240696,1.906868658121552,1.8743346892653374,2.8647712824423013,6.089572488871103,8.777597601304993,10.444730791248354,6.293467075272008,1.8864303245077658,1.933269364961135,8.002877365861472,9.850240352737174,6.938817505066457,6.601128808803968
10,5.225091672223718,10.17481558335162,6.711317332071807,10.907761161705958,6.2056384250515535,4.645117614082224,8.796401760892307,7.688214264810923,8.196968515979478,1.4649343477944057,-0.0,9.673631470851781,26.33000390074336,12.957956722262299,5.166582499302469,14.470652153689471,8.61081006197954,5.503395943249813,1.5095772402029475,5.4261630306375,7.700740922058153,3.007554051723829,2.7834298868805414,4.314831309832282,7.036712904814063,8.023139099045006,5.13939190105193,8.709115670291528,4.532798244325642,5.9317157481703875,13.049757306982785,8.72523230713097,6.344657554631683,21.305899161347334,3.1526470613701747,2.6769303690533066,3.9480994406143632,4.437531868835627,8.904340711397131,12.514189436561477,10.434009222586853,12.18979764291055,11.585591709941816,7.874664007326323,11.151076378690815,7.391032831519085,4.22015463463499,3.0797405540433274,2.5706544597291,9.707093854470063,3.4144284403040284,4.245697921097727,5.514314759215967,4.925502650971911,4.200592102637874,4.608580849727416,4.971287835785172,1.1745712970279176,2.5605934887426494,1.0634043521922318,1.13425858905106,2.096943034010283,4.640927586127429,7.241771766147121,9.451528169908253,5.942185029231269,2.51150809717671,1.4600185357538902,12.144601827585868,7.852187688096949,6.321889142734689,6.855661798248903
11,3.6223745117771844,1.8403123104013979,2.791573615070713,5.383722598205348,2.8395461950580954,3.956131601634843,2.535461396853761,2.2554323468830475,2.7653837780127355,9.008541110030398,9.673631470851781,-0.0,7.772796631239774,3.052430806168249,3.542454453662477,2.8384707858780662,2.3244759644714157,4.908316576803912,7.968630670650148,4.982149713586311,2.8044111756495247,8.18275781446428,11.937366429003589,11.418208113700471,6.050193566859809,1.8513978832925337,6.291353016750919,2.791012231708944,5.365901896103086,2.129645869508656,4.711153161648459,2.3995477700985006,3.8550619476137507,14.030405782290071,6.140616897443319,10.598972151681021,11.151380739200702,8.858412407928038,2.4476272309386604,3.830929442881105,3.4375845929004614,4.4445997483544595,3.90142070532037,2.3958651434718807,3.074286328244894,1.808344004692198,6.430250922895519,8.95449337168323,9.724743895613642,19.10905800914148,7.513356432276688,9.506481806461162,8.01879875302096,6.545378230984005,7.405993387767839,4.353616485521655,6.810631919616179,10.441977915649531,12.217051145423165,8.626964764322759,11.634777161377636,7.930802408769571,4.325003243376109,2.2535590396459777,5.65408326470402,5.654150680491224,7.893115260619906,8.067105739440048,2.5497008548351525,2.9230280447562405,4.316881931289759,4.051760434375984
12,21.95222407076152,18.117290405924937,19.503382554246677,26.483237658574527,15.924425092302798,21.164352397939346,21.618570047739492,17.741938411186965,18.604033218779094,24.37318789332911,26.33000390074336,7.772796631239774,-0.0,15.834576429299323,20.751756684883553,26.122544059142694,18.289916289933526,22.59938165658601,26.128893468509386,22.56798661143165,25.95211737848537,24.462836474543963,33.943236891329796,18.491436189275557,11.889034045144834,15.835316123532081,24.172700451909897,20.358590389166494,27.233226279736268,17.693797922386032,10.959777004497424,17.99132297625853,19.904333349228793,22.550261824103487,21.21726429657275,30.695269808015915,28.989100801276724,33.46289394836903,25.51515711022636,11.942572598093701,10.927237531950654,16.722943742343762,19.29377592045946,8.905023805032116,16.496288423733887,15.57580178835537,24.572556310177635,16.47698083437259,25.140455613867566,56.10898660811597,22.270023253536422,32.81064094681456,25.450476620298605,28.89611704219972,21.39311904285761,19.4422386979877,27.736745030328613,27.247241063943758,39.05433044859555,26.611988534009196,31.75184206087391,30.46684684608358,20.751430409955503,15.57316177058858,12.95165128946127,18.341064757759106,27.157945420148195,25.038506393061756,7.784164303612783,14.858714805862537,17.004282803521935,28.11726042881581
13,5.269659967443953,2.7154774303048796,5.06369872593088,4.066788261426969,4.8764902474074585,5.994267806824571,4.665663126483527,4.104948109980324,3.2255292496809576,11.128006304876719,12.957956722262299,3.052430806168249,15.834576429299323,-0.0,6.653400285241186,3.61213138743139,3.1882542461461907,6.742531506804221,10.188359701775697,6.823992492705201,5.02906081373092,9.714386710564144,14.308341228894784,15.868066790930705,7.577479317711607,4.272939151685176,7.799303598167022,4.934551425263133,8.406470574415858,3.7415167245205976,2.937763047402973,3.6938146974563,6.4831565500412,13.238627564302698,8.834457514874698,12.770381009403325,13.987292905855094,10.051617206814393,3.9583466473419135,1.6237473098855488,1.5390154940049754,1.9080568761840973,1.567847436499432,3.447334990858424,2.3593073014168353,3.889337089786775,8.351743420879645,12.957512582849777,12.909312171658744,17.245827853114367,9.532940183681783,10.836473571982175,9.98883780383291,8.766524102819659,9.172398174685432,6.9684648044067075,9.053173319551718,12.503837047263108,13.268080267971126,12.06561062695121,13.8149905026497,9.912888162909022,6.621982049347924,3.3247648331985244,6.311111224174433,6.90387211024512,9.957414497915119,10.548409505655854,3.576237919650842,3.3569783944708065,4.965107891906643,6.346321495677997
14,2.86156450088656,4.435918522109429,3.2420101484988946,4.228731288357817,1.9521795786348823,1.9229109054303417,3.465578681687288,2.899166443756174,4.4655935137361356,4.516727990479211,5.166582499302469,3.542454453662477,20.751756684883553,6.653400285241186,-0.0,7.3770136774179536,5.206654081818512,2.200437618509182,5.290146423774969,1.7692969791808655,3.0414931639264986,4.414998602314515,6.540448698239113,9.133041502725,4.203511172642944,2.067343230568057,2.991307785172517,2.7705623595271636,2.246406935055915,2.698210170974261,7.071096637163497,4.2597486211464055,1.7132982047127343,21.75864315254198,2.663915762108453,6.21917337627914,7.314047626063834,5.548319326077773,2.9936318038740666,5.165897404967682,6.621141853264604,8.907300343858445,7.464979050359639,4.862542257438293,5.830530031987978,3.9214965485266773,3.197388638404049,5.980912336456738,5.903967685508827,13.566005168518089,4.186478375504769,5.245230558068344,6.290910241202308,3.3530890235117368,4.192481604358521,1.3840113791555433,2.7176001418380413,6.547255143841634,6.888649250073101,5.305936108781042,6.4171856095078095,4.275026619538785,2.7522009545401955,4.565010553977343,8.632143085106096,3.637141618715705,4.561434818074324,4.01920043303282,5.645409103179946,6.066636232282252,4.213447687538888,3.07680555037587
15,6.582982297455639,2.3587617308348587,3.844184788131493,3.765143731903248,4.95708587157857,6.238452931706097,2.261493748673964,4.975811713512916,3.657868773922055,10.297508949294276,14.470652153689471,2.8384707858780662,26.122544059142694,3.61213138743139,7.3770136774179536,-0.0,3.201807854114186,5.270810933555145,10.73170041103942,6.959408080306868,3.2081510071579173,10.844175889470433,16.59645421584961,15.472304305701712,6.055322665173941,5.160222084915801,6.834295406646747,2.9679236143218293,7.537642058928281,4.341201645212497,6.830839855223286,3.337894313082634,5.013759270828777,16.67168192137798,10.63727513948261,14.208318012193672,16.318774367342428,9.571936353983956,3.2308474658397572,4.810593743629449,4.554194308545491,4.020533459641927,3.3685218047529064,5.050950745950412,3.0681785555154732,3.630620507365411,7.080901913774423,11.968815058331048,14.73083929495322,11.425919655204032,9.93072115191033,7.755362488013243,7.847321528074817,6.160262762086231,9.281465224603103,6.053115494421036,7.170032529058542,10.684994701721111,11.593532935551949,14.259415861226463,12.88081618612698,9.937480959917773,7.014412104376233,4.717933697709128,8.022876239759695,5.794701497769154,9.725072538593551,12.394509062541612,3.9300698502147204,4.692588980069459,6.909769221589277,4.50627679632665
16,4.517973457366912,1.6130956098000904,2.2008716795486913,3.8128492125572815,3.0844020413975066,3.982342270718629,2.5630483935920423,2.9126826601496782,3.3154563491887648,8.89756807006953,8.61081006197954,2.3244759644714157,18.289916289933526,3.1882542461461907,5.206654081818512,3.201807854114186,-0.0,3.2728064346751307,8.01317470551863,5.352910924822794,2.633049068714222,7.74716742155897,13.479033922916207,13.021011906473749,6.836601751777414,2.796390949463879,6.948376324205262,3.978191472683739,5.116766975583474,2.1427912710790302,3.7734079829986182,2.9139812751597143,5.522517335635405,12.739609003795811,6.37393697164093,11.922289011817131,14.082907418701511,8.882684941973466,3.1029255206272555,3.4490419211672503,3.0756627079163867,3.9253218607676135,3.863114859259049,1.768374710620352,4.298462184454502,1.369877637831156,5.738641939094173,9.59334206552886,11.201302034876592,16.204883160428384,8.052770336348937,8.361382084817848,8.09534047956631,5.6358424682122505,6.997973586361125,3.1910724013738014,5.7829900968036405,6.748338236490737,11.121010344420803,9.968815388826203,10.272743120173958,6.953089924682179,5.080882195845594,2.4055688944024194,4.4307714061650145,3.3778160731977227,7.863259373002344,10.126651581622152,3.773653304622868,2.0149085696320803,3.2312413455963367,2.5182083280623146
17,1.950887689089022,4.743867968898725,2.2386294875891184,4.726227834943569,1.829976033682119,1.7033666561146092,2.565967335258519,2.830451933906897,4.305384001648038,4.249700306409176,5.503395943249813,4.908316576803912,22.59938165658601,6.742531506804221,2.200437618509182,5.270810933555145,3.2728064346751307,-0.0,5.376172966951575,2.5499444727301204,3.1580074040027175,4.466174202498307,8.5274319035736,10.238474150418758,6.4972901403227885,3.2167327798383574,5.070407418085596,2.3370269937092676,1.9741768672166076,3.2763157120852187,8.052916806648831,4.011832668863275,2.61775468347437,15.058967448973931,3.042690911985814,6.897576509540356,9.162405900840511,6.936802100062907,5.075736022142086,7.580236841431547,5.637110396960138,6.3771754596345245,6.5972586355958525,4.078605458713129,5.968145922108863,3.0441166023391926,3.0390627453585615,6.854591484238793,7.292460827562754,13.85401199449157,4.38552168104347,5.233185498439359,6.631747131446193,4.1001626260759325,4.516229461755664,2.154702197280084,2.2052080031022,4.750612606393926,6.700391526484617,6.759725027523479,5.291213153361583,4.045587823049975,3.7472402087437824,4.361692210980579,5.539207861521451,3.346393830730898,5.019374934269624,5.7039758720883675,5.374584524187479,4.462113205710372,3.7971948737257546,1.9491448466678667
18,5.458005417812737,6.523886408396699,7.315676532820303,10.258239127401765,5.023325981202201,5.4461235305190945,6.324156521768127,8.034570319868655,10.123366644021697,1.2650158615344549,1.5095772402029475,7.968630670650148,26.128893468509386,10.188359701775697,5.290146423774969,10.73170041103942,8.01317470551863,5.376172966951575,-0.0,4.714770361326643,7.841613710509095,2.4111185737216645,2.6129605688783957,3.311895352806284,7.823026369538744,7.852081000539602,3.8866781821229552,6.858415937230695,5.413967548354497,7.108029428882836,11.145256171356138,9.240710842572192,6.5110263276437355,20.461849760340925,3.6189567560151787,2.279060245285615,3.4642538243531407,4.068778777005578,9.559460562589669,11.92998115022823,11.412879385936627,13.909308670108908,13.6710770456041,9.356742704441631,12.797640637285118,7.080696550532098,4.389848203971722,2.9222678756047222,2.269494318085132,10.284560815840809,4.069928682654638,2.933373599787693,4.4964885205411464,4.54808041523026,6.088195943296715,4.4736097630057134,5.19971691043611,1.157581804156638,2.71410909683367,1.6674376404898104,1.8546149820036866,2.3970652792971827,5.613442457662149,9.25382924984739,10.90786493009582,6.696600819882481,1.7773934644864657,1.4947109509966376,10.334982969297831,9.368989737842838,7.662856693128953,7.459896058822894
19,3.278731268653328,3.9989570892054607,4.677193768312775,5.435624310998118,2.8969295104387984,2.4246398558409576,3.28360507449387,4.146349888877152,6.441131177387778,3.9982816553456577,5.4261630306375,4.982149713586311,22.56798661143165,6.823992492705201,1.7692969791808655,6.959408080306868,5.352910924822794,2.5499444727301204,4.714770361326643,-0.0,3.8814370173973294,3.577136419125142,6.928365157477995,8.441034096853206,5.935022112302698,3.375160003637707,3.4336089325491392,2.7553474958817112,2.646789845815249,4.088240677832677,7.607529902428573,6.396789074350344,3.262878844771455,23.297841801417764,2.518052198360881,6.695052300822254,7.946867021478807,5.975738182826565,5.0552235099116425,6.2216406848549894,7.203275679427833,10.803848350947476,8.909249314352026,6.450896487603185,8.045011515149426,4.368981476597127,3.1119185848864417,5.623825419861555,6.819888809747566,15.22743381258378,5.205680160728722,5.693756593632572,7.72541673524397,5.386241882363652,4.895851572168106,2.3462895669308383,2.967321691852266,6.00246022730476,7.723934349515569,5.2046536865430735,6.6772792519312905,4.4631989365522715,4.189502094222215,7.032179439649842,9.92498477436805,4.67331821064928,4.278868558885959,4.370424882483144,6.852013248252597,7.972581578168399,5.622986501327657,4.774355954091333
20,2.7063474401316343,2.4517342115330734,2.1352091655060974,3.8222929289916063,2.6121510279021924,2.33529271527726,1.4566869222082552,2.4479975150784505,3.586995676926274,8.839238313521122,7.700740922058153,2.8044111756495247,25.95211737848537,5.02906081373092,3.0414931639264986,3.2081510071579173,2.633049068714222,3.1580074040027175,7.841613710509095,3.8814370173973294,-0.0,7.554079409160489,11.333383300219003,12.064173948853083,5.226493710520132,2.1161402703962686,4.693453378388792,1.6520712060211984,3.319839835905946,2.5536086613599904,7.1496070123749,3.119133450237356,3.6987830006945734,16.13210118437741,4.567726644383783,9.195496551563833,10.946548887605827,6.65843168672109,2.6417667202274857,5.889863762884494,5.383816072054329,5.430978469403962,4.701003850105775,4.064624616772608,3.978887825118246,2.1725810252308535,4.461417185919903,7.1810806640938445,9.500561186105198,11.265691318600824,6.033819123183758,6.335037394314432,7.515065558525844,4.307540662732316,5.552341569516337,2.808434585482687,4.243174219342828,8.547619243493536,8.061166570219633,8.757513451860893,8.880277177636321,4.434193322864588,3.0699953495662577,3.762774575985458,6.339458713684671,4.373137673468284,7.80172961840894,8.33204123226808,4.689766568594386,4.270750821677937,4.356464905505567,2.594656134495717
21,5.736547767415048,6.332929179571729,7.803322742873423,8.729758978151894,3.979644451988322,5.182228763155535,6.144963453221332,7.004809224800336,9.794647408747398,1.8437026394910465,3.007554051723829,8.18275781446428,24.462836474543963,9.714386710564144,4.414998602314515,10.844175889470433,7.74716742155897,4.466174202498307,2.4111185737216645,3.577136419125142,7.554079409160489,-0.0,3.6089298893751707,5.376073808189908,6.75068558302611,6.195351386744422,3.288481584569841,5.419554295338804,4.084937947096818,6.2627739172756804,9.433933188886,9.541201908321492,6.675124795486604,18.905422736702505,1.8720443497233628,3.648409662373818,5.249997025838261,4.831137063522143,8.04213465148342,9.631415978056825,9.759484124737144,14.496062712249566,13.059884802963902,9.012561274237546,11.288287702950477,6.733789593428448,2.4165101353993204,3.7242684983137386,3.392720362666872,11.937512953637162,3.1687842404196664,3.347082261794807,6.050934368709058,4.5326212298884485,5.2171392133812375,3.9753455604625727,4.839156363017081,3.1720904353485606,4.352655526998699,3.5155205021567135,3.4304485142723853,2.8648101892654307,6.281788571382338,9.309530870228805,9.930545685038867,6.064661065850842,2.992349331379952,2.4598261316515875,9.054398071228823,10.07137182742116,7.425834711070977,7.298076922684724
22,7.960844714084463,11.194473283145328,11.267948211371307,10.58164242194029,7.897316304111026,8.38979712735425,11.008942527312026,8.828321806530056,10.886250972239386,3.2908524223437094,2.7834298868805414,11.937366429003589,33.943236891329796,14.308341228894784,6.540448698239113,16.59645421584961,13.479033922916207,8.5274319035736,2.6129605688783957,6.928365157477995,11.333383300219003,3.6089298893751707,-0.0,2.3620848612455134,9.270735024148658,8.74858580898362,6.577492591925268,9.852162523826097,6.586120177042869,8.497656632933223,13.97279493094752,10.97979449146203,8.660848061042529,21.37437116012984,5.49036971412285,2.046720113175183,2.3976063083537364,5.094897057617369,8.684154034267033,12.453169911919469,14.289277742412143,17.545851538525678,16.36815217101491,13.004945743836634,13.065635179517328,12.154860220773948,6.506013627168712,4.485972539153669,2.4036430053746227,8.650814481995225,6.471281714021419,5.561005114565012,7.198226398681992,7.32779851452447,8.313005034457406,8.814944046924023,7.862432158962001,3.5946435754301276,3.3572166525180984,2.85109756777996,2.680925351705701,5.18468358437848,8.547509384419225,11.09794713477925,13.106058922174588,11.18744370454633,3.9866216217363504,3.3643522548430207,14.287153557581426,13.37304125958823,9.709077610266815,10.431583998402624
23,11.192873202601612,11.022813900776917,12.988130080363506,14.058877012669845,8.150561745748808,10.699913014065565,10.61576326590737,13.238550688146173,15.546317334485753,4.75150506518925,4.314831309832282,11.418208113700471,18.491436189275557,15.868066790930705,9.133041502725,15.472304305701712,13.021011906473749,10.238474150418758,3.311895352806284,8.441034096853206,12.064173948853083,5.376073808189908,2.3620848612455134,-0.0,10.150699166780495,11.940450187815594,7.54932869975527,10.822461114901495,9.51650153382104,11.32726059186795,14.300633743895146,15.612733109303939,11.750583273358632,25.018328352077585,7.592357589100442,3.129114070350928,1.943826088966104,5.914408304525672,13.904319591004677,13.783474349891048,15.839291848731902,20.393603215063266,19.05907746893579,13.796007071172324,17.65966981943242,11.046721233942854,8.404100952500412,4.183891650651681,2.7262811773372646,10.983686178360522,9.34903110649136,5.790917437144311,9.228799136170183,8.96472257648416,10.199528807315401,8.190235172449471,10.79132007907571,4.306363299068641,5.080321462705612,3.9655304310631125,4.333395410703726,6.845782998121904,10.504209628381306,14.611627940947042,15.202875855832186,11.450707141308403,4.487374681377552,4.725414344427181,12.90333618772633,15.343380003686077,12.688771661018118,13.330336314987305
24,5.465665651173666,5.871130065659076,6.56418716314027,5.824557425538421,5.826743994581201,4.5892849437563,3.921299546108153,4.8619919342305575,6.273145034707443,6.461354532130773,7.036712904814063,6.050193566859809,11.889034045144834,7.577479317711607,4.203511172642944,6.055322665173941,6.836601751777414,6.4972901403227885,7.823026369538744,5.935022112302698,5.226493710520132,6.75068558302611,9.270735024148658,10.150699166780495,-0.0,4.343563149220178,3.883003672947444,4.1621318065866415,4.307770231915853,3.7389952414161547,7.831493626662756,4.885796172830271,4.109419626250163,17.406444864307637,5.483222818896624,7.766556175077979,9.807636630566648,5.579527186762497,4.2398008474030195,7.279122883631452,7.7959229335942934,8.350036881443176,7.905078658435523,7.633388882840406,4.466624531234532,5.596995264765156,4.249458077290007,6.509981178205276,6.825624249456587,14.757818412631254,4.733738580169821,6.197997895648515,6.527505298714624,4.1718075689003085,4.984336082042277,4.160476388518698,5.624067553007309,7.987105341678159,7.68533529136818,8.510391056339515,6.206440082424508,6.2383677200739305,4.2394127788727305,8.126590220861088,7.684469136795937,3.6968562520990007,7.9278949715334806,5.94832797916014,3.553814956110093,8.972589242862007,5.724601414126043,6.457466988369084
25,2.9838000897436032,2.561419883472677,2.478237619811938,4.426634072696753,2.0406516647696034,2.6660560022896247,2.3674356593090757,1.752556671212235,3.5491384280234834,7.1327430298646695,8.023139099045006,1.8513978832925337,15.835316123532081,4.272939151685176,2.067343230568057,5.160222084915801,2.796390949463879,3.2167327798383574,7.852081000539602,3.375160003637707,2.1161402703962686,6.195351386744422,8.74858580898362,11.940450187815594,4.343563149220178,-0.0,5.082050775249277,1.75824779740525,3.435958720572742,1.3023749827714008,4.316670809148572,2.5400472697586864,2.4756984552096193,13.629784379840462,3.89808820543155,6.972922503998703,7.762400304440831,7.638301402237145,2.241455291376341,4.1425785299446325,4.507080091962606,6.511065321314656,5.426692808396366,2.9857783035235927,3.386640095698323,1.8228216779462572,4.878014442295387,7.354817179216743,7.664825409007223,15.214262917611343,5.299658122197179,6.977229159047774,9.292220554897378,5.2943331862142236,5.1922875406145215,3.5333529108990946,4.133167491596425,9.986583058199695,8.811390959422425,8.4592722337942,8.6673632954734,6.118605610945014,3.9581066576812973,2.8008774301169774,5.064068466861154,4.456205155624869,7.7914929270022775,6.109348431422886,3.4467730589333314,3.6676617972330536,3.7050143063452707,3.32776753659235
26,5.344268790932196,5.937312450930108,6.490569268712358,7.433575976236313,4.538762511466916,4.260126531137123,3.90049621809437,6.262732173133732,7.635414268673907,4.105123997299645,5.13939190105193,6.291353016750919,24.172700451909897,7.799303598167022,2.991307785172517,6.834295406646747,6.948376324205262,5.070407418085596,3.8866781821229552,3.4336089325491392,4.693453378388792,3.288481584569841,6.577492591925268,7.54932869975527,3.883003672947444,5.082050775249277,-0.0,3.2668839996249477,5.674440229956389,5.709866332330308,11.647565284098908,7.7384449776671325,4.061788577314106,31.216011395471387,3.661300003797022,6.740181383993834,8.700123303589246,4.292681126000824,5.28595512178524,7.692641414361034,8.063812458486291,10.614997814993126,9.74510171213171,7.673503739731877,8.690629855730906,5.437612243990707,2.779321980180791,4.901006125485702,6.139714378082278,10.593110036691181,4.2258158898627265,5.488245759506352,3.982743586708118,3.223718403650679,3.3197696968794,2.6753324658821045,3.70560277865631,5.0541251673936864,5.594222122254661,5.423243604099621,5.7391970059791015,3.7158346189151756,3.792252054307372,8.71865880634506,13.766467013012177,5.3665580126929795,3.7569435143027228,3.658209431557676,6.838696270188683,9.94151517424725,6.602627127881149,6.578492355378172
27,2.836752801706961,2.9593452725545113,2.4082893352417334,4.326441192717615,2.056182369858285,2.1360634296599086,1.3078370449659211,2.242836354397241,3.6718816198729747,5.4032762847309295,8.709115670291528,2.791012231708944,20.358590389166494,4.934551425263133,2.7705623595271636,2.9679236143218293,3.978191472683739,2.3370269937092676,6.858415937230695,2.7553474958817112,1.6520712060211984,5.419554295338804,9.852162523826097,10.822461114901495,4.1621318065866415,1.75824779740525,3.2668839996249477,-0.0,3.234411208386361,2.7993239086627923,6.946352521064129,3.4456743982981513,1.6256832985228047,19.620874850993026,4.892909042465429,7.589565480411457,9.046738522845683,6.471947513048417,3.726708331173973,6.256858323293796,5.5828107405212615,7.923437047303765,6.814417773781578,4.75356127421254,4.651711028097322,3.0985381162713312,3.1939807427225015,6.79079073706963,8.49015041047817,12.808984027525984,4.816779846277615,4.975045053034735,7.179351290347482,3.4701955002845035,5.1239810806715385,2.623870508931236,3.067863039212266,7.678256960336311,7.27112042197855,9.219874541837223,7.5122301693856395,5.4862163150052075,3.428057225065834,4.294933086999734,7.980167031259275,4.110235741220138,6.536068148382174,6.542508978651295,3.759712648166346,5.274808539183738,4.6503115929192855,2.760689078348118
28,3.1997350980785826,5.770428715509722,3.546947730500851,7.338546592758814,2.9854069833927745,2.0930563648315665,3.743205746962041,3.7584005424389186,5.412631725141954,4.316417499867993,4.532798244325642,5.365901896103086,27.233226279736268,8.406470574415858,2.246406935055915,7.537642058928281,5.116766975583474,1.9741768672166076,5.413967548354497,2.646789845815249,3.319839835905946,4.084937947096818,6.586120177042869,9.51650153382104,4.307770231915853,3.435958720572742,5.674440229956389,3.234411208386361,-0.0,3.2577563663016464,8.577098190441387,5.00639349895447,2.835895548242707,8.16132694300754,2.023324938304422,6.155301625115317,8.865436908758312,5.097516501233274,4.080335262900024,7.823220194184316,7.110666487046969,7.714086450060577,7.557100586026898,5.503711490200522,5.588965846692177,4.047265316486744,2.167647261365262,5.881732334836457,5.555016784716342,11.69687984078626,3.5993587517313337,3.3275861533302247,5.982853072001396,3.3750164979197916,6.213155050953325,2.332800431500131,1.9855602688686846,5.44725470453451,4.601469268271771,5.839559754848489,4.225300952065623,2.8262017355861437,3.240281550237914,5.5033275764776395,4.0952249899543585,5.213586322374032,5.3759471298035395,4.430189681637975,6.704270259966302,6.572197380357299,6.445120367150347,3.0197138524581697
29,3.745151423487768,1.9016159905355245,2.5615867058668638,3.534277693368638,2.1773928453949716,3.1872552809745445,2.0454907654381818,1.5953358321512316,2.5324405775299965,6.554057810612968,5.9317157481703875,2.129645869508656,17.693797922386032,3.7415167245205976,2.698210170974261,4.341201645212497,2.1427912710790302,3.2763157120852187,7.108029428882836,4.088240677832677,2.5536086613599904,6.2627739172756804,8.497656632933223,11.32726059186795,3.7389952414161547,1.3023749827714008,5.709866332330308,2.7993239086627923,3.2577563663016464,-0.0,3.838407369542012,2.1349070005098802,3.237722698446234,12.529165310536902,4.194639075645254,7.979666470952794,10.212437349555968,5.93593992750299,2.283521660371333,3.337927422251597,3.2918532747836107,4.7837506635802045,3.8464358187426515,2.7618153880744596,3.148317121276409,1.7016080427978146,4.495767877546214,8.797916945593634,7.018451084427136,13.64200691854094,5.757151254045836,6.942600305708402,7.603318550332002,4.4980794961700665,5.236478237615055,2.9320195472061257,4.477757908782529,7.929554592573427,7.970610621664444,7.38482924842756,7.048621503741524,5.78258665070922,4.031310063154518,3.103504793242521,3.985493472763197,3.4922063073230003,6.989834377311481,5.960543166480106,2.687882479961922,3.8052711727953232,3.2752142953981696,2.677125710986576
