,0,1,2,3,4,5,6,7,8,9,10,11,12,13,14,15,16,17,18,19,20,21,22,23,24,25,26,27,28,29,30,31,32,33,34,35,36,37,38,39,40,41,42,43,44,45,46,47,48,49,50,51,52,53,54,55,56,57,58,59,60,61,62,63,64,65,66,67,68,69,70,71,72,73,74,75,76,77,78,79,80
0,-0.0,2.7691039039567027,2.5564999851916888,1.6928950380432306,3.10009029497902,4.578855501009024,5.390085725062215,10.54906318971248,6.573382062415126,7.122514729548582,5.907213439925274,4.71439228650848,6.641287618837644,4.182442606278078,3.803576411813068,3.7053402818000336,5.333830993001302,3.518433663363359,3.7189729399568594,6.4550500789952965,4.12991770711568,9.660178736962736,9.043110779957571,8.559020721042993,5.439694332733849,4.696383479076511,10.568794539894336,8.722204343027347,5.141815429803829,13.838521842360533,12.582177338413942,13.359715430557234,17.10925199205991,16.57282387307071,9.312682958521638,9.560023828706315,8.999996842575912,9.734610458518578,9.652593870742532,8.596740702415376,13.333234437084537,13.508975701291607,11.9775218919126,8.973133381362041,3.5302880302946593,10.4467311145554,13.65424593251538,12.353045775210589,6.29972009024969,9.259450029191514,20.373569223626095,7.763262395039139,7.735728502401462,11.689580063630098,10.853057908483189,15.21432110184558,9.674613226748832,8.455130965116096,11.51271598406902,13.23425410741739,14.888069853294548,17.065212347802706,14.883095839258953,17.67394009927682,15.502384092237305,9.642077318797622,15.440011931520264,6.537303760537035,13.372659715272905,12.633071036798015,10.737090973369773,13.779582668907647,6.576275750961575,6.861875709890538,7.544560908429185,6.31220387955941,9.041368840210062,8.580018879816004,3.7543827619184778,4.756130628485268,5.14200387662726
1,2.7691039039567027,-0.0,1.7922973920962755,1.9020122023765487,2.1661977243263095,2.836055958972201,3.023004326482043,8.755015800475075,5.476483472248153,6.158144493238568,4.813142177063818,3.1032204685122475,6.072721709990182,2.8494481464887387,2.4500119191019802,2.539312824181607,4.074157792562781,2.3172502720880463,2.682805412231411,6.599832013308628,3.117620177901591,6.387476514032923,8.663648142923273,8.00501270072104,4.388985612214179,6.952628447421439,7.187230978476362,4.863900877392182,3.786796805302669,10.623873788315667,10.416506165633285,10.258190863374788,12.838723281139833,13.475678535942555,7.655446570864734,7.533636084652096,8.196280689498288,8.60763089733131,9.0234777891075,5.855177086045366,9.949207128224888,12.009629356436859,11.409087821888404,9.678549729412572,6.090119166834172,6.363848614538563,9.852159491594652,13.176835788694197,6.923081630339317,9.67370430100906,16.6928619594144,7.045102083063796,5.2433849471733565,8.64216937425823,9.147269181185633,10.200841888847588,8.370680243535018,7.39332345340245,9.512878214674958,13.301822703052954,13.699185299813621,12.282872154942172,10.534060257125875,11.523939286827964,11.423287120377276,9.505854994885858,12.2407582821846,8.77713603517183,8.401814094532313,9.119648477767484,9.032591275558032,11.105159335380403,4.8541651053946,6.289880754023669,7.081989322564892,5.00309438992898,5.375004342591278,6.255542460663065,3.089102753508576,3.7844195633995366,3.0002981936643183
2,2.5564999851916888,1.7922973920962755,-0.0,1.5280536463396557,1.019616719029865,1.9472076015194182,2.608830293624443,6.408932405340968,4.826998248261553,4.788435020137873,3.6919772079825997,2.4116648043984346,4.372164156023475,1.9807382429366476,1.9976931903939268,1.5926241786192459,2.708372288995229,1.5275412194250777,1.6342758421444197,4.186832666972532,2.0170898519971745,5.883921059843488,6.954024918991499,5.475693849733843,3.457702267664247,6.25957684901628,7.4594268057347,5.074936842581847,3.060684268978325,11.030140183425061,8.924911176148361,9.240153878679086,13.484015789037576,13.719280819694967,6.907731309950489,6.749668302817393,7.471272942439932,6.738058818568751,7.0061100933274245,5.757564997025654,9.045506362568599,11.325192224056044,10.376590454095961,9.193009968561322,4.656376891747552,6.618678022596201,10.01395971646875,11.652757197952022,5.5805513838649485,8.870568532035934,13.970211367984486,7.226811381550248,5.040189715680708,8.784157969696889,8.341855469177755,10.756151672121835,7.698304160426632,6.749659551565975,9.436539074458347,12.664055934909255,11.807569236020285,12.136353991434516,11.008831486161496,13.36459963953687,12.497742091683731,8.326107984706097,12.07586482056382,7.939994859980071,8.164523124924369,9.152520842716255,8.7622552253935,10.929999886576503,4.44902266734726,6.091829586970969,6.746797688398952,4.4593483461228,5.493052489245557,6.677586514429223,2.3998781041582946,3.031620997567655,3.1480042724991537
3,1.6928950380432306,1.9020122023765487,1.5280536463396557,-0.0,1.8306386034723916,3.4296217756941023,3.5193405980838004,7.932835003918369,5.6594472595022145,6.41883303166529,4.693875287624935,3.656239569270812,5.5650564024717655,3.0660527734853154,3.1724724757626546,2.944633699698934,4.303978111269581,2.794035177567663,2.9889513979627766,5.39862945596524,3.214407219863309,7.320802537904502,8.336960625674626,7.304606010337165,4.729688060255845,5.704648614629952,9.13655354724583,6.322210398467673,4.160078827935539,12.68027471564743,10.335795804818982,11.3369561957101,15.325641670537726,15.184442994417543,8.151021192945946,8.288262082342055,9.188113624373264,8.190270551980408,8.335926657814259,6.863743808724988,11.482428775902754,12.843927002802818,11.22121947975781,9.077290695133762,4.164689376548702,7.9411826417152565,12.233621919918011,12.361949096962094,5.932573865222016,8.887824226672432,12.820127245136947,7.183746770314909,6.6171841839877406,10.918101304296501,9.088268864952411,12.762824101499751,9.134458380632998,7.882475126820957,10.816007795869886,13.5456931767442,12.989475802501927,13.349635464581274,13.457390462845304,14.981108201272184,14.653995410461093,8.586794020274478,14.593966886649275,7.839528098340207,8.771465246743562,10.18598872961969,10.0649436054905,11.604834534055627,4.953967019005118,6.469096094069107,6.446477693506791,4.808423357033085,7.843794578463182,6.710571140368238,2.8199330134148353,3.50735721112483,3.9373066348615424
4,3.10009029497902,2.1661977243263095,1.019616719029865,1.8306386034723916,-0.0,1.939579688444864,2.9848234822504973,6.098483899458823,4.529437287299483,4.585328071438621,3.4324183744745977,2.6162812354494838,4.555124690740198,2.367147326105644,2.8093242295341385,1.912467623456817,2.5969844891688387,1.8871336855108218,2.0308381796825983,4.321540703595559,2.1164744977381407,5.747915510550905,6.855836428819148,5.293412823926058,3.4864599302226886,6.846728488188073,7.568919185434315,5.424636931721248,3.387272469669751,10.237000002451413,8.573684752906013,8.788616224435033,13.525370004910574,13.66553987542698,6.626094953763372,6.396833970583702,6.8887816210907475,7.331212277049168,6.646464261282673,6.103283146274276,9.202402100117105,11.371374273992195,9.847130549753217,8.887941000090974,5.649036951529083,6.939520945577938,9.541648291103677,10.721156340314682,6.296850496699187,8.041232002844938,12.836592601368748,7.888140977319306,4.894735313297348,7.578006139248103,7.993239344351072,11.227203344459795,7.643205933831212,6.1304120718065,9.406214199688023,11.48687394598581,11.698639107607168,11.964703518394938,9.897743077559241,13.412061365871308,12.953360371000125,7.3343341852560915,11.593328776564176,8.400742515801317,8.43482226815026,9.623039408923216,8.761041086964035,10.608249522010556,4.557942051686241,6.064233230844094,6.977005470254477,4.019490872166348,4.427371924092307,6.980383555201883,2.6067207902314014,2.7238186666309834,3.186719836325247
5,4.578855501009024,2.836055958972201,1.9472076015194182,3.4296217756941023,1.939579688444864,-0.0,1.9468289769673588,5.38892417029844,3.7152007943207592,3.1824499409136675,2.2989134868644836,1.6208187320634222,2.9153371512756787,1.7812232974657212,2.3594049057836393,1.349812368289603,1.9273465803404572,2.2295200365529304,1.9933552736449711,3.8806932938445247,1.767574133572383,4.264555962380637,5.303310875033102,4.009931341431386,2.0944382006892557,8.96650007079218,6.161335638585963,4.186567439653626,3.240781977296032,8.756637516452061,6.842216512998635,6.914787371200968,11.644280316559158,12.723773047941584,5.744156477030523,4.890676122001875,5.687118260970447,6.154277423455054,6.020578312290045,4.532061645394759,6.869431403698432,9.910922808546285,9.271261819694669,8.042722623020818,6.298138092201071,4.853668098400799,8.11764432504403,11.071853343636958,5.193426322417341,8.704082945106324,14.228913186697664,7.414709564966433,3.6133785117783757,7.080262203545428,7.74316396695876,8.85455987527538,6.275230065864218,5.6717166057798485,8.246882160066402,12.433437384640554,10.512325766995275,10.062770785447404,8.8214112212777,12.062454848299327,10.781611957696017,7.936567500509621,9.933236420905967,9.650619390185014,7.238826296332535,8.252627977735353,7.5154683462230265,10.106765211060956,4.047970829017212,6.040877096262594,7.160214488991334,3.568653905843724,3.2483295949172213,7.381322781173397,2.5254825234783476,2.418896696623342,3.6901884657707615
6,5.390085725062215,3.023004326482043,2.608830293624443,3.5193405980838004,2.9848234822504973,1.9468289769673588,-0.0,6.479878466160128,4.3652782403838595,4.147028089536284,3.2509238629837967,2.358523575688936,3.498054005003773,2.1489450168580824,3.0414914317119135,2.0552697204545116,4.4372419042252345,3.5657371408373475,4.525005606677459,5.414928935718587,3.6247751794956455,4.757986697875604,6.007519729655278,5.464232519802887,2.831183584579555,9.872167182943969,5.853149807469113,3.322040666850803,3.14995984317798,10.726666316991523,7.187795004816129,9.84264696406002,11.524995096946949,12.220109631357708,5.841434362467564,6.397929153817624,6.308429307542793,6.023031072108914,6.2518040356415066,4.0126298237493385,8.803233086234995,10.204666497914166,8.366529160652084,8.29760655889221,5.785107464038395,4.08404647617125,9.615752613999403,10.462716514529076,5.320345022489721,9.434019017080516,13.241475112857241,8.420895756316952,4.044171113110443,8.636415532675532,7.2741083885564075,8.7769878182077,6.306096244745439,5.8131664068957205,7.623944918557767,11.874545855651466,11.571051279009392,11.978651558473436,10.905907325866329,11.171033216924762,10.607113576400343,6.5902777462001865,11.764738645359639,14.481134944000587,6.140597992829224,6.808936937104082,7.29679935865818,8.192009987640931,3.5036867157089344,6.491379236534831,5.252346566525379,4.05862907629297,5.9641447683483735,9.920803866870909,3.392875723522311,2.8284960197458715,5.863913662094079
7,10.54906318971248,8.755015800475075,6.408932405340968,7.932835003918369,6.098483899458823,5.38892417029844,6.479878466160128,-0.0,4.00546425681304,2.886622728920809,3.5850048309611977,5.392989542042076,4.449890132176696,4.971703470737149,7.409676024095309,6.2703010556009735,5.02390507145243,6.188566332898963,6.29716381539943,6.87441449254479,5.622810269144009,3.674873627409114,3.3349125246263056,1.9529292061181736,4.616000880858243,14.34778765821398,3.451144523191642,5.983959990518241,7.475754591650595,8.999428158546197,5.379584018090137,4.700893167828325,8.959771010212393,10.400427864745401,3.4113981823718134,3.8845351003037805,4.540371261413764,4.496256524410835,3.8912786440550384,4.977227998777843,5.5743546089467,7.201083609280392,7.347669801567821,10.097498758643681,11.997274727657036,4.984535351325245,5.410008761338496,8.47507188632645,7.988515276854792,9.994570386498461,7.894784367010006,11.160900225635526,5.249722720074904,8.272192639232998,6.4741376218328535,9.079255555108924,4.382511455565339,5.166512017652134,6.602648527023505,10.932863518818301,6.762325790031285,9.288128723076017,10.686078932291272,12.325222575946711,8.159442015952925,6.3270503128071285,8.893394251313245,12.575004258597342,7.267311903466005,6.648713547546521,6.219678155538562,8.04109293766602,9.018526285692024,10.64449116006629,10.218433536532336,6.2886878067433525,6.774971802719737,11.911485840481118,8.227002568175656,5.817989494169273,8.42949386148233
8,6.573382062415126,5.476483472248153,4.826998248261553,5.6594472595022145,4.529437287299483,3.7152007943207592,4.3652782403838595,4.00546425681304,-0.0,3.2324007062873332,2.303340759033487,2.8587540161493634,2.6469092666750917,3.069084362587087,4.638390678037072,4.20698811164932,3.6074699525543883,4.274532265603735,4.574295431994634,5.8930516187813975,4.418897999200105,4.3989423548505595,3.791706622447702,3.4828905747159955,2.499519542466256,9.25668326042911,4.5104615557829755,4.431698818750658,5.470637803176035,6.865332608779035,5.869805444629538,5.72866932437275,8.92417055757318,9.05219317880643,2.6344425008525167,3.1351387428865305,3.366826638302075,3.9279741874200313,4.29431445709561,2.657273042634503,6.6202739745527905,7.140232976398479,4.936356372430536,4.894912600075197,7.452753538261662,3.4190815270317323,6.2105800375083575,6.7349297604720935,4.693397347733161,4.635438118978108,9.174954195713244,6.1267815014921885,3.053260186222622,7.141619714963442,4.647437824728999,8.162819206427793,4.860504384924161,4.138309887256962,5.82122873868035,7.543464255056978,8.372987904699924,6.558773975772381,7.559887490605945,8.64861717727272,7.577970240799417,3.9476610504890584,8.511227643799588,12.268773666890288,5.426405549425168,5.1399142611783395,4.0629941363441775,5.397081630272797,4.422028651772843,5.448331501064327,4.868780250494037,5.321530212581514,5.630622745141877,7.7406480383754,4.745773567931254,3.5428273881340417,4.914259102721217
9,7.122514729548582,6.158144493238568,4.788435020137873,6.41883303166529,4.585328071438621,3.1824499409136675,4.147028089536284,2.886622728920809,3.2324007062873332,-0.0,2.5990484527220383,3.8899020226911634,3.3006557237206797,4.155893255053807,4.906267966663786,3.736549028905867,3.6744298363395735,4.34675404796896,4.397395308203054,4.704273314381308,3.557660665360229,2.017451431597023,3.0588046619440115,1.785364463119193,2.5203086941959594,10.896769076985047,3.5141433307060317,4.528447046677527,5.091370765557595,9.260769578405473,5.730331062386015,5.780657420943297,8.468147593153656,9.021772986895797,3.7490480357247415,3.1847538272022167,3.7927874084473823,4.948098241062637,3.6877085688760816,3.1510296661649244,4.715514915905883,6.89568085767131,6.540042340143047,8.661228646683186,8.872334509985171,3.6730608375388734,5.16423557272809,7.624063533888296,6.37395438257482,10.1797228745048,10.077770935936702,10.25211415257667,3.5146148134641275,5.3858352933722315,5.276568093466997,6.837916494106443,3.2474557604507006,3.6231001092288326,5.055026796530889,9.14915781530425,8.277066828599121,9.251916533641555,8.57824452111123,9.828425824438137,8.253906961041741,5.455822987387456,7.755922091166024,11.148422896790526,6.170971211449415,6.070978053927335,5.91877304414581,7.670736509626773,7.725524317195358,10.420159647911973,9.62931833067925,4.936829206754825,4.703920037021583,11.683299263926472,6.479597023041806,4.473789016828015,7.032632117439874
10,5.907213439925274,4.813142177063818,3.6919772079825997,4.693875287624935,3.4324183744745977,2.2989134868644836,3.2509238629837967,3.5850048309611977,2.303340759033487,2.5990484527220383,-0.0,2.3149215201890128,2.276235182287407,2.043168175449726,3.5793959528557586,2.8925750900840312,2.4919662527709168,2.8972644803254815,3.540854277083628,5.1212473032705805,4.016411841478662,4.888027493149951,4.248140969392912,3.304510938788514,2.4321729050860315,8.793163736304233,4.914986746112736,4.113457456607736,3.701885862411406,9.743618610127244,5.492932158571606,5.733464964507792,10.23499729177438,9.835431169435113,3.6388575672752994,4.053987802805604,4.151141231783958,5.446499489964169,3.9344999989851748,3.6171920168522353,7.312671561654607,7.806629293303335,5.4093181881138,5.874345416966579,7.725866332777543,4.865234637009782,6.980936357308563,6.797879332025648,5.403503187979116,5.657140834142051,9.247008108284936,7.489111274633792,2.344444674174911,6.086178626436366,5.165721398020109,9.874453143781082,4.521897416216218,4.072013254633211,5.5800983464650376,7.71327544221792,8.455951578254474,8.228986754989403,8.435333869425445,10.107195927667501,7.930887552063188,3.7447715594999904,8.649222698441603,11.340775716125702,6.761715934447984,6.119305930160704,5.296928841016295,5.953108025107207,4.622348512440758,7.184669829978569,6.193220852108224,3.3394733789592035,4.2079738237332975,8.129922266734386,3.686432982546182,2.7629459568707784,4.4971885230299895
11,4.71439228650848,3.1032204685122475,2.4116648043984346,3.656239569270812,2.6162812354494838,1.6208187320634222,2.358523575688936,5.392989542042076,2.8587540161493634,3.8899020226911634,2.3149215201890128,-0.0,2.649079183018375,1.4053423463984744,2.1601811477103534,1.7127007512280334,2.0570287561670804,1.8935232881879953,2.0549729999584847,4.052412651712884,2.0235105259651043,4.532047522349192,5.6289759370912575,5.385058746459951,1.8293671803525422,7.396237344614378,5.217940569472139,3.4682565392673834,2.9816530793403118,9.232540516690165,5.585335503028061,7.959673425284176,9.915359925639565,10.274318602282325,4.663321822752747,4.759469720406865,5.8126587546874875,6.307310527561023,6.1224294696545565,3.9731211516555134,8.207320734896788,9.380757398689767,7.276543005796273,7.452150810687708,5.7147644349574085,4.523707618983406,8.509109826486766,8.970424254305252,4.9859682708087325,6.450154232345079,12.263845439306198,5.207883974873432,3.7239039901014737,7.5063346640254425,6.402029167897058,8.930768048597512,5.375550987537337,5.03287065063219,6.723652625220975,9.806061983817937,9.474875522961726,9.409006043749883,9.306469564655934,9.624177911996403,9.437792184460468,5.735275870837851,10.335972735008779,9.545850442410213,6.1113142888881775,6.375004414203708,6.524464037454466,7.0367320585934126,2.7321308644556206,4.905851952592588,5.066348987377437,4.297537657160549,5.5517612541165695,5.907527278804624,3.0361599289493317,3.2466177183947744,3.9536625981939446
12,6.641287618837644,6.072721709990182,4.372164156023475,5.5650564024717655,4.555124690740198,2.9153371512756787,3.498054005003773,4.449890132176696,2.6469092666750917,3.3006557237206797,2.276235182287407,2.649079183018375,-0.0,2.8675713650680525,3.8353672142951893,3.2509620208940966,2.541308560631465,3.6528487416951667,3.7831368976451474,3.8571755792159506,3.569620923176698,4.311715465942047,3.4855802732551666,3.0877502362492613,2.019080580566212,8.404798066915198,5.389577223645348,4.696163234063794,4.190945573812039,7.783194818791473,4.080269117385016,6.767491806508614,9.900655140211546,10.037757877387257,3.6970551919586097,3.7859317650616724,4.514647790129046,4.065966191830374,4.734637709140738,3.316984560515538,6.674850129488103,7.768244654738856,5.394600250196004,5.98220061820729,6.333348751951638,5.0250122382086415,8.217892642553654,7.648745645740392,4.082796028992193,6.143928903544643,13.184515817365336,8.865637315823543,4.141352234439727,7.935393534991644,6.108038842169404,8.58969245278563,4.776590348516258,5.012340526300297,6.53129716529194,8.84661448297055,8.156913952091182,10.111074986297076,9.999123146440281,11.611436346999483,8.657260125344672,4.793738561708769,10.180496340709407,11.267652421288949,7.240267741532064,7.7760954659534764,6.414024089656103,7.510918938687165,5.2705396993577205,6.8466208051891435,7.496983215224714,5.217441805514454,6.25741612189394,8.829929037905416,4.816918760298067,3.936246429819074,6.989223035538718
13,4.182442606278078,2.8494481464887387,1.9807382429366476,3.0660527734853154,2.367147326105644,1.7812232974657212,2.1489450168580824,4.971703470737149,3.069084362587087,4.155893255053807,2.043168175449726,1.4053423463984744,2.8675713650680525,-0.0,1.680700241893083,1.4531742317925156,2.347184657835863,1.625269158264365,1.7287496678733305,3.931456866601601,2.0053756138832988,5.390400834302472,5.558079894504116,4.818919327937811,2.3528444362378194,7.498901177321539,6.1180338089274935,4.189769718034412,3.0291065411945373,10.478543083997588,7.32318525277327,8.197009514756505,12.242791522627375,12.560673697578983,5.314920390508241,5.7110031615856105,6.362973656336276,5.310452474975488,5.60119027136399,4.366999217389663,8.890468112054261,9.774638215450226,8.282067628807921,7.08027906520142,5.687217156126844,4.933730924516799,9.5740009613067,10.056564256652816,4.863021501815095,7.05592120150849,10.54988682760943,6.251376488514664,4.2648746340966825,9.33296355794144,6.640927033826927,10.248050868065366,6.746775176420492,6.117864679917706,8.028534084601988,11.430791818174905,10.06293549202997,9.233553025234574,11.360879050818808,12.852317745510577,10.661634011984987,6.36846895839469,11.897986801864374,9.049828413704281,6.425133244431062,7.210589520461586,7.265732759932742,8.914215040448731,3.9017579278428562,5.789609867407505,5.744592261575882,3.3071999032351496,6.3874672265907515,6.5981947181074325,2.86877497409574,2.413445303971262,3.533209957893279
14,3.803576411813068,2.4500119191019802,1.9976931903939268,3.1724724757626546,2.8093242295341385,2.3594049057836393,3.0414914317119135,7.409676024095309,4.638390678037072,4.906267966663786,3.5793959528557586,2.1601811477103534,3.8353672142951893,1.680700241893083,-0.0,1.20595708056631,2.7195009082610917,1.4576326625625287,1.5565902031500134,3.6592962117047025,2.0854713723108853,6.491690821065836,6.193151338018514,6.085357852287507,2.8392149438607106,6.650821781267544,6.229578649799026,4.370151417674868,2.2434318755630773,10.58722280543727,8.166120714278378,10.292438570161774,12.507344406247134,12.75911073958854,6.786733378202064,6.773200897967947,7.398112888062641,7.579007463199261,7.891845984307445,5.068565476220209,9.75600428731214,10.157560342193143,8.5620520531954,8.452781608188715,5.5160394105169175,6.320861383710994,10.503943318554132,11.290915759668394,5.005769866782408,8.001341511113147,18.157556491440456,6.279190391379216,5.125950824058007,8.676809198392405,8.351679235886378,10.854027231150864,7.650386485164337,6.892203876641835,8.506169766872976,11.586096152304204,12.513672227786254,11.180462728295444,11.67883788226313,11.262021026996763,8.897490955181203,7.35352868141597,11.906903326764493,8.197943715918187,8.5604537752071,7.938266981829169,7.7280262339083325,8.512568177369443,4.793845755519575,5.711001362244215,6.141025519909773,5.047567521164027,6.896226185222541,7.531175235483864,2.906851444412206,3.4988467467006203,4.038812067401492
15,3.7053402818000336,2.539312824181607,1.5926241786192459,2.944633699698934,1.912467623456817,1.349812368289603,2.0552697204545116,6.2703010556009735,4.20698811164932,3.736549028905867,2.8925750900840312,1.7127007512280334,3.2509620208940966,1.4531742317925156,1.20595708056631,-0.0,1.6679698880731249,1.0085555043168908,1.1782091137892656,3.030661398203151,1.44249474716217,4.802055366833438,5.67143054316628,4.626541348864105,2.3240726611226274,6.694151079633025,5.715484855933258,3.7498489783107516,2.2212964340441137,8.599011328425263,6.808019547905632,7.837463445238392,10.968189759167949,11.942494317372946,5.844599147751409,5.682227802605349,6.05207035015888,6.251740803119033,6.109993372535103,4.203575531698672,7.443148861941922,9.736929566500384,9.150966400698728,9.362832738878831,5.44443785268769,4.8981040808553775,8.28984995404407,10.910190179811108,5.5150221753510635,8.494606121054153,14.745084597950088,6.810379517936606,3.869635174246652,7.338286556261734,7.787918611569388,8.914906771139249,6.914675409500553,6.156124049825049,7.950055831957429,11.96767095406233,10.804887874399776,11.373550265616556,9.024346486292277,10.778135607679108,10.277588924814157,7.9095362370611575,10.20471061549567,8.41041159810108,7.226525424580852,7.380529527782419,7.693336637094437,9.24751640628833,4.633348593955912,5.4916975113527755,6.789330713440706,4.59106440102394,4.531537398702586,7.891551151202339,3.2353180336220526,3.1042627439982686,4.133321474797984
16,5.333830993001302,4.074157792562781,2.708372288995229,4.303978111269581,2.5969844891688387,1.9273465803404572,4.4372419042252345,5.02390507145243,3.6074699525543883,3.6744298363395735,2.4919662527709168,2.0570287561670804,2.541308560631465,2.347184657835863,2.7195009082610917,1.6679698880731249,-0.0,2.6815850859968906,1.5957891658292476,3.1809229072691996,1.759330732212251,6.697429365697931,6.114130706739793,4.1364731606592855,1.998198815498355,8.885248628428805,6.30589152257018,5.0040898537241665,3.4727002810514294,9.179864082847141,7.098392446732562,6.1832664630679295,12.269927349602238,12.864252168978808,5.166752332201523,5.171726936002892,5.336100017706358,6.696789537234577,5.978867494952994,4.923613558925552,8.055751069688947,9.70631279725073,9.09685336002894,8.447569555774667,6.944975091315552,7.1827350192481765,7.424055410095521,10.476346546612321,5.383166388411666,7.655102380225275,16.395139446991525,7.303097349306797,3.420954966693612,5.662846004309657,9.100974690229418,12.133592478738874,6.898377192018657,6.220320843862083,8.87529354341482,12.170105915299871,9.075900672699523,11.260609294315973,8.111430471554312,11.296668928498523,10.042831412872243,8.501470190771762,8.176020328446265,8.422319461260907,9.510843147588403,8.815583217427482,7.697032585364693,9.58043488856505,4.887798299645837,5.457053421610259,8.480136574864641,4.718550387700807,3.9058269160543904,7.318264454930214,3.3500045276275485,3.0767804396197502,4.811573840826741
17,3.518433663363359,2.3172502720880463,1.5275412194250777,2.794035177567663,1.8871336855108218,2.2295200365529304,3.5657371408373475,6.188566332898963,4.274532265603735,4.34675404796896,2.8972644803254815,1.8935232881879953,3.6528487416951667,1.625269158264365,1.4576326625625287,1.0085555043168908,2.6815850859968906,-0.0,1.5848935854871034,3.2356522717506366,2.264457382975727,6.691593446982505,6.132614868662722,5.49690339730168,2.9784336477786915,6.095613557840449,6.090615486020748,4.779404748951348,2.3101234817766723,10.636495870950341,7.669704972260847,9.672287030526586,12.140624776303829,11.817146815546964,5.833691501502023,6.654448751233421,6.528170326351967,6.925770100756113,6.54352782999758,5.355182922962408,10.260799502944103,9.914385536855534,7.923612860982278,8.340217984554236,5.799377228969612,7.035342173079575,9.961116609541397,9.50463741882355,6.127408247548332,7.0889095531619795,14.67969522478379,7.184028759108841,4.62391761090778,8.347398847610602,7.528847177992341,11.6551911478453,6.62066519621306,5.70405100653934,7.684179333097997,9.952058006990729,10.93829110278924,12.155864362728725,11.21594693471628,11.346918753901349,9.906216976492425,6.099276949705379,11.81561381887618,8.430580539508343,8.665118047748653,7.8827807121060305,7.303284187525248,7.759983062167312,4.505017968184373,5.82857392399729,6.229805706957521,4.1208488210194885,6.702398040050237,7.548213435918793,3.2623541693179887,3.3020517388095643,4.14458326089093
18,3.7189729399568594,2.682805412231411,1.6342758421444197,2.9889513979627766,2.0308381796825983,1.9933552736449711,4.525005606677459,6.29716381539943,4.574295431994634,4.397395308203054,3.540854277083628,2.0549729999584847,3.7831368976451474,1.7287496678733305,1.5565902031500134,1.1782091137892656,1.5957891658292476,1.5848935854871034,-0.0,2.9347855128842695,1.7450604031316301,6.968888675751917,7.5081146274671235,5.146501500587342,2.9172589289520103,7.435991698049956,7.2283785795681705,5.570425443755418,2.9799628466912624,10.453197683506607,8.768147486609788,7.207095695750604,13.112605608806037,14.489338477990804,6.567315473567127,5.926183447534284,6.147789460995881,7.221716153897944,7.0045944185125935,5.853054219226786,8.501782239863626,10.529387346521837,10.914483271420817,9.698798196620631,5.848830298972929,7.436010576539591,8.448897067955595,12.603984401798328,5.479509733524361,8.780378739505156,17.534592487731302,6.588268118234809,4.0264298406429395,6.925390142986445,10.730436360553718,12.179457295574052,8.42709236644305,7.684884150247127,10.262476645447403,14.340902086580503,11.161456103318391,11.562445275573902,9.017988681126818,12.559671661692125,11.593159999291027,10.905771252002998,9.70468326734803,6.775931389899092,10.211661532366138,10.24468338605001,8.877287780268766,11.759357779285002,5.400495306652485,6.093325112072227,8.469917055337909,5.23850933433471,4.265523665626277,7.129485176444545,3.085227761517262,3.702780271192106,3.838201240543346
19,6.4550500789952965,6.599832013308628,4.186832666972532,5.39862945596524,4.321540703595559,3.8806932938445247,5.414928935718587,6.87441449254479,5.8930516187813975,4.704273314381308,5.1212473032705805,4.052412651712884,3.8571755792159506,3.931456866601601,3.6592962117047025,3.030661398203151,3.1809229072691996,3.2356522717506366,2.9347855128842695,-0.0,3.2004537149684453,5.947199499810108,6.522326664679225,4.789348617246619,3.547432416355329,5.8732925683423725,6.878878547612071,6.368537418602135,4.1901464808576145,8.605014779933848,6.829641285820749,8.848998913931828,11.463375608160323,13.718682994067143,7.328542887983359,6.131789745611346,7.913345429235615,7.23542177834658,7.322741502383484,5.669067970927162,8.246678078526795,10.582473725998373,11.699175352842742,12.610298377869414,6.368396276671816,8.091641811052243,9.62286410137612,13.745318372451086,6.469368169059371,12.144456322285002,17.026715438996966,11.56521092802411,6.912908289999958,10.210449057522444,10.366761954574617,11.126749572426034,8.536716193931747,8.524037502113394,10.304228918482218,15.373984489208146,12.11333828743024,14.245509240400581,12.101209294581697,14.081293561947772,12.183391498360209,11.333822443953602,13.227316403496667,7.338746068171959,10.455760926080861,10.998364599001077,10.628745826754914,12.422491598894196,8.375312877331549,9.297131153019377,11.997470919101321,8.277792708378652,7.916273012793479,11.448745612705428,6.823131738679518,5.945151167754122,9.194055415742595
20,4.12991770711568,3.117620177901591,2.0170898519971745,3.214407219863309,2.1164744977381407,1.767574133572383,3.6247751794956455,5.622810269144009,4.418897999200105,3.557660665360229,4.016411841478662,2.0235105259651043,3.569620923176698,2.0053756138832988,2.0854713723108853,1.44249474716217,1.759330732212251,2.264457382975727,1.7450604031316301,3.2004537149684453,-0.0,4.724704546585735,7.053588842907857,4.143760601405907,2.1465723830784005,8.450645256996681,6.930519945445572,4.291735489738645,2.920952868137855,9.335852994725073,8.478984807683979,7.668629598481517,12.669458087827191,15.473399310108709,6.923458266586583,5.278957883177727,7.28774853346981,6.214019687414295,7.1350318248762115,4.958247701932122,7.129357543462256,11.575915043942636,13.200027371041116,12.127973471291654,5.721987386874901,5.579233399169595,8.107299440678041,15.26718512685097,5.121601521253625,11.567216857365587,16.117330868218314,6.625824106751532,4.521267891960122,8.83700630473976,10.78067933215789,10.280582049899962,8.557565392935407,8.123372133275561,11.006176249398877,17.234371874190433,12.403868167441374,10.511506411192851,9.107305678351004,13.002057459113313,12.417228405910489,12.75830331069344,11.54641892797311,7.886115478574954,8.284374716615938,9.755897530479883,9.239201049666288,13.426278688589397,5.051281623313697,5.785143515420734,8.882384370171561,6.001720588214766,4.474598856574002,7.624332945216785,3.494352857694363,3.4647059945247656,4.246143023739415
21,9.660178736962736,6.387476514032923,5.883921059843488,7.320802537904502,5.747915510550905,4.264555962380637,4.757986697875604,3.674873627409114,4.3989423548505595,2.017451431597023,4.888027493149951,4.532047522349192,4.311715465942047,5.390400834302472,6.491690821065836,4.802055366833438,6.697429365697931,6.691593446982505,6.968888675751917,5.947199499810108,4.724704546585735,-0.0,3.1016479977971367,3.240774811058445,3.4584209302664317,13.665424629440485,3.75637769484754,3.8503903196390703,5.31706150605216,6.601433061554503,3.5844470066031255,7.025627069244213,6.598916173326693,7.978985318063855,4.258809381000279,2.68648225905026,4.6483829150155564,5.770029083989169,3.875234394849272,3.3389842663163267,4.259159370433616,6.649773054186531,6.18367666464317,10.74740412429231,9.49148262341886,2.863625739087054,4.760058180340306,7.739170790378741,6.929870714068778,12.238895544679556,7.927303412566482,11.159946987935717,4.042341987086439,4.592835476121709,3.795999230455681,5.041154153838817,3.0786531475158143,2.859195687811086,4.121373089814843,8.80801139974284,7.396211036559547,6.772515402309559,5.865992889838539,6.819306686601738,7.721194897354945,4.873283706669469,7.881890466971842,14.538278764661447,3.2732573415241326,4.681604930149111,5.65549232920127,6.225831203999596,5.994200214920594,9.666240410339695,8.734301341913667,6.676958430821821,4.209247126557389,12.976860480557741,7.628403808508821,5.364660767448918,9.28464772566597
22,9.043110779957571,8.663648142923273,6.954024918991499,8.336960625674626,6.855836428819148,5.303310875033102,6.007519729655278,3.3349125246263056,3.791706622447702,3.0588046619440115,4.248140969392912,5.6289759370912575,3.4855802732551666,5.558079894504116,6.193151338018514,5.67143054316628,6.114130706739793,6.132614868662722,7.5081146274671235,6.522326664679225,7.053588842907857,3.1016479977971367,-0.0,2.773684951839445,3.8152425720799776,12.190762616736773,3.236978265284198,6.34135943507761,7.202382335254248,4.74344630109595,4.07578531836359,5.6492712239182605,6.7650632364779435,7.080889045684602,3.238975001763318,2.5322497326547397,2.9815094529285067,5.070518126496245,3.466803493693334,4.0777484525417,3.452729813062468,4.887954985122756,5.2948037786142805,8.418324668650873,9.947321791017902,4.8752312023202995,4.816113546388412,5.29839274170587,6.924340694192271,10.929632444389254,11.268363252220748,13.610216865347953,5.804522353746727,7.64219482944452,5.168787720438314,6.42211811397399,4.733702709313475,4.393153720687862,4.910847228517759,7.01578256711808,6.13108885065686,9.879366593908745,10.27988895895739,10.947453549733137,6.059209506941007,4.31174858675866,7.796672098097459,16.492479564143185,7.814311604729162,6.533834910316646,5.444817740010471,7.5451394601979285,9.643372703872563,11.29276209629744,11.606136751224756,6.6253476625383305,7.257602313289484,15.045897343492639,8.517960764595717,5.739065118972047,9.988076876811169
23,8.559020721042993,8.00501270072104,5.475693849733843,7.304606010337165,5.293412823926058,4.009931341431386,5.464232519802887,1.9529292061181736,3.4828905747159955,1.785364463119193,3.304510938788514,5.385058746459951,3.0877502362492613,4.818919327937811,6.085357852287507,4.626541348864105,4.1364731606592855,5.49690339730168,5.146501500587342,4.789348617246619,4.143760601405907,3.240774811058445,2.773684951839445,-0.0,3.0168953537833665,12.689268210891989,4.035426848169768,6.448552508554372,6.956532380738194,6.402816892766912,5.908996506373789,4.472275551456256,8.882917932735351,10.592374634567083,3.9927085592578346,3.0481736097674674,3.764194285796556,3.7139313871652617,3.637963029256737,3.9117801171041373,3.502299875588441,6.708013597997047,8.941457426317617,9.377300272583815,9.610114888488326,5.514910596647607,4.449418654594296,9.886701060989958,6.169566536248915,12.919305824804123,10.582527864382909,13.274515175731763,5.659062806995878,7.832039074920556,7.642857064937912,8.02622386825966,5.055106001184888,5.719103016819169,7.484894151541087,12.393636520150041,7.883352495355483,10.903662107512275,11.047114246123767,12.606508809257251,7.643948254560183,8.385099128888376,8.12515355734328,11.383903316425247,8.64329691025067,7.845411149111171,6.545888577571659,10.488985518286592,10.413127632991985,11.126832030315796,12.592394740257824,6.119670750919851,6.830224835586388,13.63799169907163,7.74704954437327,5.028225697779056,8.79377120559175
24,5.439694332733849,4.388985612214179,3.457702267664247,4.729688060255845,3.4864599302226886,2.0944382006892557,2.831183584579555,4.616000880858243,2.499519542466256,2.5203086941959594,2.4321729050860315,1.8293671803525422,2.019080580566212,2.3528444362378194,2.8392149438607106,2.3240726611226274,1.998198815498355,2.9784336477786915,2.9172589289520103,3.547432416355329,2.1465723830784005,3.4584209302664317,3.8152425720799776,3.0168953537833665,-0.0,8.490303590945052,4.645008116453488,3.5824783040017825,3.413635005306287,5.896120241586573,5.200295552688933,6.618158609047527,9.891139031554873,11.166783439978499,4.379617679963858,3.590854592769306,4.494014213438788,4.831507018825474,4.983300816479008,3.2366356517292014,6.0259331043085504,8.299908985295916,7.4500821286764785,8.538437593375516,6.341056009052204,3.8524735871516524,7.082726488610146,9.731578922801223,4.393359950318822,7.97433948237459,13.845498548133731,7.09444440505992,3.156715549801122,7.059532862191988,6.347198194057301,7.67650811184891,5.374662145244178,4.697667128035236,7.181737358943607,10.989226399669045,8.86551649720228,9.18171287495337,8.120056472857831,11.278723940826078,9.352369713653811,6.595344828916931,9.200351955127998,9.659555979861738,6.358134487720319,6.836446791615776,6.333094217185845,8.809688445051194,4.366713714142371,4.838414565118531,6.204127188043161,4.588116872759096,4.382783462105188,8.807037445646468,4.419457701764567,2.8413453396543016,5.518426251669259
25,4.696383479076511,6.952628447421439,6.25957684901628,5.704648614629952,6.846728488188073,8.96650007079218,9.872167182943969,14.34778765821398,9.25668326042911,10.896769076985047,8.793163736304233,7.396237344614378,8.404798066915198,7.498901177321539,6.650821781267544,6.694151079633025,8.885248628428805,6.095613557840449,7.435991698049956,5.8732925683423725,8.450645256996681,13.665424629440485,12.190762616736773,12.689268210891989,8.490303590945052,-0.0,12.546165706221434,11.153415735493091,6.015857997848381,18.80500330080217,11.931071510233751,17.17003204382143,17.69131463052014,17.42129176131637,11.184890021945238,12.382092523616135,13.069159028005545,14.741741848407692,12.097815162371958,10.467657567999424,17.437049743875637,14.563933250460098,12.21028145151014,12.41525681778683,4.937743484851434,13.778418431516878,16.710277901768144,14.85870687309002,9.188796768117372,11.408702972080864,23.921959172528624,9.26087573539136,11.012859611084515,14.552928736430493,13.736765211648526,18.58233963154813,13.339094314920695,11.891622163776281,13.566491068578998,16.2862558833747,16.04267850334654,21.350541924148793,18.604064184288575,17.390792331386827,17.13465673280936,12.516845383950823,18.23950988502459,3.869645535094931,16.087242514537735,13.244495069768021,13.517523067314976,13.08718691662118,10.049201010824394,10.967823814178159,11.659705195565287,10.938778561982218,14.30102818749907,14.110207754036466,7.580939873499671,8.556592604092895,10.276181216224062
26,10.568794539894336,7.187230978476362,7.4594268057347,9.13655354724583,7.568919185434315,6.161335638585963,5.853149807469113,3.451144523191642,4.5104615557829755,3.5141433307060317,4.914986746112736,5.217940569472139,5.389577223645348,6.1180338089274935,6.229578649799026,5.715484855933258,6.30589152257018,6.090615486020748,7.2283785795681705,6.878878547612071,6.930519945445572,3.75637769484754,3.236978265284198,4.035426848169768,4.645008116453488,12.546165706221434,-0.0,3.5794806539983637,6.366597712054327,5.292850797516017,5.442853359479115,5.708991859400983,6.193826183595891,6.623104108469905,3.206386279995891,3.5129375863524803,3.907848671934041,6.760178261414861,4.12402871286094,4.64659208614177,4.189585282288174,5.580079205226467,5.653401366051755,11.704222339393516,10.93966083852426,2.8929336549601583,3.852588299749067,5.317938030587069,8.336948719837347,9.310170454486833,9.048831946398149,9.833340666079192,4.027469974600672,5.938459369230942,3.7841405952187817,4.361729202065751,5.024768501283918,2.9091061072354636,3.8111815591053064,6.56014848065685,6.108961686637355,6.195347659646785,5.556290160928484,5.617801433243353,4.942433465534312,4.335879124185465,5.502667322209375,15.080241283595543,4.3471444380589075,3.1894503064421222,3.935493676052693,4.599860892451358,6.590619918318173,9.168242574601313,8.03583638659744,6.374868439007038,4.553325501926294,12.594949107849105,8.125344856486649,6.057428714280982,9.316997852012804
