,0,1,2,3,4,5,6,7,8,9,10,11,12,13,14,15,16,17,18,19,20,21,22,23,24,25,26,27,28,29,30,31,32,33,34,35,36,37,38,39,40,41,42,43,44,45,46,47,48,49,50,51,52,53,54,55,56,57,58,59,60,61,62,63,64,65,66,67,68,69,70
0,-0.0,2.25309022563012,1.8464280636544832,3.2864717519913467,3.868001535165645,6.103120527120458,12.239777033343776,25.144462838722685,18.889329563044832,5.756588951075062,24.602698863772194,14.419404816957272,13.641402327392484,18.097974615862256,10.656342233873069,13.686957346798131,6.916442826346455,3.905993327127629,7.265270723914685,6.265503481636666,21.292221268505198,25.71205017379269,29.037576936716142,33.680900028874674,17.21344975219491,11.05533513483755,9.264526068309847,3.6174314066456734,2.697965620833872,8.917505753657426,2.9210968113126783,5.228280609453323,14.382050716685432,13.41003073479531,5.230430467899331,3.7897117095338544,7.013059271051522,7.49109363890139,4.933039301746725,16.28072322679248,6.070980896829104,9.837522130783626,10.775450620451265,17.127784243552973,27.950088839942616,18.60896988862887,30.991108276281185,30.87204829963033,34.93761565984211,7.081414030583191,16.595595083826915,5.803854352755718,4.33603964726183,8.374942510302242,10.448961416579207,13.24656884240595,11.94900576436422,29.895741617667998,38.88631635306893,10.429957139530979,6.790961957262845,10.358276991755911,8.14416997375434,12.922835508280487,8.494451034725703,10.12963136922176,7.350431644726035,6.115816904666127,8.136101871560973,16.665265402970036,9.77701050232553
1,2.25309022563012,-0.0,2.8276145727846864,4.433098314960316,2.395440394728362,7.437588245021475,16.269738256046804,26.203664484812318,19.944620654192278,6.434863130183695,25.31654332014668,15.109840614808386,14.336943933232014,21.404449772619913,11.560081522480312,15.313812930257123,9.797903512456996,4.434905888195903,8.367467342410768,6.225931008366396,22.665502300069075,27.181687531599483,30.103996217288596,34.8886516137725,21.329725155640155,12.317519066274603,10.070083494689587,4.9781768206126245,3.336906737550657,5.894350977224553,3.9716319141709913,5.558371886210872,17.66426194742031,14.90468987226663,3.058618649751138,3.5694955209787578,6.1551988030601335,7.428715351418382,4.684474785499624,10.896052502833221,5.089259450800813,10.587959292950034,10.990445814366304,20.095674486384507,26.46817439523428,18.615394916438596,33.41335028832252,32.83376967906692,35.753098212380976,8.501744797406035,16.363631340157237,7.832932285203516,5.945864708200522,9.030582633387002,10.959034080310003,12.872004612040296,11.673042012119113,31.17825244196572,39.71348531803669,10.85273617982393,7.244057320364304,11.552155474463664,8.672711703216695,14.475830813463103,8.560575308516722,11.239833478399555,8.53520328564548,6.352946351433188,8.344337260697174,15.626885502008085,8.066723669703729
2,1.8464280636544832,2.8276145727846864,-0.0,1.9831426697456138,3.419498107670341,5.512537461895834,12.054713328502531,24.00231588726103,17.984419850576685,4.947049174663248,22.502504843442196,13.160524921940587,12.540178731622378,17.36706017697449,9.431422212493084,13.180566963551383,7.065985325256708,2.6532185215748525,6.277443729895275,5.217347860044392,20.193069370562004,24.668208625972934,26.944410352040677,31.57598792218314,16.813486521484506,9.81974466729874,7.8926255585068095,2.692961729999413,1.746114431828944,7.351062044562063,1.5372147114500274,4.7325463135815875,14.008058003457684,12.14993101104066,4.516424530213639,3.6369246221972906,5.951267219939234,6.218342226861682,4.337175320676221,15.851546440900556,4.473413745078189,8.535998006704615,9.431363846532415,16.399589246457776,25.05789005556028,16.850385691238415,29.678365669868043,29.506675192497426,32.83700423895334,6.611148187927115,14.884523136313152,5.120150184742856,3.899706327891094,7.405221541511896,9.088686574682406,11.313650001843943,11.493926478479551,28.498336207600595,36.736763629041704,9.39582239034328,6.2746129786805485,9.624788252337224,7.215487929036477,12.293878901673509,7.415842560880817,9.12605682926438,6.481236129060023,6.145161079802922,7.478665673430586,14.191397886373794,7.829615590976594
3,3.2864717519913467,4.433098314960316,1.9831426697456138,-0.0,5.13175794671794,4.898978786648723,9.064810471862291,19.83877621826092,14.2874211155075,4.11077028597005,18.477564666415326,10.685696361213028,10.158057021563017,13.933909844725303,7.137472122834368,10.08111433504638,5.25635013011433,2.3974328888501613,4.767036345473496,5.118744964777708,16.419820301665737,20.084323014211574,22.520434526408774,26.39990424263886,13.401187415237903,8.230782020963916,6.398116399528447,3.2316723804767435,2.3305505201784746,9.36609163872533,1.8251682883426266,4.672048508560585,10.75945647771695,10.366840531603096,6.5219575200550475,4.434212162798153,6.868469811850692,6.128462886816671,6.717154822776703,18.995823710974513,5.381395810836987,6.892642864671682,7.489710794849475,13.078873518895865,20.993881770957632,13.841728844722926,24.634678792847517,24.438758092273993,27.673961981153877,5.751320751382484,12.26205011468019,4.858361560836532,3.811487064905711,5.861904272191655,7.429736419684297,8.747650552979037,9.60806959564134,24.672419827149763,31.217414911230087,6.808387366638347,4.986260698823906,7.21130910715418,5.2541659984561635,9.05800868321273,6.5970624886050695,7.155304975266781,4.600302718473449,5.427709996237045,6.269258357674159,14.718224730080253,8.55072345947252
4,3.868001535165645,2.395440394728362,3.419498107670341,5.13175794671794,-0.0,8.54667928863443,20.196036502181208,27.719137765508304,21.841590793587947,7.640814497907713,27.839740392885293,16.737058337247415,15.71648874050845,25.12144990152298,12.430625237789378,17.30026209687982,12.70881295451523,5.2445006981435505,10.129556505460718,7.924796162837714,24.319653938386505,29.713320073464942,32.95189168585788,37.937044470661,25.051144059923626,14.557130987981278,12.28700146101381,5.608857193532807,3.593254252371885,5.545255250528662,4.659414765264067,7.0077796908961725,20.761761708807548,17.240107871053514,2.4277599164017998,4.872171329266786,4.858027997234175,7.936782159612353,3.8266667765338775,7.968582801301341,5.48274731652037,13.120815082435767,12.148640923482628,23.2903618572018,27.811173638593033,19.95578605285134,36.73829714880584,35.75357995941744,38.60493141443568,9.756853128491235,17.454025852414706,8.819967468773038,8.224585461403755,10.673889501221923,11.605443964896038,13.924773701817443,14.178068679748861,33.5174201820534,41.94337861622128,12.522215343335535,8.726073961330155,13.169738207827418,9.702190174667916,16.35351689424703,9.895734058686683,11.76410598911554,9.495350542547795,8.404059095410181,10.359178885394588,14.232204925780769,10.978821193869281
5,6.103120527120458,7.437588245021475,5.512537461895834,4.898978786648723,8.54667928863443,-0.0,4.995533640814538,9.786260754856979,6.060616115561275,1.505975262763133,11.56401386813749,5.783887573841014,5.506192607778255,8.285165045269226,4.570967703894551,2.7114466324645,4.142442283991549,2.932410926920372,1.2668952651508019,5.049019715606105,7.613677924537257,10.399369734686323,15.310582105606443,17.156565839674926,7.6884124041855575,3.3971569583229986,3.039697839183681,4.374954292557532,4.8148146640767875,11.630349333628889,3.792356044100459,3.8388908252498912,5.183622401691473,5.239377972022372,10.621182774170629,7.885958800308693,8.286726195816513,6.1896255472930894,8.90969532356884,24.078617634014954,3.7109959433078257,2.8447482767551326,3.2387332626882643,7.575828858744506,14.106758841271603,8.289293754754086,14.81028408251297,14.805297393373028,17.576058334433082,1.2614679336090255,6.630515410911115,2.6945685315007775,2.857525883401915,2.704874908143675,2.782782493814857,3.358846868210724,6.375087435499691,17.61180601430163,23.69178489865417,5.770364384415415,2.7184884450169524,2.1456683655867876,2.974657951645932,2.584509290573375,3.7389170725727325,3.469922453074372,4.103478306563343,3.877106833771372,6.010011566062796,19.674244659203076,11.055356266437121
6,12.239777033343776,16.269738256046804,12.054713328502531,9.064810471862291,20.196036502181208,4.995533640814538,-0.0,9.584510405078468,4.770856041881852,6.052553177232201,5.72920110934715,5.235262514948785,4.822073977777214,3.6662920503680727,6.430375528319642,6.536263152510265,4.197105153456679,9.30880388744791,4.645703522452086,7.602889981175211,5.245078901745641,6.298504763144107,7.942455597413789,9.675862804104089,3.2679727782339447,3.512522478789406,4.801223210903066,9.885610868330236,12.171382643300243,21.272880869018405,9.125803406698866,6.889090989310936,2.5752423711787715,5.440156205485238,23.138218118191133,12.821418274166906,21.491273360206907,11.093021263647763,19.631309957612185,40.34846450054745,10.605938065558986,3.2346347940203315,4.72589272584928,4.04487078112834,8.552645721442037,5.9455382334613,8.51897911497958,8.632102281784523,10.380095578853926,3.994289285878597,4.947647174776604,7.205684346827433,5.305475727204864,4.014540282823259,5.911608342685648,8.33776514752579,5.889396338220389,14.834955630613964,17.53235666473442,9.551452966042124,5.575582930216561,6.73460285323771,5.999205775397438,6.634770486577381,4.79899716500383,6.734666335159462,5.372634924058192,5.671017017349862,7.158012881418332,25.77896324272994,12.73154349594375
7,25.144462838722685,26.203664484812318,24.00231588726103,19.83877621826092,27.719137765508304,9.786260754856979,9.584510405078468,-0.0,2.3280223947969585,12.244844727320746,4.079679920555986,3.467168407981139,3.7630648053041353,5.427406226891089,6.511425638103569,5.611609762123085,11.93489912686291,17.057411806323422,9.46997206292741,12.05279502594501,3.294116099985055,2.071229495152169,4.784488368749952,4.6897973912380095,5.161839899223889,5.947976111338506,9.288457621716843,21.389213515880318,19.86082658290137,31.17050213359654,19.96397902892132,14.943228416274811,4.155813220785824,5.508450860594596,31.06364548203986,21.35071081869052,23.02140022943579,13.088663110608204,24.49966755405297,29.081840906157662,15.648671246259111,8.406239149437564,5.742676698385217,4.443482329621706,3.7247695102775937,3.7410135634581985,4.812783081453623,4.014852980659632,4.967543166089218,8.10096796000118,3.2590968883662224,17.934695629130392,16.12055956114266,8.44879141915761,6.482824433977971,11.734545990253563,9.575666216591777,11.881558653525122,14.075726932236934,11.088776674993742,10.232949400385852,6.152011701211971,7.903943765497472,5.735801898271093,11.076016810991277,5.457285564050832,9.448671347547462,11.923877673028818,10.720196087714248,28.234953639479176,23.453680066659203
8,18.889329563044832,19.944620654192278,17.984419850576685,14.2874211155075,21.841590793587947,6.060616115561275,4.770856041881852,2.3280223947969585,-0.0,8.020534183796542,2.7015146114096305,3.153872092063064,3.144417840560924,5.438109501705055,4.548932464899307,3.3239357571293344,7.62607531227756,12.116520131878655,5.533984245658929,8.572750473196887,2.0617970808198525,2.369524510084347,6.322618623805986,6.2182755786734765,5.241373372174879,3.337098931185513,6.1568289945251715,16.126698037174272,15.009262341872377,23.672472666925987,14.542298099207725,9.534816883389727,1.9078808325219485,4.7649663841403544,25.249383870681164,17.07162967892555,18.88339437796344,11.266280496821963,20.61888956639361,21.6993573870142,11.721127441889546,4.481274561586752,2.9667749056403987,4.544133605967583,3.4357553661191247,3.5492492561843854,5.621926098837943,5.140991131683537,5.990250686467902,4.814505602134158,1.4578637832373187,12.649807730448208,10.282749689777534,5.285802981147176,3.179729309066351,7.143451398676332,6.205673625685849,12.108555018236542,14.533603578845007,6.935589826850641,5.745632851640857,3.837686348773636,5.203001229536575,3.2778610021443324,6.423804621018622,3.581731431138649,5.985409742630662,7.557007020862166,8.364283013164576,21.767710760928228,17.71572912594845
9,5.756588951075062,6.434863130183695,4.947049174663248,4.11077028597005,7.640814497907713,1.505975262763133,6.052553177232201,12.244844727320746,8.020534183796542,-0.0,11.752048924468554,6.329260328372105,6.05130060901955,9.612190982747249,5.0475884332735665,4.808207670763042,3.7835786152188198,2.062516748406638,2.588229077892936,3.637164905760848,10.110608478283588,12.837403376778832,15.493750339963691,18.23348919971754,9.256826748777241,4.479464022939328,4.984160718411196,4.02551013394274,4.005708077590387,10.377670351846255,3.2649633948908448,3.7630464314809595,6.603043564636726,6.452021489522874,9.95755258148061,6.471336290319037,7.646788011155568,7.845253898787421,10.34904539117487,21.689898709513802,4.528907540017281,3.8096523789769297,3.926065288309556,8.770808522661063,13.588561620688719,8.490079148405306,17.024397534939776,16.763029716932593,19.06357902961603,2.2590937496963,6.979981636993406,2.6439231918151447,2.9809974184094292,3.2571158812693395,3.2689455562348266,2.9817841750418315,4.426715286602002,18.543071274085158,23.596453567271855,5.666117312019311,2.9802239087571376,3.116764547939708,3.7689679024997274,4.266398868348628,4.448711644326236,4.619195975932982,4.1081428613528965,3.591002429562622,6.393677188433362,18.869926302359502,10.94551657180143
10,24.602698863772194,25.31654332014668,22.502504843442196,18.477564666415326,27.839740392885293,11.56401386813749,5.72920110934715,4.079679920555986,2.7015146114096305,11.752048924468554,-0.0,2.631042427017707,2.1212323858164974,2.356708809665189,6.034595844979781,9.473234327692788,9.42920746511638,16.258838220740074,9.483633616391762,14.046442238262165,3.174819372903339,2.6991015070505755,1.5958956308241594,3.089028332859596,2.1893235415254075,5.171980390381216,8.015756528035773,22.747637066318887,21.241462502218724,28.27864135746405,19.230941337442363,12.550387106206,2.617774750434173,4.545859147853759,32.97888281951147,26.060241258794278,28.9359415144843,15.37008920930358,28.190894212649134,33.753040464956555,17.41835915261931,6.288056266923211,4.93109568833607,1.782093128445436,1.6856805558138692,1.889570758881899,4.3282407861080845,3.8581736849030706,4.602529459373791,9.594487668758365,2.0057546266114277,16.305338202391216,14.394619008109684,9.461634372453936,5.349220962055069,7.172446859239625,9.516893185447428,13.043970080732318,13.829647637520162,9.941794380422534,9.406849675148631,9.10845510979355,7.848862184082464,9.18929460018828,7.793416425642314,5.75135563375565,9.748186427961244,11.298382088232367,10.72362793535957,22.484919304499368,18.617223095246228
11,14.419404816957272,15.109840614808386,13.160524921940587,10.685696361213028,16.737058337247415,5.783887573841014,5.235262514948785,3.467168407981139,3.153872092063064,6.329260328372105,2.631042427017707,-0.0,0.4348079301275817,1.0152883050764805,4.017364028372932,7.340867698185451,8.72303682821562,8.88184500541122,4.7923374048897776,8.66083034929331,3.5072312892008695,3.4928910718239585,3.178213087297222,4.103038290504635,1.3376519287158808,2.494589621669523,4.969903437172489,12.082625298830472,12.15884683727003,20.46736047216565,10.837502310443409,8.073952435863015,3.512385642358063,1.6957450399809932,19.46417771379667,14.544377074837142,17.267695786046893,10.959500217552284,18.145236901999287,35.20311991977651,9.646451676927963,3.530313661161166,2.729772071484769,1.2627992420461156,2.6421589371889698,1.0340105310472303,3.9720200069856566,3.7512049803582097,4.829971665333602,5.1324066108554485,1.6243704226950768,8.431021880594958,8.175986106796511,5.320230455493797,2.902848896857393,7.277821285605682,5.675782867758743,10.180882789713335,12.491664547668798,10.686144792100457,6.676036764454942,7.303147302367245,5.786373831586697,7.345732538284742,6.713358142071495,3.963321462164189,5.98774304702655,7.004128831478171,8.092588053306535,27.34640619448939,17.81167656433987
12,13.641402327392484,14.336943933232014,12.540178731622378,10.158057021563017,15.71648874050845,5.506192607778255,4.822073977777214,3.7630648053041353,3.144417840560924,6.05130060901955,2.1212323858164974,0.4348079301275817,-0.0,1.11166412523526,3.470965970473898,7.191226906835795,7.481175254339615,8.572203419825007,4.632684829397782,9.094431246694215,3.456935862765279,3.4126347230016347,3.2778492680731985,4.291546920446665,1.0988233646365329,2.7357292239471325,4.513570012875121,12.015495698952584,11.518178824835532,18.260570229502992,10.343328813626389,7.72775668956962,2.701505647840113,1.7654961517922354,18.716585460590007,14.952272680202686,16.230254154705932,9.990105659616237,16.59495673389761,32.80434383109563,9.269724675426804,3.3866471359958004,2.9362784014435444,1.3125107273520489,2.829105971928284,1.2097199309340012,4.153743374230964,3.8570923001940334,5.048630200774547,4.7358582786829695,1.594986188288947,8.303529670833695,7.698500311723655,5.264365940714054,2.7959454335304743,7.109010091322753,5.940780019969545,10.001249689714783,13.411214722417009,9.563943680351297,5.5791393685299635,6.796243285734193,4.978181800802019,7.0357506461122545,5.837069447608725,3.4143610429482907,5.529931999688866,6.724405554769394,8.014814700780077,24.905016646578485,15.783194642832193
13,18.097974615862256,21.404449772619913,17.36706017697449,13.933909844725303,25.12144990152298,8.285165045269226,3.6662920503680727,5.427406226891089,5.438109501705055,9.612190982747249,2.356708809665189,1.0152883050764805,1.11166412523526,-0.0,4.731818819882622,10.563949699274177,8.374639852398643,13.290016064903181,6.968628078161784,12.64012628607947,4.978861193326344,3.6926887616803237,1.824227392189836,2.630943521572733,0.9707658473335716,3.3193711888049475,5.957393368473649,15.06195825206253,17.463344962896716,26.690002223292456,14.324884592028937,10.979051781040189,3.2840760811309244,2.1510704103778857,28.29924247280967,19.029339398440463,26.261013133274645,13.433832817422314,23.875204471995954,44.94774242488444,14.424399237842035,4.452894141301794,4.445327881789579,1.02631763755584,2.78294019012482,1.372521184458991,2.7867705770871316,2.7631787390683145,3.4205326558582767,7.128936556995438,3.1439468992134514,10.037822902738455,9.811424940903448,6.984694594303065,5.206073045818996,10.760244088207958,7.524889199594242,10.00625394726217,10.550666912511081,13.72226851507415,9.725069923238262,10.682361512877899,8.438050469751026,10.593370407831822,8.49392173797604,5.681885607256895,7.882140627735631,9.72871284915951,9.504759897537213,29.03137360757704,17.133052311459828
14,10.656342233873069,11.560081522480312,9.431422212493084,7.137472122834368,12.430625237789378,4.570967703894551,6.430375528319642,6.511425638103569,4.548932464899307,5.0475884332735665,6.034595844979781,4.017364028372932,3.470965970473898,4.731818819882622,-0.0,6.238671339122549,7.990711319249185,6.72469217209869,4.1604210800321,8.087807986018898,5.361401864314649,7.1305823836615465,8.215429543647346,9.94978357982203,4.253500208968357,5.00205105220198,5.203590824946715,9.176404128549674,8.902751109651488,17.01427312539959,7.655674105674202,7.165662386749947,4.443952565185536,4.699924415717519,14.80477749939282,11.568308084418344,13.09380566290131,6.971683423745974,12.209919062170632,30.70980633953584,8.819630489949024,5.692470923386926,4.794815331973134,5.321925745694216,7.7970425793343345,5.327732496709998,8.91326629265866,8.386743721663768,10.280637256394705,5.116661535704135,4.225956102100165,6.232995036488698,7.01746037301038,6.821446216721836,3.8347922602461506,5.514319291992344,9.992053831922604,13.102896343685305,17.657970926795354,7.448864792501698,5.573521656856296,5.529422040084243,3.429296503309845,5.450672187920186,5.214039733725311,2.5230589862784445,4.058840037699865,7.029844072062311,7.617954942549145,23.949188976365768,15.1166073130033
15,13.686957346798131,15.313812930257123,13.180566963551383,10.08111433504638,17.30026209687982,2.7114466324645,6.536263152510265,5.611609762123085,3.3239357571293344,4.808207670763042,9.473234327692788,7.340867698185451,7.191226906835795,10.563949699274177,6.238671339122549,-0.0,4.47783828347401,8.223863218080563,3.0529919718294987,5.313303525536282,4.066483594646694,6.064737896306487,13.817501602378133,13.398290904385574,10.208260856092448,5.576025667893929,5.490099654799508,11.168010842374464,10.432728823136273,19.20632463719893,10.07117067234936,5.863648223160271,5.310366016320266,8.36422805692878,19.951774090166268,11.733386850347669,13.956505802860733,6.585547026083404,14.1332687905291,19.19579847181611,7.690112444444218,5.272191612155597,3.721975206281148,9.333608780731254,10.584059704339452,8.33712857298002,11.166102771779885,11.0146800875844,12.77743454805631,2.79757032203597,4.948823596457445,9.694642006242516,6.44113544888772,4.069579194808992,3.1711090704048055,4.137992186539808,7.686536693354678,17.101450686917747,19.977725440269772,4.681305128103825,2.6176508325286463,1.340274116840148,2.334882334843374,1.6454466994270738,3.6673697941754924,3.546374017223301,4.0790796905626445,4.379137124410035,5.442776688482611,17.589959447238975,13.284215501441926
16,6.916442826346455,9.797903512456996,7.065985325256708,5.25635013011433,12.70881295451523,4.142442283991549,4.197105153456679,11.93489912686291,7.62607531227756,3.7835786152188198,9.42920746511638,8.72303682821562,7.481175254339615,8.374639852398643,7.990711319249185,4.47783828347401,-0.0,5.214768016737171,5.409153756121233,4.493105062575917,10.099078526606036,10.50041988067461,12.236487244113043,15.153070161980242,7.239700521924583,7.54701892794349,6.6533077458650745,6.3522880394605625,6.483466505050915,13.939109068426568,4.993959123973152,3.4012218033671413,4.832148759000828,9.568473055743132,15.265987786347418,8.23884922563271,12.825448070377416,7.118649509528066,13.25932551633043,27.85235614462235,6.381047335414702,6.326582597004128,6.100680548067907,6.919833188073591,12.62319042763454,7.880122697518589,14.235238409463372,13.772865320430817,17.062470219016475,3.1145424577868797,7.749840482514324,6.607778646375703,3.4734007089141907,3.8388242520113933,6.274296193503765,5.225096561436994,7.551392072987994,18.95800211217839,21.177460730764817,3.826557150004606,1.4028782832748092,2.8110584762770214,3.0688442422549396,3.722384241786827,3.016255936660736,5.889583502447215,3.8175143657575834,2.4221321439380827,5.055169210371661,18.79101926580501,9.63140332704626
17,3.905993327127629,4.434905888195903,2.6532185215748525,2.3974328888501613,5.2445006981435505,2.932410926920372,9.30880388744791,17.057411806323422,12.116520131878655,2.062516748406638,16.258838220740074,8.88184500541122,8.572203419825007,13.290016064903181,6.72469217209869,8.223863218080563,5.214768016737171,-0.0,3.6534591035142165,4.90191922073381,14.518032358539882,17.79491746399659,20.44899587114872,23.855739919965878,13.226597994342345,6.488712297775041,5.398433537142392,2.4195048307438576,2.447734228168994,9.447950075266327,1.3848224598089365,3.844491252156399,10.341915372121118,8.48642759098709,6.922106723087125,6.175768487850721,6.092192920269746,5.418125468018753,6.562277842190591,17.903605547526325,3.493300348363491,5.45652517868603,5.77648890477905,12.393375995801657,17.805618046773674,11.632176987427439,22.571754234575717,22.288531746338826,24.641858554218555,3.959644111902343,9.898230477325498,3.1486890013708013,2.5533284897666597,4.780215437490944,5.311907523851945,5.951911264022509,7.441965852540972,22.594641022494653,29.179636811949337,5.9269766455558175,3.824977992991491,5.5202927238350075,4.346460650928289,7.490726153560699,5.1261907664026385,5.839599343711328,4.488419220314849,4.272199248421262,5.868107790092592,16.3282349999533,8.967827506850982
18,7.265270723914685,8.367467342410768,6.277443729895275,4.767036345473496,10.129556505460718,1.2668952651508019,4.645703522452086,9.46997206292741,5.533984245658929,2.588229077892936,9.483633616391762,4.7923374048897776,4.632684829397782,6.968628078161784,4.1604210800321,3.0529919718294987,5.409153756121233,3.6534591035142165,-0.0,6.031099347804464,7.263590563365744,9.601631768596773,12.92945615315404,14.922806055484847,6.7428598821677985,2.4836286998284676,1.8760398880303306,5.3386495623664665,6.507042776961369,13.919259617335934,4.771615250765364,3.9815772168866768,4.828896115358589,4.0450664050270095,11.308112551546856,9.190792944652319,11.285188416399752,4.739886272982113,9.090291104708559,27.520467533096365,4.329573294154261,1.884588197585898,2.378013122852328,6.381074080324234,11.552566459242545,6.717294068118883,13.337026052802699,13.416098687041671,15.523137701068302,1.934128698969719,5.229695479033387,3.1280883853751513,2.822874673427448,2.465596932734666,2.264615920758534,2.648873140414969,6.61026484738116,16.532731742680845,20.40998701160896,5.5576055661467985,3.4346492258148364,3.076584610197956,2.6472543395954364,3.162691139367281,4.269254434459527,2.7660925215813266,2.7559149813550676,4.064825668567551,5.0214452918989325,18.51488115615275,12.613943625371023
19,6.265503481636666,6.225931008366396,5.217347860044392,5.118744964777708,7.924796162837714,5.049019715606105,7.602889981175211,12.05279502594501,8.572750473196887,3.637164905760848,14.046442238262165,8.66083034929331,9.094431246694215,12.64012628607947,8.087807986018898,5.313303525536282,4.493105062575917,4.90191922073381,6.031099347804464,-0.0,9.90834075452731,12.266900370171035,17.252858714555508,19.151191533433433,12.179997119340232,7.378587012099871,7.158500257746123,5.205739369842427,4.926860503235541,9.16683240507061,4.648276284118869,2.8899850307463346,8.721852005177286,9.919231412729653,9.55688047826548,4.844950768707535,6.8859656685260555,5.428961384647228,8.488402243265217,19.330088539568184,5.564185052582196,7.359078607024617,5.43873624237354,11.68418013994099,15.239541930978373,10.272581434421467,17.463105193892154,16.851526368325246,19.722587485356538,4.806567659733129,8.459125427940368,5.847045296297164,4.320723047508212,3.753736693983763,6.498619277687159,5.854818875982367,7.736372331324453,20.72634996932241,25.717213962421866,4.446101648535071,4.406434330332459,5.058729352126018,5.809440224705074,6.426512837402778,3.359698814954293,9.231342183929499,6.9000071731175945,3.9671756517981858,5.059276679668818,17.79038846465947,7.001085776476487
20,21.292221268505198,22.665502300069075,20.193069370562004,16.419820301665737,24.319653938386505,7.613677924537257,5.245078901745641,3.294116099985055,2.0617970808198525,10.110608478283588,3.174819372903339,3.5072312892008695,3.456935862765279,4.978861193326344,5.361401864314649,4.066483594646694,10.099078526606036,14.518032358539882,7.263590563365744,9.90834075452731,-0.0,3.616410929643762,5.9256725025081,6.194581144573099,4.7210241661307535,4.5377486575546175,7.2428801980588196,18.292761583996697,16.97731309841604,26.43949796659781,16.718968136240555,12.009173839744353,2.3493772072698995,5.620815355540917,27.26341323480248,18.806728121342775,20.568466029329397,10.857985330005818,21.36822606805747,25.35542769601348,13.484960275070723,6.177010459913076,4.719264443036414,4.488792644431222,4.8266413799957535,4.970871549692869,5.673472590908779,5.690259613640624,6.223084638179291,6.8470818260245245,3.4045168902566534,14.980067057761643,12.393180012867854,7.133790326697359,5.493830394224383,10.041585001565089,8.423391351672368,12.656343797422677,15.304725131371214,7.412323295297396,8.235889186693049,4.751000005828462,6.504032328341171,4.59408465205347,7.9717967997441015,4.084613614825544,7.08173966578225,10.955096518464977,10.373140045493638,23.904036042929103,19.38203379654138
21,25.71205017379269,27.181687531599483,24.668208625972934,20.084323014211574,29.713320073464942,10.399369734686323,6.298504763144107,2.071229495152169,2.369524510084347,12.837403376778832,2.6991015070505755,3.4928910718239585,3.4126347230016347,3.6926887616803237,7.1305823836615465,6.064737896306487,10.50041988067461,17.79491746399659,9.601631768596773,12.266900370171035,3.616410929643762,-0.0,2.586165445047594,2.5329526500227084,3.2507904409936668,5.558605571983175,9.029661356158442,22.581016282835062,21.206145906005894,31.024655594033803,20.559785772100422,13.836079652439954,2.752377335697794,5.365559050690174,33.91849929722059,22.926835522684684,26.375625846882624,14.469180789144174,27.33910396777048,28.038268391192513,16.982721894867655,7.617136333051416,5.73516809486657,2.70952980238304,2.8097218701407747,3.0057818405953456,2.6195157323978524,2.4363833210039174,3.372845169107512,8.590933920748656,2.982988692288744,18.434685358517488,15.174667085007622,8.684764260069917,6.729478422289123,11.24055612949181,9.9710824720492,11.238958963200886,12.392878538212727,8.780065462263728,9.4188396507983,6.563381666062278,8.221617771557439,6.069262786848555,9.330521963217594,6.069299597606605,9.32089997341732,11.264569028424466,10.183690607424388,23.92148033665194,20.919190353527956
22,29.037576936716142,30.103996217288596,26.944410352040677,22.520434526408774,32.95189168585788,15.310582105606443,7.942455597413789,4.784488368749952,6.322618623805986,15.493750339963691,1.5958956308241594,3.178213087297222,3.2778492680731985,1.824227392189836,8.215429543647346,13.817501602378133,12.236487244113043,20.44899587114872,12.92945615315404,17.252858714555508,5.9256725025081,2.586165445047594,-0.0,1.0000203544731072,2.940476593175782,7.642834191106274,10.975702271109506,27.075351140384278,25.6787797292947,32.8148210331735,23.38695033141057,15.929374691970015,5.165434818894684,5.666187920939428,38.53467766497467,30.185270861537422,34.18799487215311,18.984082514318086,32.995282687909786,39.152704134804765,21.903179323110447,9.136970949734383,7.807586322268278,2.095116283500142,2.351583781260924,1.9180797135780752,1.6934710614539787,1.820880639467503,1.8983195384940401,13.047664097770646,3.7103673956453016,19.876081053028976,18.04374706344622,12.690562139718745,8.37179116257878,10.448386083762767,12.652172817336641,10.662804439747296,10.276204197279402,13.117175825561107,13.026526618451673,13.05088962353701,11.219474252603796,13.470888928147609,10.426180347521159,8.893053861655428,13.143502769884314,14.607568052086865,12.808476093716811,24.203479769145357,21.23655337251134
23,33.680900028874674,34.8886516137725,31.57598792218314,26.39990424263886,37.937044470661,17.156565839674926,9.675862804104089,4.6897973912380095,6.2182755786734765,18.23348919971754,3.089028332859596,4.103038290504635,4.291546920446665,2.630943521572733,9.94978357982203,13.398290904385574,15.153070161980242,23.855739919965878,14.922806055484847,19.151191533433433,6.194581144573099,2.5329526500227084,1.0000203544731072,-0.0,3.6618449821513397,8.921171279857804,13.005254675444203,30.690427088541483,29.356377378286005,39.03148148136339,27.31091659119307,19.26803750513165,6.183575604422905,6.637603656329196,43.40988576608095,33.25134530919064,37.62606817989219,21.20567234219996,36.8731108103195,38.355142786359565,24.562140665831553,10.929356079124801,9.355136362691256,2.7937877447074926,3.103025121440373,2.9086525492463333,0.7246046924061404,1.3618902485143747,1.039095936492507,14.769092266628604,4.396114948969867,23.52182540572847,21.10446125417505,14.262150598432072,10.120576478056469,12.31799402937708,14.551938996947854,10.172192389718285,10.94871840650023,13.66923445957738,15.21493947764604,13.30197033107269,12.996145484894223,13.166749727385518,13.185356593985084,10.286520262100247,14.893548449940365,17.01596786256226,14.610498407459833,27.387731086198386,25.892373654834017
24,17.21344975219491,21.329725155640155,16.813486521484506,13.401187415237903,25.051144059923626,7.6884124041855575,3.2679727782339447,5.161839899223889,5.241373372174879,9.256826748777241,2.1893235415254075,1.3376519287158808,1.0988233646365329,0.9707658473335716,4.253500208968357,10.208260856092448,7.239700521924583,13.226597994342345,6.7428598821677985,12.179997119340232,4.7210241661307535,3.2507904409936668,2.940476593175782,3.6618449821513397,-0.0,2.8948121247866734,5.019972144600728,14.184418052659886,16.785819018091193,25.840754065352385,13.587421024190807,11.114791922493971,2.3594175758844367,2.162828302660495,28.275040160037022,17.86455001992558,25.290137738334536,11.680313579273925,22.361162309586952,45.35587927338352,13.99355201912562,4.136282718813594,4.177525820567638,1.170973467968162,3.8041353978880004,1.693004692231105,3.2643721908318657,3.0782339542889585,4.330620472089688,6.442912717378264,3.184142262810198,9.294606962839092,9.2899917326202,6.546682323152282,5.237945200902518,11.755311613610624,7.872136636440285,10.578091258261518,14.76032298846356,13.46613781394393,9.155260113567309,10.045529110154067,7.598762023970575,10.109216212731514,8.104036754763747,5.116644649565114,7.3649373734296555,9.300112497810682,8.424100276916583,29.464335756693767,15.431330410630254
25,11.05533513483755,12.317519066274603,9.81974466729874,8.230782020963916,14.557130987981278,3.3971569583229986,3.512522478789406,5.947976111338506,3.337098931185513,4.479464022939328,5.171980390381216,2.494589621669523,2.7357292239471325,3.3193711888049475,5.00205105220198,5.576025667893929,7.54701892794349,6.488712297775041,2.4836286998284676,7.378587012099871,4.5377486575546175,5.558605571983175,7.642834191106274,8.921171279857804,2.8948121247866734,-0.0,2.791727559591074,8.318198863360633,10.086414091108303,18.176711469328694,7.872963935774541,6.230258914388798,3.0331682512575786,1.6313389228513595,16.05153681600297,11.023653220538263,16.057570818353604,7.786285758779075,13.225517041259595,36.57487770826679,6.963985812816586,1.4809988955550026,1.2443139805255905,2.8495559838292515,6.912764999150355,3.3668974585010076,7.762903083766013,8.057010016112498,9.725815765218766,3.4143518520944416,2.3184090358282585,5.366133137912105,5.324643846634724,3.7203199147078623,2.196589822299473,5.389890511312214,5.579125331106672,13.701715915980042,16.86012513179811,9.869136139096831,5.812024407950537,6.035014224510379,4.50341223626523,6.1457165858608676,5.599009236552026,3.789413283457229,5.138498640893992,5.5511480151363815,6.082480758841964,24.680535504744622,16.33910171410748
26,9.264526068309847,10.070083494689587,7.8926255585068095,6.398116399528447,12.28700146101381,3.039697839183681,4.801223210903066,9.288457621716843,6.1568289945251715,4.984160718411196,8.015756528035773,4.969903437172489,4.513570012875121,5.957393368473649,5.203590824946715,5.490099654799508,6.6533077458650745,5.398433537142392,1.8760398880303306,7.158500257746123,7.2428801980588196,9.029661356158442,10.975702271109506,13.005254675444203,5.019972144600728,2.791727559591074,-0.0,6.676699983282088,8.772711614385301,15.517661302141573,6.118401348957856,5.250321817835889,4.713098524566811,3.4791288618434155,13.255921231039178,10.529809149985374,14.053220560992886,4.374752727823406,10.198221448619647,33.28193053991566,5.338591321477941,2.4911666562862833,2.756558963559791,5.260195142227756,10.266730667405303,6.063713555212633,11.500914957251737,11.893625421152,13.918543003440481,3.616532195251586,4.601006095990677,4.188388685038377,4.424043597388939,3.2102335273667926,2.6841441677725735,4.498790846816657,9.584037336443116,16.667466277671906,19.452008293969683,7.509745517006803,5.1427445635704325,5.250231718044607,3.485910825475303,5.4813948809034745,4.460825173962058,2.577107227950383,3.412626921717774,5.294937563988725,5.252537390781528,20.01984897692903,13.613951064312818
27,3.6174314066456734,4.9781768206126245,2.692961729999413,3.2316723804767435,5.608857193532807,4.374954292557532,9.885610868330236,21.389213515880318,16.126698037174272,4.02551013394274,22.747637066318887,12.082625298830472,12.015495698952584,15.06195825206253,9.176404128549674,11.168010842374464,6.3522880394605625,2.4195048307438576,5.3386495623664665,5.205739369842427,18.292761583996697,22.581016282835062,27.075351140384278,30.690427088541483,14.184418052659886,8.318198863360633,6.676699983282088,-0.0,2.661510317910291,9.700435330399575,1.5919021476979947,5.314266713190763,11.927019723217537,10.236442834996003,6.893110120470674,3.3571758826966107,5.496907808221274,6.09739158416885,6.3784701366172305,21.952558994486207,3.413629207365948,7.340182670451192,8.347754365685836,14.437547186665116,26.36953051584212,16.755398419135947,27.372551492696918,27.556472491790306,31.697875337335596,5.427262133741909,14.904871707977225,2.7624309259959965,4.002778084480653,5.9966716521958014,8.156034035341445,11.395470537569732,8.918614651942308,26.827717416718,36.87171456469521,9.898320266503264,6.312195578701477,8.378514456091407,7.015675276599488,10.552875352355874,7.578699608063551,8.686326595443573,6.3958493117483455,5.7049610651131255,7.630654546768587,18.3436422075661,11.267207460795213
28,2.697965620833872,3.336906737550657,1.746114431828944,2.3305505201784746,3.593254252371885,4.8148146640767875,12.171382643300243,19.86082658290137,15.009262341872377,4.005708077590387,21.241462502218724,12.15884683727003,11.518178824835532,17.463344962896716,8.902751109651488,10.432728823136273,6.483466505050915,2.447734228168994,6.507042776961369,4.926860503235541,16.97731309841604,21.206145906005894,25.6787797292947,29.356377378286005,16.785819018091193,10.086414091108303,8.772711614385301,2.661510317910291,-0.0,8.709571389289504,1.6828072774646643,4.383499831068411,12.928228534860974,12.431491192976514,5.304397704941512,4.044372139961693,4.379844920360455,6.398676081431863,5.6903401919315035,14.697515624854367,5.13127869137561,9.017603094753586,8.311244460492874,15.966311561912812,23.290314021647998,15.431794888318466,27.22716306378018,26.686617325027658,30.27096071572334,5.56566497355674,13.53443113062144,4.932401631924637,4.779310684044295,6.311422984085782,8.049189818895439,9.841936066394078,8.617789253122707,26.595101978893435,33.9668105701039,7.943886232748314,5.495943594433006,7.748051114083237,6.362387239369178,9.844596301159406,7.114804729536201,8.250922617148115,5.798893455764334,5.781549476013723,7.179591143486227,14.178678253915471,8.672672018655522
29,8.917505753657426,5.894350977224553,7.351062044562063,9.36609163872533,5.545255250528662,11.630349333628889,21.272880869018405,31.17050213359654,23.672472666925987,10.377670351846255,28.27864135746405,20.46736047216565,18.260570229502992,26.690002223292456,17.01427312539959,19.20632463719893,13.939109068426568,9.447950075266327,13.919259617335934,9.16683240507061,26.43949796659781,31.024655594033803,32.8148210331735,39.03148148136339,25.840754065352385,18.176711469328694,15.517661302141573,9.700435330399575,8.709571389289504,-0.0,8.091211079236503,9.426138785561745,20.818175084140094,21.841732909643945,5.38553970111321,8.038652814749847,11.263710921219623,11.482743421777803,6.601118293777161,7.794197830540408,8.154350388262372,15.86975231227098,15.218975671469812,23.95157040981814,29.5320421284925,22.865412358963187,38.51016277140173,37.216796076612994,40.73546523086963,12.908951427107903,19.71833672298229,13.18313984767416,11.95577202619258,13.261132876312995,16.24343914050413,18.417816005612206,16.739333130622622,36.125874453102554,44.03571620803928,14.248208244810725,11.548592832981235,15.820650168847788,12.763117231437576,19.573162570565767,12.327641677837649,15.11077605719139,12.233464503314913,10.267217396544822,12.071950478271326,13.308277972538153,8.2404188853764
