,0,1,2,3,4,5,6,7,8,9,10,11,12,13,14,15,16,17,18,19,20,21,22,23,24,25,26,27,28,29,30,31,32,33,34,35,36,37,38,39,40,41,42,43,44,45,46,47,48,49,50,51,52,53,54,55,56,57,58,59,60,61,62,63,64,65
0,-0.0,6.383948670498189,14.754882999811809,12.555843613466262,13.44575466250113,12.1186825487605,9.971286631084308,5.346192113636129,15.888205208863608,14.945938883576627,17.5467580609784,18.00792855243928,10.044685070938613,17.24491251262349,16.83205928725651,16.480470204209347,14.286216757139119,20.07203480413026,27.28232942342157,30.763149734299038,10.5216071550791,18.92948183702958,16.928060276849997,17.50919482624887,22.41608875260768,16.199296681397925,16.551776401050564,15.496946966169988,19.21131600719278,19.118877531523978,18.496415699797698,27.605263029058076,29.274706973033197,18.700727592152532,14.482491963263755,14.98857996418388,16.15018838477803,14.783036408254558,13.87056682072271,16.373092023887097,14.133194258774697,14.835216216928403,18.37904430154032,22.367791356627954,25.29072346935216,6.250992729047125,13.379658915464328,4.481944137644281,9.787370794584007,13.60553204568461,10.937134248062394,5.803071164065839,14.265867994123653,11.420926801788168,10.302827228245349,11.11474645029138,12.093547828772476,10.783286279113184,12.025446125455236,10.83817887596238,14.21610811595249,14.458003336910595,10.960963715091248,13.218134476428679,11.826006481239284,9.810535493751384
1,6.383948670498189,-0.0,6.844647785194076,12.491985403006874,13.09718403977197,11.789388633358223,9.701878436136907,2.6079728743901684,11.521767643854414,8.668370131919236,9.642532234380838,10.854005912582219,10.275340836287091,9.898147739876059,8.800521473692452,15.969160517074613,16.242215016039854,21.804248369593854,26.81252588548816,29.83524493331943,9.861232745931018,15.66474823660013,17.523691153097143,17.159459338297914,22.18534184424672,17.209528701551132,14.01604000648305,15.831460609377215,19.05646009257936,17.34032120222072,19.31237158334095,25.327222113835784,31.4890636484054,21.960532920589976,14.383365485680322,11.53698343171828,14.54262530686489,15.126611136646218,12.4653490947392,14.31138430277508,10.530588207416399,14.465505802936864,17.59803472950331,23.5168322084059,26.36818886784832,7.149559866084526,12.844578065193888,6.010986747476446,5.532508776127904,13.295327628710455,12.570825994008688,6.57471726872683,7.741413769463856,7.6075884137092205,6.15250979060684,8.238730981320913,12.671212119770724,11.475850423794686,13.65852059085299,11.36338801033083,14.737982996565536,15.248933625734917,10.45176745114777,13.07348460294285,11.23043713586766,6.185406992908155
2,14.754882999811809,6.844647785194076,-0.0,13.68513028517738,14.329562997625365,15.476367327260467,12.124529745255808,8.862501412580254,8.681638904587683,7.9328129758672965,8.42896164872846,8.448313689074341,14.012031372366318,10.566155331455647,8.168099597254628,17.862542478944782,20.64903399755275,28.158514036935372,28.402844080282602,31.829460953622494,11.961173816854004,15.03783965667726,20.563298119318677,18.005777688677302,23.36820417983885,16.823233792938307,14.77978486496314,18.289253923419942,20.689037630379993,17.016654354324704,20.649473277149482,29.422400718998432,31.654323459929735,25.212820813671485,14.776395425178178,12.871986526129232,15.210363009509846,15.574655896407242,14.05789922018625,15.073180682425717,10.434847895117676,14.934731372507134,18.465417877268774,26.6780711435824,26.654361132823475,9.646687178075746,11.721384198312647,8.631910052838307,6.193389125401954,12.553085330892927,13.461548416223494,9.0250445387014,6.730589340320191,7.666073884709281,7.114451496909548,7.229199284701162,10.35525353112293,12.557162012718091,12.178780187976619,10.674845556246717,14.11790742236748,15.563211826786697,11.091231297987358,13.55346710191649,12.44986105082129,8.90137749238778
3,12.555843613466262,12.491985403006874,13.68513028517738,-0.0,5.831862810071146,10.324379998023272,9.621364416938729,10.487519550135213,20.5639302928922,13.323379422212966,13.805275269417317,16.414645517207706,11.62384388694066,12.702082710309123,13.848001898197971,6.457857141354278,6.986313654925133,12.697951573234448,10.640477230271607,13.333714268095033,6.071478396919167,7.71406215497264,4.780874932674502,6.248809688816655,7.524110057125946,4.878889555535607,6.235548872107106,7.65259917026608,7.148432455668738,7.287715920926539,6.6002842614743225,10.886132686656527,12.60940131570545,6.99897747707662,5.54636821925437,12.151300845772285,10.863650098578589,12.983211513120798,13.07566162674384,8.799474201691016,9.013527598513726,7.87936162858039,7.282604488506544,8.336792230201393,10.13988387274836,11.503826929513147,9.54261881135835,11.626039706945434,13.059243176204102,12.395631047636776,10.39284257523971,11.937665280796178,12.341416193156086,11.869226951491655,12.287992725531254,9.336830978309996,11.26633248312914,10.86054799012363,12.455596255232637,11.195073342469973,6.432690276579823,9.878814612226902,9.493528443367149,4.322563043196205,8.512825818921165,12.306553052906574
4,13.44575466250113,13.09718403977197,14.329562997625365,5.831862810071146,-0.0,8.59563442702445,9.791694833463724,12.351794087100602,21.709680274068845,14.6933669813943,15.3136044110246,17.519678271906685,11.097523987729113,12.634153730071587,15.233326347367633,5.001564567905937,5.490974764846789,10.323877520499881,10.865985313434306,14.377212906237316,8.679711053130859,4.916797337352757,4.929444178358936,5.494250494643069,7.369084462157336,5.282121271903351,5.744383897342101,4.819315938547471,5.60726646107852,5.073195483507222,5.366776040225846,11.699442027021759,14.305973885019101,8.633993452641361,5.151014986670524,10.804105634519676,9.020404726551355,11.724974800375405,11.235504464578792,6.968034089323571,8.02533384816641,5.741924617351715,5.764204994839348,8.85057734719696,12.4042346754277,13.917568679081647,11.748354237202072,14.443600535829855,13.9105030404708,9.739452846562214,12.225551223170141,14.433385167021664,14.852062110598643,12.9040882199217,14.816045411310718,11.231343293963185,12.921376599484494,13.117452210322401,13.283042340974905,13.115017571855565,9.214228890351476,10.18906382716397,13.358401819446337,8.659088166699945,8.272864713432881,18.28832410223772
5,12.1186825487605,11.789388633358223,15.476367327260467,10.324379998023272,8.59563442702445,-0.0,7.3009266806929425,10.544172932960294,14.63565683854812,13.199672280401565,12.722259552840162,16.52606712259928,9.427918672344523,9.855369302151585,12.442623128921374,10.68411715255089,9.191863360229918,21.792850268301592,22.89598717375959,25.707129197560786,11.496121741170965,12.676622038456783,12.430653656380402,14.02552079381096,20.756057423611054,12.192426690109066,8.540086808892925,12.002828712869718,14.00726816830275,12.499097709455762,15.507952709915676,22.36727582802522,25.490371155671042,21.062034917660228,11.68527603502595,12.31346560576429,12.042667774238252,13.301138490361009,11.548041904892983,11.360476184442751,10.675209562524868,11.437214272770845,17.379630888731946,15.774023099915787,20.384376525665875,13.730765685790953,12.0952491371408,13.062896835536987,13.987457673500215,13.537266358383686,11.698751242765363,13.061162734283583,14.617609479221123,12.731944634203465,13.700735207807245,11.377609904960028,11.883234963982083,12.108673121099537,12.927069994354046,12.678981315164908,14.369309531228826,14.332200589182339,13.039250756157214,11.915349095564542,8.649908510290201,17.78831246156758
6,9.971286631084308,9.701878436136907,12.124529745255808,9.621364416938729,9.791694833463724,7.3009266806929425,-0.0,8.480543585624794,13.244427370853089,11.730184852233315,12.803751168989807,13.588726613134082,8.859827587300636,10.848012097957316,11.521059936193986,10.323464945605997,9.4494099617014,18.47588660475459,25.822244715961006,23.530168464619045,8.724292581268273,10.815836609388555,12.33537298171226,11.723328112552341,18.08344641184731,13.229618185809866,10.100114116254083,11.399406840218008,14.07684471647359,14.16042166215399,12.513606163137288,26.192073571197984,23.782473405896578,16.621270898485516,10.73064355570104,10.973803635430514,12.172955591484074,12.227401771454604,11.450409167158007,11.414973268746705,9.026977332838444,10.67016983256504,14.970640501394104,19.021230042120603,21.769040034885183,11.159692287528205,12.966691710383195,11.778489473341995,10.808276842717765,14.134338180760254,10.379155244351928,10.57740309870603,11.868679899785686,16.32132668360873,12.908767206686406,11.586502406625346,11.466322691294645,10.90553984793087,11.51748047471696,11.781432330432153,11.187536427333296,13.647499329196263,11.55527981126698,10.740720896436699,7.422652935560181,12.613880627418858
7,5.346192113636129,2.6079728743901684,8.862501412580254,10.487519550135213,12.351794087100602,10.544172932960294,8.480543585624794,-0.0,11.057954156103271,9.238123718303077,10.655191690376542,11.998297662345259,10.233881453313717,10.972897261084624,9.50330315889064,13.860091096521026,13.370581372697439,19.650987494029298,24.359415375567274,28.276461179373296,9.545780760911482,15.856090806897067,14.506828162409517,16.167785870526913,19.93862413952437,14.560062128445319,12.57865754000636,14.494674803822829,17.147960085764673,17.67075535032335,15.952167408304383,24.19186036518014,26.049758975161343,17.6109902969135,11.341344434868304,11.844520981276913,13.754895479838098,14.683633029595567,12.620510957231385,14.624393142807115,10.634180013436183,13.379237529476907,17.838176272418696,20.25698455960059,22.134122088807487,6.452077525057691,12.253448097589526,5.3967932284420135,5.787874275529885,12.47460250367038,10.304506802560038,5.4660535656245965,8.015187432170697,7.933077800058786,5.692145645720633,6.775427317774907,11.774248367287955,9.528925484869697,12.190098349845787,9.500893200101066,13.124196951252667,14.098721013335137,10.759553504893645,11.985242040233722,11.199136930831788,5.845559257259609
8,15.888205208863608,11.521767643854414,8.681638904587683,20.5639302928922,21.709680274068845,14.63565683854812,13.244427370853089,11.057954156103271,-0.0,8.059007950743693,9.78488323754604,8.277857563347172,13.785812881714573,13.003266525118462,10.030295332425707,20.305608064840374,24.11371099268455,44.39675298790627,34.99012805819143,52.57110703579199,25.580931080568064,27.481365302623185,29.315185126776992,27.29699144709575,36.86900155978118,20.170739261742803,18.031248300756406,23.112654379078702,29.78423915951442,26.16726011555864,25.007373578898637,50.652518106696554,34.1617366197603,33.883049936781134,18.45604340348147,18.52852574291091,20.88209545712202,16.22063357560211,18.84711391189062,27.0522049132558,15.605103929411914,20.37567331973244,34.46979443709056,35.632564275260904,30.776929304962984,11.931582555841983,17.15328920238318,8.90089066808342,8.265503046350249,19.361590616060784,15.682259143752205,11.305292515225815,9.148685696050906,9.460387842616228,8.346428739859599,12.876546966326686,14.30710989236652,15.895422494245448,15.714387095070315,15.77839873407247,20.090946070235464,23.09524127982825,14.964662820679433,20.382231806770577,15.676290533347215,13.612874350202624
9,14.945938883576627,8.668370131919236,7.9328129758672965,13.323379422212966,14.6933669813943,13.199672280401565,11.730184852233315,9.238123718303077,8.059007950743693,-0.0,3.529666476794989,4.403480290490453,11.275173594814348,12.359229736046974,2.522399657348367,16.04565437781385,16.844146645349195,34.091643585512365,27.38423081138312,31.539949999087874,11.76768696200286,15.747944987732636,16.33069840281508,17.273351067452033,22.332774409975237,16.842581560230848,12.785414742815297,16.11164596739995,18.735688717303077,16.242419848056823,19.408513988997424,26.980943452455058,29.528092244791893,22.113359284599177,13.844320878690484,12.482915376366762,14.561284674275933,14.22162424071982,14.66733003966975,15.807466888489916,10.365811778730906,15.551095108287665,20.282599913429248,22.863387067421737,24.12680103285954,9.504244812410944,14.250168542946525,7.712944259809046,4.237767791909693,14.777133863192336,13.78283885421801,7.513125182963066,5.437852424607044,6.088831372591815,6.062582822096833,11.42700935616033,13.934980232301186,13.108080446061392,15.943806047809819,13.150032270332854,16.331745555169235,15.933985600339684,13.422607362090524,16.524197859701626,14.16002831139232,11.438880299912107
10,17.5467580609784,9.642532234380838,8.42896164872846,13.805275269417317,15.3136044110246,12.722259552840162,12.803751168989807,10.655191690376542,9.78488323754604,3.529666476794989,-0.0,4.396671516035476,12.618007693544076,10.626749175652503,1.9544878566653787,15.292308882395918,16.888823359343245,39.474186633106946,26.255458058627756,31.76844864748326,12.485503135604919,15.832321221152576,14.957960715616876,16.806656384333113,22.93092273315735,16.945143444632265,12.169561559375298,15.951083288942064,18.289654572984297,16.89432524083646,19.20389729090187,26.962964034658786,29.132433586715706,22.23600554219883,14.796818979127996,13.421507508519293,16.03254048112283,15.78728119996788,16.232252562295805,16.7152271465835,11.113673235170591,15.319840444567369,20.598539330296223,21.5568367810078,23.554616355436675,12.870681530747797,14.2078521857827,10.55999081143171,4.319206646150791,14.737127711695738,13.405247252136625,10.113810951575115,4.993941185013896,6.717026795606315,7.894917213949604,11.254720034413909,13.293845614838235,12.538431842825394,15.993708777236174,13.35921943620552,16.660589009501674,16.17192268345364,13.545284839217732,17.658278255091588,13.991698708059438,11.86574491486474
11,18.00792855243928,10.854005912582219,8.448313689074341,16.414645517207706,17.519678271906685,16.52606712259928,13.588726613134082,11.998297662345259,8.277857563347172,4.403480290490453,4.396671516035476,-0.0,11.058061738928066,11.449328896149053,3.7632711431197596,16.92755767661592,18.516295653338936,37.48620036291962,28.035686139684234,32.279487603878685,12.674736659452451,15.232364568713487,17.941055512412696,16.656021397551818,23.7902149972094,18.587322998658458,14.218656319301436,17.341272604854442,20.316838419062883,20.50463343790504,20.884615066490866,27.778014580302433,31.024570505884405,22.795273314144527,15.401642761489757,10.939792373508572,14.46125133637955,14.068919904101296,13.692717036950167,16.43780839234037,9.549326613898964,14.443689122968825,18.58849185682894,25.38671061938987,27.942348657823512,13.333435450340522,16.423226938560518,11.336526437023954,5.290935492478779,15.429461853159589,17.12267836229166,11.039149455828515,7.044229824668811,9.028354569698712,9.326678522620536,11.632691524576781,15.804088836792774,16.760467271689254,19.905661767409615,16.085039205115855,17.370403252860747,16.839284022347996,14.76308169969285,18.422076391132013,17.80655709637038,13.73781569709163
12,10.044685070938613,10.275340836287091,14.012031372366318,11.62384388694066,11.097523987729113,9.427918672344523,8.859827587300636,10.233881453313717,13.785812881714573,11.275173594814348,12.618007693544076,11.058061738928066,-0.0,8.95165533698893,11.634294643502852,10.054379231236346,7.99402999070248,18.917694304567128,25.535610426042194,26.755100153059477,10.30265205279952,11.644313578359995,12.536668788317932,13.400667728247267,19.247392506191108,12.899950343344631,8.708807809297971,10.30830105830901,13.926316303345207,12.172527384598045,13.459204808927508,27.645652906875412,25.96045714475697,18.92666828688282,10.168603796687535,5.081823097769827,7.087277383053584,5.629932884376332,4.305080316656837,9.45281313767314,5.520419790458232,10.128122812180163,16.432029723869636,18.961847133019294,23.44732024786524,11.933647357444869,16.033783988976914,12.481615142337075,10.30683263686548,15.518043394571345,14.44615993765026,12.629467682083407,14.411598249864719,8.92548642273273,13.824332045317735,13.663315087199512,14.502998904653005,14.527129288331889,16.580795149254552,14.624657074311475,16.32216349124981,16.174517599619847,15.5870967715104,14.489074259692707,12.11980697776976,13.933809692996785
13,17.24491251262349,9.898147739876059,10.566155331455647,12.702082710309123,12.634153730071587,9.855369302151585,10.848012097957316,10.972897261084624,13.003266525118462,12.359229736046974,10.626749175652503,11.449328896149053,8.95165533698893,-0.0,10.389031709398687,11.770745449249734,12.791581127196713,29.48194419496905,23.572553284078058,27.717452598035536,13.26659055773949,12.125056152364747,13.659620753597649,14.960321998560396,19.9638659012279,14.985586727236917,8.564875471951488,13.08547944058006,14.026445305962413,11.984791681598635,15.696189162034084,23.739903693608618,26.83972361611258,21.653431026824805,12.130899612058446,7.814712251103393,9.516401771036083,10.049613095207652,8.256065925900518,10.269488505274419,6.480991558055819,11.30153498914233,17.07689196102814,19.223391991255085,21.41762497440619,16.086479589197843,16.034682667916453,14.246267247335068,11.481929534964086,15.24572329288457,16.536582827636295,14.819908188506068,12.837796792252545,10.026605808997253,12.728361768832304,12.077121598868587,16.10864973480725,15.82309308579533,18.569073260851034,16.252122435738627,17.106369489943976,17.523133939104927,15.856200810049152,16.597077673840964,13.542772043809798,12.354548770687217
14,16.83205928725651,8.800521473692452,8.168099597254628,13.848001898197971,15.233326347367633,12.442623128921374,11.521059936193986,9.50330315889064,10.030295332425707,2.522399657348367,1.9544878566653787,3.7632711431197596,11.634294643502852,10.389031709398687,-0.0,15.371140574197618,16.157920857881436,37.426610443960016,26.23019396243871,30.630084358172123,11.793272042208,15.878103374833632,14.265116689542822,16.761014804785027,22.412879718286252,15.447557101200804,12.380253473784373,16.19557601386042,17.625080180161028,17.129433766106672,18.270028388061363,26.097164080248458,27.80580689790125,20.75445097949118,14.18520702751902,13.386895905340708,15.788701876110643,15.826090511732673,16.33463279151259,16.90582966675287,11.33352093532435,15.159312803598736,20.420354072815442,20.65518048087223,22.23403750427623,11.410557926416262,13.980742179147796,9.48055919659474,3.90947227419261,13.764530344190385,12.498324020640617,9.09302487864,4.994316835462709,6.864737264281489,6.732240053359085,10.175690693152676,13.171137850099315,11.500070113929285,15.957736168195114,12.389530673900424,15.957596401981563,15.178924884110447,13.603705785622573,17.129192267761454,13.505000208683551,11.497815013672088
15,16.480470204209347,15.969160517074613,17.862542478944782,6.457857141354278,5.001564567905937,10.68411715255089,10.323464945605997,13.860091096521026,20.305608064840374,16.04565437781385,15.292308882395918,16.92755767661592,10.054379231236346,11.770745449249734,15.371140574197618,-0.0,2.543164915835788,15.530338093218907,10.914551783882217,15.964058913479434,7.75072589886944,3.6280165459951963,3.897873194929345,3.595973187045934,7.380951882901868,4.6744802274731745,3.364762805541427,2.2366533643954964,3.73249837582367,8.152705401457675,4.035939445286403,15.035374348026846,13.482572877880004,9.318953642252593,3.053180167455377,8.167370152628411,5.7415978674848605,10.169359102188094,8.476544230757526,3.9262516832660928,6.045153076805659,3.1776836314963584,6.158685539578791,9.18316980881192,12.096671862170329,15.406561325957284,13.676631363932556,16.091726770830803,16.073754153780477,14.951057648269943,15.358399807918305,15.610623315297014,14.97833415996006,13.119766758108566,15.68301317375303,13.288010263437942,16.00260511314278,16.079013389626784,17.743903758158137,16.00376692913198,9.93938721608937,12.749608461593073,13.548962315319361,9.768241830858972,12.310816233031145,15.75076810566163
16,14.286216757139119,16.242215016039854,20.64903399755275,6.986313654925133,5.490974764846789,9.191863360229918,9.4494099617014,13.370581372697439,24.11371099268455,16.844146645349195,16.888823359343245,18.516295653338936,7.99402999070248,12.791581127196713,16.157920857881436,2.543164915835788,-0.0,11.720815203250824,11.835434881495841,15.114234661490649,7.524188671236353,6.168732688931783,4.525879218105753,4.742301988466297,7.547585522076957,5.580020017775169,4.915660979442713,2.2957979177630095,4.222812156992513,6.45630205470616,4.899811131791266,13.61072070021284,14.758724019110225,9.621651142546336,4.006049241962099,9.264710791137732,5.895871235051759,9.024893851305997,7.623852375770078,4.281208988452654,7.646448986141274,3.442193009328321,6.723301246742508,8.897111203580984,12.373270402450352,14.906646585992641,14.180953049207202,15.736826089409915,16.565103499161555,14.958568848094666,14.942028506282227,14.904767768584087,16.91720596401506,14.341917691832524,16.82716705400256,13.948180860165172,15.371912096812272,15.768353162857505,16.643246185326127,16.21567316847038,10.207684683125095,12.584079363380821,14.185333278546771,9.64720902492396,12.61205943732467,16.028849593997
17,20.07203480413026,21.804248369593854,28.158514036935372,12.697951573234448,10.323877520499881,21.792850268301592,18.47588660475459,19.650987494029298,44.39675298790627,34.091643585512365,39.474186633106946,37.48620036291962,18.917694304567128,29.48194419496905,37.426610443960016,15.530338093218907,11.720815203250824,-0.0,10.191733337203729,12.24082938450644,12.069294213079008,12.444796093766458,19.45938757394191,12.114909097394476,6.794391551687778,9.808229170224422,20.32052686292267,13.515070376776135,12.356677509159612,14.853540612428507,10.985224367040164,11.904803620361937,12.336993008664448,10.33877238884614,10.432482660781066,17.47999662652935,14.002290673872393,17.7616637956024,15.15643202715575,11.444756616754518,17.70807597775034,13.11575993131963,8.67194136642462,9.908141868061803,12.728166377510018,19.489511384833335,17.50659416820336,21.555487630212806,25.48342991723921,16.20968388952279,21.23863202155737,19.613332328121867,32.385453743297575,23.767295960928347,27.935932098375673,22.270892087212616,22.897606225378702,22.906682444272597,22.13681920048009,21.6664453238174,12.257425262735808,15.58311236595319,20.69852239169598,11.514443774904608,19.846923571969594,21.59237542950616
18,27.28232942342157,26.81252588548816,28.402844080282602,10.640477230271607,10.865985313434306,22.89598717375959,25.822244715961006,24.359415375567274,34.99012805819143,27.38423081138312,26.255458058627756,28.035686139684234,25.535610426042194,23.572553284078058,26.23019396243871,10.914551783882217,11.835434881495841,10.191733337203729,-0.0,4.741829942223644,14.95432507181162,12.087769318619324,9.125702208284508,8.375517561930787,4.5916650066324705,7.958358568417031,12.800399250673562,11.087235050634817,8.055567587284338,14.504705581185565,7.624761991051097,4.180577919401543,5.270446101200248,6.431877713707491,10.792463532871446,19.017118049429435,15.06714807883093,20.804356608063927,19.878405151352254,12.886322446706501,16.763028576234383,11.664080678318197,9.225419891046466,3.1247301108622967,4.936664014380238,24.17593658549242,16.885303670435768,24.760482638645655,26.60265830020189,16.923922363837306,24.596366362680577,23.280407589103405,24.05680390085071,22.684703139210548,24.009685452651762,18.078258704163314,23.100604384587133,25.76825353727171,26.12127324233614,26.649728573306362,10.045300994899643,10.421682196954393,20.921577588472683,10.481548668808054,22.728740542035254,23.846547774556132
19,30.763149734299038,29.83524493331943,31.829460953622494,13.333714268095033,14.377212906237316,25.707129197560786,23.530168464619045,28.276461179373296,52.57110703579199,31.539949999087874,31.76844864748326,32.279487603878685,26.755100153059477,27.717452598035536,30.630084358172123,15.964058913479434,15.114234661490649,12.24082938450644,4.741829942223644,-0.0,13.952989062050884,13.009289989759576,12.97177996922185,10.929492143626659,7.619809177163585,12.592431444045975,17.163514479117524,15.744648774666048,11.564301049190309,16.872728422179996,11.24941331277612,4.620511104320526,2.4328431527775605,6.52936997650768,15.045198951275262,21.97834677040525,18.31131424592427,25.4225477155145,22.19520785052943,15.087606667213652,18.96885876082014,16.145255543809604,11.464007420820755,5.365330692798306,4.4928366476943475,27.4022495985357,18.281689103944277,30.343328510061998,28.003766637006528,15.430836285342199,23.682960233724152,26.30458130747574,27.03490755233048,25.527493266202203,27.054643803961582,20.849428449591414,24.02865470542236,24.92545691653314,23.31886220664754,23.656998675176535,11.549550507482406,11.041873037178453,28.061902929474197,12.863133984899692,26.617697192607324,27.98255806708507
20,10.5216071550791,9.861232745931018,11.961173816854004,6.071478396919167,8.679711053130859,11.496121741170965,8.724292581268273,9.545780760911482,25.580931080568064,11.76768696200286,12.485503135604919,12.674736659452451,10.30265205279952,13.26659055773949,11.793272042208,7.75072589886944,7.524188671236353,12.069294213079008,14.95432507181162,13.952989062050884,-0.0,6.803267870082342,6.558428142641993,7.015753912467973,10.012170690215404,6.403984930363239,6.6481423410431155,8.096980135625401,9.099054715517182,8.16341148521232,8.51310963346314,14.264796287918875,15.39758856679613,8.370143179562122,5.2784861208776475,10.050054989630826,9.774443190941433,11.987134994588654,10.426794229657078,9.313564848666175,7.931629242184335,7.894238846155107,8.154289242362204,11.230656904711218,13.485298925104155,8.76648354942888,8.183435968243261,10.879523110151654,9.937470433821424,9.68848827140071,9.288217112893207,8.875123829522906,9.509740102562287,9.644294880543887,10.111617627355256,7.74156894483915,10.014587353721936,9.465725062693046,10.613300713519939,9.701366527180653,7.677546853444948,8.972856749781545,9.76883126766216,7.476130615631611,9.35069668012841,10.634784131696565
21,18.92948183702958,15.66474823660013,15.03783965667726,7.71406215497264,4.916797337352757,12.676622038456783,10.815836609388555,15.856090806897067,27.481365302623185,15.747944987732636,15.832321221152576,15.232364568713487,11.644313578359995,12.125056152364747,15.878103374833632,3.6280165459951963,6.168732688931783,12.444796093766458,12.087769318619324,13.009289989759576,6.803267870082342,-0.0,4.6060911864388485,3.3549881621890054,6.310638288622003,5.005888364802691,3.790752622720602,4.318405052723957,4.048632096205797,5.7099393720304095,4.088466207016974,12.76816523396829,14.4241670077698,9.378118606769414,3.4944285797679573,8.003658050798968,5.696906107746804,9.032518344338394,8.563523562432687,3.5626515627866664,6.098886940483579,2.960830221125154,3.301601037448334,10.329837544027761,12.195989275855089,15.563619416766969,13.377434224358025,17.973632031786902,16.079344703667687,13.121253294078198,14.988519458534846,15.5116676689284,14.532690540158422,14.18316629570399,16.323079627825248,12.519987506406874,15.197520834654467,16.07237403492375,15.848383896594383,16.381415219783563,8.90437719050866,10.281195836907347,14.997557862036185,9.532773891068299,12.36893763951755,17.472026843110093
22,16.928060276849997,17.523691153097143,20.563298119318677,4.780874932674502,4.929444178358936,12.430653656380402,12.33537298171226,14.506828162409517,29.315185126776992,16.33069840281508,14.957960715616876,17.941055512412696,12.536668788317932,13.659620753597649,14.265116689542822,3.897873194929345,4.525879218105753,19.45938757394191,9.125702208284508,12.97177996922185,6.558428142641993,4.6060911864388485,-0.0,2.6836395532147903,5.132424989239117,2.9024881604578163,4.993501680134264,4.550446398027467,3.2337512791555194,6.832969366468756,3.3002517623035623,10.310731365454885,11.292642067299084,6.19446720734899,3.5334636713692995,12.286919958411687,9.087238798653248,12.832499543080061,11.977965973535476,6.592985019145973,8.733591193057087,5.05522040663457,5.189763138433312,6.2550608931086105,8.622156849122966,15.188596633832693,11.827633640289644,15.899461988445532,16.01486794083369,11.184965873364703,14.214916288189407,14.775551157979324,14.54581615674091,13.055269283537488,15.027316502362366,11.72109960831608,15.084890273711162,15.122696607701704,16.184480229861666,15.259861731680507,8.026356898994473,8.967603227533472,14.439810330743542,8.242172571109414,13.943285601398633,15.665386516066189
23,17.50919482624887,17.159459338297914,18.005777688677302,6.248809688816655,5.494250494643069,14.02552079381096,11.723328112552341,16.167785870526913,27.29699144709575,17.273351067452033,16.806656384333113,16.656021397551818,13.400667728247267,14.960321998560396,16.761014804785027,3.595973187045934,4.742301988466297,12.114909097394476,8.375517561930787,10.929492143626659,7.015753912467973,3.3549881621890054,2.6836395532147903,-0.0,3.888256524049054,3.306051274087375,5.198960102862403,5.057421244008684,2.3022160846229025,12.435984126236855,2.9792424929778343,9.667213933408705,10.87384447364302,6.533846322769271,3.938215354755887,10.62328446593385,8.575055766971591,11.839250204912537,10.821634959224916,6.3008746209652235,8.380431983138072,4.1691591310768175,2.7014438497618056,6.645570859653358,9.124676851198279,15.935204820016198,12.550046528733793,17.609753727533437,16.88696685002723,14.158997181605196,14.93452622510438,15.642300531587926,15.052491005782912,15.076767970030172,16.29372397559655,13.499213326787176,15.564916233401238,16.36636620494645,16.193093298044463,15.739391149408327,7.258862386293399,10.132356720895132,14.241927210207471,7.422638284730649,13.067174851419114,17.446368165838575
24,22.41608875260768,22.18534184424672,23.36820417983885,7.524110057125946,7.369084462157336,20.756057423611054,18.08344641184731,19.93862413952437,36.86900155978118,22.332774409975237,22.93092273315735,23.7902149972094,19.247392506191108,19.9638659012279,22.412879718286252,7.380951882901868,7.547585522076957,6.794391551687778,4.5916650066324705,7.619809177163585,10.012170690215404,6.310638288622003,5.132424989239117,3.888256524049054,-0.0,5.403724602363603,9.468411618669164,7.226230853879904,4.599356687831751,10.178035610996728,3.8013984905232836,5.926159077056386,8.078889518977544,5.296161198631117,6.899020818159706,14.095144948770345,10.470973308578344,14.869477624064489,14.594984547925343,8.554176039625828,11.688739099801637,7.732597808219321,4.493854419728864,4.112370507017227,6.864357555344722,20.267656242788757,15.493756122618246,21.82966382803117,21.06810526372757,14.598215937465312,19.684952479436802,19.587079438285386,19.559211581438838,18.55507660974747,20.193334108059368,16.688287166304125,21.090412296418766,21.291244019279354,20.68640454511395,20.270609537100984,8.506862437610751,10.546214643565307,20.391483820002897,8.739715991589385,19.23461970829798,20.358796191779373
25,16.199296681397925,17.209528701551132,16.823233792938307,4.878889555535607,5.282121271903351,12.192426690109066,13.229618185809866,14.560062128445319,20.170739261742803,16.842581560230848,16.945143444632265,18.587322998658458,12.899950343344631,14.985586727236917,15.447557101200804,4.6744802274731745,5.580020017775169,9.808229170224422,7.958358568417031,12.592431444045975,6.403984930363239,5.005888364802691,2.9024881604578163,3.306051274087375,5.403724602363603,-0.0,6.291605902387058,6.169933814215626,3.9542643714917878,10.110549944100203,3.8431185454315986,10.116377067202079,9.897706941885943,5.85911700824,3.508511586013663,12.664503743696743,9.284333609867073,13.421463226961118,12.482069234270869,7.879232526044547,9.129396399887677,5.912741791206708,4.8981623979068045,5.808860571764577,8.094172796830374,13.428318486062208,10.270862047243162,14.459951855009797,14.584446474730946,10.29676921256217,13.507233283452893,13.095383901949576,14.187788411757122,13.515555746178782,13.901137575598828,10.73506261077989,13.334658931649374,14.776105836639902,15.825115091226417,15.619662464007206,5.776497147198552,6.91849094444525,11.342337724068237,5.521995564279905,13.006192725128555,15.21913389078535
26,16.551776401050564,14.01604000648305,14.77978486496314,6.235548872107106,5.744383897342101,8.540086808892925,10.100114116254083,12.57865754000636,18.031248300756406,12.785414742815297,12.169561559375298,14.218656319301436,8.708807809297971,8.564875471951488,12.380253473784373,3.364762805541427,4.915660979442713,20.32052686292267,12.800399250673562,17.163514479117524,6.6481423410431155,3.790752622720602,4.993501680134264,5.198960102862403,9.468411618669164,6.291605902387058,-0.0,4.341527400296158,5.361537675591528,7.298366339238315,6.785718795794003,14.211389387692792,15.47945799315524,10.815573164736643,3.028024703092948,6.93540156946832,5.432949798043072,7.341979053339188,7.260178214448636,5.147590897584352,5.0540676891719905,3.898840937262236,7.708994820836619,10.752492047305704,11.937991702439719,14.236108446295882,13.054789243988187,14.525484240557589,13.959454755308686,13.63743085007848,14.573985236079613,13.202434453789012,12.695080946709005,10.127954652432479,13.103574630608627,11.260992802487685,14.465346916707041,15.150116350476171,16.914575171289147,15.935467781734717,10.372358352747028,11.636059090949907,12.766111680780496,10.442243269043846,12.559763587276235,15.091345941060725
27,15.496946966169988,15.831460609377215,18.289253923419942,7.65259917026608,4.819315938547471,12.002828712869718,11.399406840218008,14.494674803822829,23.112654379078702,16.11164596739995,15.951083288942064,17.341272604854442,10.30830105830901,13.08547944058006,16.19557601386042,2.2366533643954964,2.2957979177630095,13.515070376776135,11.087235050634817,15.744648774666048,8.096980135625401,4.318405052723957,4.550446398027467,5.057421244008684,7.226230853879904,6.169933814215626,4.341527400296158,-0.0,4.294372117474753,4.665619772507109,4.7895880626607115,14.914700129662858,14.515040406643061,9.585144554687368,4.445863068157528,7.960220377173638,5.144562303581408,8.414185726523199,8.291823615799517,3.699430157807631,6.338546467357907,3.351162186032203,5.727894381273109,9.811244182946968,12.920471326079218,14.937585533239895,14.61504474141716,16.276408495540217,15.840443421325235,12.61357892400387,15.348547092741684,16.050127619484854,15.578542364572915,13.204220405978926,16.444440240679256,13.885354520696309,16.441485588494597,16.115815951189898,16.909176174130092,16.546041491810417,11.047715371986548,13.108719806943315,16.10693198800376,10.98963349320496,12.011413518089133,16.347672791230096
28,19.21131600719278,19.05646009257936,20.689037630379993,7.148432455668738,5.60726646107852,14.00726816830275,14.07684471647359,17.147960085764673,29.78423915951442,18.735688717303077,18.289654572984297,20.316838419062883,13.926316303345207,14.026445305962413,17.625080180161028,3.73249837582367,4.222812156992513,12.356677509159612,8.055567587284338,11.564301049190309,9.099054715517182,4.048632096205797,3.2337512791555194,2.3022160846229025,4.599356687831751,3.9542643714917878,5.361537675591528,4.294372117474753,-0.0,8.311716495145655,2.7812263485277167,9.229516847573093,11.853558390740561,7.552571905351485,4.644516511493555,12.39136086060484,7.908790676610019,12.550256587516792,11.512743214923864,5.365313083443627,9.729434891443718,4.9221321614353135,3.271171375608834,5.955130031167818,8.912394871302181,17.596401172488502,14.054566804873875,18.123195353397282,18.346888770565908,11.912857448554652,16.80733261317413,16.929320013186338,17.18408554235998,16.455911420877637,17.193024356213986,13.355523897466796,16.789268468732708,17.673261341018932,19.002632800497537,18.30088463435751,8.508234087880343,12.411206083705109,15.637717421981169,9.247807311623758,15.411417020764878,17.811125842870208
29,19.118877531523978,17.34032120222072,17.016654354324704,7.287715920926539,5.073195483507222,12.499097709455762,14.16042166215399,17.67075535032335,26.16726011555864,16.242419848056823,16.89432524083646,20.50463343790504,12.172527384598045,11.984791681598635,17.129433766106672,8.152705401457675,6.45630205470616,14.853540612428507,14.504705581185565,16.872728422179996,8.16341148521232,5.7099393720304095,6.832969366468756,12.435984126236855,10.178035610996728,10.110549944100203,7.298366339238315,4.665619772507109,8.311716495145655,-0.0,6.4623612755358435,15.62009473743235,18.59655819145825,11.336964235449422,9.237816782596111,10.879212530205518,7.500400918227685,10.156344249074367,11.362254805094903,5.7977034914740955,8.170690524053052,8.154550580459201,6.96033135570522,12.831484534075734,14.542614563646357,16.435688143168914,17.926791565823176,18.366910927083246,16.50104184823953,13.395801839607573,16.400910562758007,18.472144417074247,16.88039362981099,13.591046391327918,16.70730973969206,14.75514711982027,16.230048607102425,16.365373175273998,16.695344906597445,19.064726953815995,15.685618362258507,12.258881621637794,21.33727929126239,15.407343349287565,12.636385227529821,16.81562892469575
30,18.496415699797698,19.31237158334095,20.649473277149482,6.6002842614743225,5.366776040225846,15.507952709915676,12.513606163137288,15.952167408304383,25.007373578898637,19.408513988997424,19.20389729090187,20.884615066490866,13.459204808927508,15.696189162034084,18.270028388061363,4.035939445286403,4.899811131791266,10.985224367040164,7.624761991051097,11.24941331277612,8.51310963346314,4.088466207016974,3.3002517623035623,2.9792424929778343,3.8013984905232836,3.8431185454315986,6.785718795794003,4.7895880626607115,2.7812263485277167,6.4623612755358435,-0.0,9.780976592345343,10.38200907585267,6.884283377268995,4.68726662318149,11.938091595742968,8.14150817359214,12.596948534184605,11.699079450419239,6.048601617278627,8.885064321813147,5.093804136125887,3.1706562705855825,6.010865224564463,9.032242154774433,16.824141587884597,14.601286477898245,18.772083669171256,18.552177678990844,15.16328415141313,16.190925063655367,17.18030717662768,17.146403842421975,15.463347976727459,17.968150605478733,14.665464853570864,18.0919336078962,18.12813837882014,17.442055626418743,17.932331191411002,8.285976464032142,9.648980428158142,15.319491895449042,8.472862047527258,14.512120198005297,17.800310271794512
31,27.605263029058076,25.327222113835784,29.422400718998432,10.886132686656527,11.699442027021759,22.36727582802522,26.192073571197984,24.19186036518014,50.652518106696554,26.980943452455058,26.962964034658786,27.778014580302433,27.645652906875412,23.739903693608618,26.097164080248458,15.035374348026846,13.61072070021284,11.904803620361937,4.180577919401543,4.620511104320526,14.264796287918875,12.76816523396829,10.310731365454885,9.667213933408705,5.926159077056386,10.116377067202079,14.211389387692792,14.914700129662858,9.229516847573093,15.62009473743235,9.780976592345343,-0.0,5.993969167167358,5.232741501520984,13.01409542809169,19.743465014603206,16.81474021073782,25.041336281333958,20.452622575719598,12.914480571969658,18.945502095896607,12.932923580813984,8.922301592630257,3.444180846755016,4.609000011283958,24.51306815703196,14.447624191843955,25.275181841676414,28.178035107125073,14.218993739242174,22.96093713194655,22.722546643010414,26.06676197048074,24.683946939108164,25.840202594780532,17.153221664539554,20.86650197693202,22.44779712277566,24.52362934017473,23.927376332691686,9.570213133782541,8.853291870606723,20.92330165523114,9.750702081358373,20.713227960841483,22.63279916305575
