,0,1,2,3,4,5,6,7,8,9,10,11,12,13,14,15,16,17,18,19,20,21,22,23,24,25,26,27,28,29,30,31,32,33,34,35,36,37,38,39,40,41,42,43,44,45,46,47,48,49,50,51,52,53,54,55,56,57,58,59,60,61,62,63,64,65,66,67,68,69,70,71,72,73,74,75,76
0,-0.0,5.670536522951285,4.846530583265892,4.640749036242084,8.073250221735732,7.480010136897507,10.543912001970872,24.567140094300797,11.855486406122944,10.412622013952904,25.76615167912448,22.906628036407138,23.825687529498992,28.042456401781084,15.263541644189234,10.122384462961413,7.101735805188068,10.584972885160017,8.815203186877202,10.81608317217297,18.807684700285826,24.090471922670726,27.263020109540832,35.405040214733134,33.21972646067198,30.3237271779626,32.91286366406647,11.95169513208576,10.331140091773989,10.206725411866115,12.721970217548341,17.46787348498954,34.52376589501314,30.34771758165468,14.860940454414079,7.563444474842356,15.507378862605348,12.268146672973591,5.012174007699309,9.146625679768922,16.54999211836518,10.895515955209033,9.087632905869752,43.44700124643935,12.913133855338694,13.249310425533091,13.371642525258498,10.011818367647008,15.350363647440858,11.718829325411603,12.646495370356922,12.36243314977679,11.020556237829464,14.18024625848976,10.429995930999054,9.847780898631967,10.520247873843552,12.44348097608215,13.591789166301641,5.6621298641233295,9.131587570154066,11.561328217921897,10.790657517660462,11.182076985855632,9.70713709425239,9.23007840072138,14.137268690677628,15.851488811490798,14.00861509260307,14.697998310598438,6.355564967609961,12.733169984652108,7.665012328235458,10.55759091168858,10.206301860236985,6.349933833341639,10.534539188740087
1,5.670536522951285,-0.0,5.30266338024417,12.443270016645972,11.687356624274722,12.023143309041696,16.548122810771915,33.93922050825943,17.134880304140868,15.833759790286576,32.110005260887675,30.094927902667784,30.098345843027893,35.24294557097594,20.135506874536386,13.698692878799942,11.908684748830117,12.617145323006568,14.20265999880932,13.966655067473631,24.808801566119445,32.60117064223324,37.81322799162364,43.36054056749457,40.009101606255655,34.88298549131812,41.407486641627706,14.069129564848057,17.646393184037525,13.500751607591749,18.318610699749534,24.13366493244086,40.42087726144414,39.20629371856519,19.52368012956493,11.31664774488301,21.653808331026255,16.172735919920612,8.102948397371904,14.06756292088099,24.812951233798863,16.568869539611306,13.97003361520499,52.392818738725985,19.44766381250046,19.863546644356063,18.801145470332962,15.302702401154502,21.842078301598697,16.984979590127598,16.3009252828659,17.316031087998976,17.00284001264827,20.22609051112915,13.374777407607974,15.065410813419456,15.650667674851686,17.60751028379908,19.27973411192736,8.084458982203966,14.525004079244749,16.783586832192615,16.720334925388027,17.51725890843775,9.793936316370324,14.644752245995285,21.093785703729335,21.900155768325035,21.39646032095112,19.13030634645822,11.54047913550694,19.139685235869376,12.893155313966247,18.011784269772264,13.65094350557863,12.397526337103319,15.3559769162074
2,4.846530583265892,5.30266338024417,-0.0,5.752145978745069,7.06369985033132,9.128411006553222,14.385428571276375,34.572348111227356,14.088440332626268,14.210992635208344,30.573636654421165,30.020303323747534,26.543754088694225,29.994602852237495,17.953664078124174,9.00877698642249,8.377340027828485,7.311581712792424,8.261499532475222,11.730403822651093,24.26795470482478,31.312330345929645,36.718288636042885,38.153938200422886,34.85150917695722,29.959412086239578,40.95799575709651,11.962878889248417,13.976490192262624,14.418838187713792,15.163553574326658,22.81766292108523,36.206290765494145,36.95497373905465,18.53871249078552,11.557439030677058,22.325957479517744,14.876284261791858,8.828125294803295,13.704807912954976,25.617716242195584,15.52450714666009,14.369995467762324,52.39925656288879,20.79462637819878,22.191397226425277,19.86467256057047,14.804532696574995,22.44121802946095,16.04972287198262,14.488445620886525,18.53704586810822,16.978403272993482,20.69690021854224,11.690130688004666,17.17026770035434,16.974165958615227,17.206528908584815,19.721821368474156,10.18757240747651,15.622285680213034,18.05402897525132,17.65717713317998,17.752066202239643,12.871787972007604,16.46312942996327,21.79202221042903,23.318981259890712,21.26856208451583,18.338387565951116,10.997752766688048,20.628700678665812,13.326952094349268,14.493755751439078,14.632417309163248,10.782722762715297,14.720201217044401
3,4.640749036242084,12.443270016645972,5.752145978745069,-0.0,3.1285772329110246,4.294583958230365,11.157585725926413,28.262087729975715,12.047376921595827,9.66083537761583,29.34718203404108,26.19627523429521,26.599127425687822,30.818919879521175,14.71256008497084,7.507879231766191,4.500742765470103,5.100645527815546,4.471460427592868,6.783425783726704,19.133884032602555,27.0076522271691,29.641371501250593,38.32055466439452,34.81042828497611,31.43669851423949,36.483554852079266,8.781263704896336,8.536175816355179,8.3510475074535,9.11278286933511,17.50149354072979,36.47852229207948,33.08140535114436,14.831470167102863,7.333007470149165,15.585588382130902,13.546950384535943,8.407371176165842,9.110279244633874,19.1893216836007,11.051950101746014,12.810695873959178,49.83511505640503,17.690164939452067,18.572443095292595,18.25861685766495,13.047430384597762,17.75030657436823,11.751279459577619,16.988476525423742,17.44381731880082,14.38714228744599,16.767529088603027,15.563219840126516,14.542943670166727,14.422289946214262,15.75920708104384,16.79716886024254,10.561881524487012,13.60258345421981,14.828929969387202,14.816312905075705,14.2089462028311,17.8784931141991,12.872768978680764,17.274225678949833,21.111504979180886,15.82382789726554,17.36590141230508,7.994657106870662,14.346785292995921,10.15259586096418,10.190663354140293,11.006933563179473,7.677088052126584,9.457401253919707
4,8.073250221735732,11.687356624274722,7.06369985033132,3.1285772329110246,-0.0,5.920161169291366,15.609649818142717,29.351900186466906,17.001177419011313,14.711170958387436,33.328635099517136,31.62930825730007,27.375717832473004,35.376000083173786,21.215412158749086,8.64584157252158,6.037560430475237,3.8559277880417824,5.880426790605096,9.344322039234905,14.60606233507347,19.669884949771014,37.63318340329227,41.831585490126095,39.71939090168512,34.72173604801301,31.588909586923492,12.150131139353352,13.10110710438468,10.524845264558046,12.440413130646524,23.028766221425695,41.372082807464125,28.48216825086578,10.950859264661684,10.295230398042305,19.671964383497343,16.266813432775024,12.091029547238568,6.347009321560722,26.143538036213194,16.559873174159996,17.184956282633827,45.335634962393414,23.656394281871506,24.622516517836434,23.441871151474764,17.52128324564436,25.545213203392723,16.434045349022988,19.25190271184413,21.007480311857805,20.769342492320458,24.340078017856726,16.22665779389602,20.58069338233647,20.460149425434864,23.106709006916432,23.97828907086829,12.422094485089426,18.96583600182138,21.146107479021428,22.217125245972348,20.49055371163288,13.357275965699491,17.721178421349915,25.92114270143639,28.352112429810788,23.38602343414212,22.784142124096412,11.382637445563331,20.084170664178153,13.046974686722644,14.775878882669446,14.896614148016731,10.688540930702054,11.598968448296606
5,7.480010136897507,12.023143309041696,9.128411006553222,4.294583958230365,5.920161169291366,-0.0,7.139036674611994,20.831871830753403,8.073439056370871,5.658357176338451,22.040220737948985,18.812231778442396,19.990549625386446,24.10449944189296,10.514361273058677,3.368757783200551,2.26147551165799,4.198846337267394,3.172268920248192,2.0099813165110376,12.954587579195605,19.90066897261543,20.906336673138174,31.009407058418258,27.733499727063762,25.24455824784754,28.14278454572149,5.163935241866775,5.6823800610962385,4.916261917881671,5.658976595226703,12.005527679409434,28.473395359735488,25.827351724236518,9.494616061876089,4.055380440194398,9.747457158935449,10.113108046517379,8.098438412469628,4.733174884176266,12.147337460432714,6.866033553707124,12.048193941349945,39.003732384038464,12.800022320994133,15.100929575332685,12.110298032575379,11.577123729401697,11.241894384825562,6.8048280248391455,15.829096215803581,11.109262646461639,11.812202041441132,10.826325061152307,11.050604342988827,12.916060105178724,9.406401030826967,13.05028953213152,10.995392142305013,9.135831279752198,12.429032047785002,10.954582621791422,12.17351884440806,9.767283533083404,19.62343062523136,9.524510339499262,11.11588362581559,14.291872948433438,9.827730244849494,11.87916289243756,5.926627596590337,8.533076092955701,7.779033228526689,6.3453422762902205,7.037266009995461,6.167791753136018,4.842286513269859
6,10.543912001970872,16.548122810771915,14.385428571276375,11.157585725926413,15.609649818142717,7.139036674611994,-0.0,11.621875006950722,1.9281701788151497,2.018918884813212,8.02519824670439,7.009050432583928,6.515464588860751,8.544487636035477,4.25077014215326,8.775637144283223,6.558376707746573,9.697734188428262,7.927631134041253,6.81514065479534,4.871125207336696,7.085013762205679,9.881211387382633,15.110514524432412,13.05469537267874,11.346089713188148,12.54939733978984,4.523424695327193,5.509713794221474,5.914109148058462,5.226847642780656,6.130023501351904,13.4414629475503,12.786328824543961,4.808485971575978,5.269231110428579,8.798147169110022,5.012965007309764,9.045398368560301,9.731154907096707,6.15674776278973,3.107533460278148,10.757506141649323,19.236203326714822,6.778326862346705,12.39583113684604,5.9559652961540355,8.47716767318521,4.396715814228132,3.2299779480797035,10.749770109150411,6.46739615440366,8.039510843658228,4.75885650835617,7.113150568796375,10.26187351505179,5.411998674557815,9.445784276112533,5.007563086665481,8.761834541757242,9.141125520556422,5.38403264139072,9.378952851329506,5.2559013461313,11.607817420362492,6.712036208637805,4.38654144565163,9.132694594220805,6.627607685205528,8.070426101593586,6.61415679551727,6.009042628334463,5.522152969548173,4.863634112703544,6.573010636791709,6.231771324451464,4.715625262978584
7,24.567140094300797,33.93922050825943,34.572348111227356,28.262087729975715,29.351900186466906,20.831871830753403,11.621875006950722,-0.0,8.41119900766602,9.688783274342395,5.643312644863049,6.295808134268112,3.2993649333116553,8.664503504934652,7.891702137977352,21.315461460555724,25.281995721607775,32.40854177912604,26.808379685910356,21.045166920388233,7.353258703819751,3.8889904000472058,7.1204286095804985,10.530429896385495,8.01653892839306,7.154507084621595,8.250670221073488,14.580134948235832,15.421082508101048,17.485131491466056,16.58105017956723,8.79938046879421,8.124623295289044,8.6771727507698,14.168400543751616,16.323490383801975,13.914325857626666,11.214753139329074,21.61013087936541,17.71671901427685,5.331022571954051,9.102973526312043,12.706519162889784,20.28857060070022,13.977045368724157,16.620445529067315,17.14422255038997,10.525140714941793,12.245600222077087,9.344484564292877,16.998671014134867,16.971162705914786,16.34328837004067,16.053513056140268,17.608399683137332,16.36220293356676,19.54223004872611,18.477535890564564,11.430708559722634,16.8816753421533,22.673856651688293,14.239300680612242,15.835871898643509,19.258811901000122,22.207907880148632,20.898517083636797,12.96328848148733,17.789205141021768,16.169610902855023,26.283259241033754,14.664289511829134,12.738787396466345,9.782264021345027,13.616480839283447,11.905457360960005,17.708490463282722,13.711937859738228
8,11.855486406122944,17.134880304140868,14.088440332626268,12.047376921595827,17.001177419011313,8.073439056370871,1.9281701788151497,8.41119900766602,-0.0,2.753213221336558,6.262387730666284,5.7950165412082,5.01953169425861,6.633205441487219,2.851222958486055,9.472033423737315,7.662730962533054,10.514998321581752,8.511830131605214,6.741982992316987,3.407742346695273,5.639069815731021,8.51911500160012,12.269024869265163,10.762925965675983,8.943697674624794,10.28098241346613,4.775489489577582,5.083376213210265,6.544376640142407,5.450160677327031,4.936507625264894,10.473214787598481,11.368993014033329,5.2617128406256395,5.906543676356432,7.954415507133098,3.7509419155893093,8.946951760651249,11.225383700025413,4.642025546577431,2.967263477444749,11.586751366184858,20.81233708185926,9.958817707376987,12.63807634283143,9.42266373848989,9.693181994912049,4.66457241529162,2.5414974578179645,12.149427510149932,10.06995858543349,8.844662290957984,5.110859736897822,10.365942681468688,11.03504243090814,8.000638459609666,9.525901119222599,5.35349372024302,10.800456280420832,10.433229121437842,7.42324008038611,9.285726034324483,5.855237492779713,18.427102990317625,8.942072864738671,5.396880176686231,12.655093377944155,7.037987547752482,10.301127577730837,7.085104094573789,6.8142242142684735,6.906860778213625,4.531151090365175,8.165416386429515,6.748458315600226,5.555166153405975
9,10.412622013952904,15.833759790286576,14.210992635208344,9.66083537761583,14.711170958387436,5.658357176338451,2.018918884813212,9.688783274342395,2.753213221336558,-0.0,9.177556879285758,7.512576351730834,8.463001656769684,10.459886175092164,5.26879400199483,9.636438487787022,6.317137129339973,9.286707172119538,7.812335809292195,5.300294722570756,5.1561725949470505,9.797428152542997,9.745530088982282,16.503129698643804,14.562831686544454,12.8113379823587,15.086806203406866,3.3174449374753667,4.727846275424682,4.788446978093637,3.8582521815576607,6.796846263116203,14.711263746514424,15.117610277940448,4.227965831755464,3.638649385012945,5.7111400093630005,5.771155259691602,9.154151028124478,8.011488938917898,4.20800938032719,2.0316083788666845,10.742815969388088,23.801984116793673,6.944434367773552,13.04598559658766,5.793433260600856,9.05710476409591,3.3065087700597164,2.406736494937539,12.371710199472002,5.930457463924244,9.884405304122115,4.051197853830902,6.873681984268019,11.598212210377712,5.591596155031812,11.21895298983701,4.6777333616613825,9.46726949957147,11.104630667612835,5.627473322126084,10.375935411347369,6.202249269016797,14.521587473960263,7.028968760812621,3.674518819453609,8.18559013978321,4.734798232336387,8.869416781392655,5.600010855202792,3.9038554458128223,5.388973372881563,3.8433722719665067,5.7673679959569215,6.225796087863104,3.063725554365633
10,25.76615167912448,32.110005260887675,30.573636654421165,29.34718203404108,33.328635099517136,22.040220737948985,8.02519824670439,5.643312644863049,6.262387730666284,9.177556879285758,-0.0,1.0373172592215563,1.9370460258845066,3.8295267283424623,5.492792902321081,19.43904458230782,21.897662123052786,27.436086142608552,23.733783175927446,19.09339913483177,8.323081636583574,3.3752787994433495,7.240369535623392,8.15365258263701,7.420839278713333,5.912364987095171,5.72447999086332,12.893859576449426,13.713988383665342,16.41148437648984,14.215948107013768,6.550049946667835,6.590136940037729,7.781971510793051,13.192091855224692,16.068610427379806,19.672077079101832,6.497995510428124,18.694556256396464,22.548403940677133,5.328393336337216,8.113056272550748,12.683509530038505,20.301248575090668,9.568799204505735,13.851031309437975,9.716294329717627,11.144787916496842,7.740129002842699,8.458138044445537,14.907935265537033,10.908314413568368,11.362555942139942,8.734528752049608,13.242975347577742,11.682550691920325,11.209318452958238,12.323468584235156,6.414037675018546,15.317169995557215,13.49794523253292,10.373374914782048,10.420108758140524,11.037004153970733,21.791106155402904,13.927639905763439,8.30845695203272,11.062296545210666,11.17477998160475,14.096941675974309,14.537936344387337,11.828696952372642,11.357375705127984,11.835486829039192,11.788340494906022,15.192552539858829,14.325183455563284
11,22.906628036407138,30.094927902667784,30.020303323747534,26.19627523429521,31.62930825730007,18.812231778442396,7.009050432583928,6.295808134268112,5.7950165412082,7.512576351730834,1.0373172592215563,-0.0,2.3019895262217642,3.156327436066542,5.489749153750543,22.096861597271552,18.820832065369494,24.43725690180904,20.402536079554725,17.114224367498696,8.222485652343485,2.8556707632386207,7.119205610017259,8.138080358002952,6.170235921104221,6.190345622711477,5.617422168219565,11.0694257276422,12.327109817021752,13.802106806928055,12.086277329111725,5.465176587655861,6.394123507553619,7.48176865849972,11.657795703279616,13.764402878970017,16.921405253654992,6.398939136344669,16.391859098567885,20.57229179582369,4.593830036644845,6.448519069367136,11.34887883649024,20.791724913232688,8.733279523857822,12.226158126182678,8.706401478474882,10.240833538929394,6.827291099854374,7.147156030234974,14.338575446583109,9.576561608328996,10.851412600314278,7.31820861269161,14.334727948046183,10.179287402839176,9.416106127771695,11.91140266903696,5.561223048760196,14.534837403000564,11.039657219118517,8.237393672124723,9.763070189793385,8.898312575563994,17.879985561961373,10.223636184586857,7.752401931488887,11.771684760649748,10.502900504527952,14.174995026187583,12.30562587830749,9.83650067532645,9.70323745158176,9.381560514412378,11.284497683059813,12.662181657981437,11.306793722162961
12,23.825687529498992,30.098345843027893,26.543754088694225,26.599127425687822,27.375717832473004,19.990549625386446,6.515464588860751,3.2993649333116553,5.01953169425861,8.463001656769684,1.9370460258845066,2.3019895262217642,-0.0,3.520985788351116,5.9141315827311685,13.385483808395215,19.47248359152979,24.609419513635444,21.36600580763455,17.401296488138577,8.212866696238645,3.306329857785762,7.109823031938239,8.629094835461455,7.303150320909482,5.966527493086435,7.191552094240762,11.791253418090072,12.910128389518146,16.212095757167635,13.113994207736258,7.374268074138133,6.060290998717788,9.24411908313253,11.746918143947418,15.035211881102251,17.85386653115109,5.827784631878422,17.964050007770485,19.28783621561166,5.458066886865844,7.957236651483527,11.404561912453927,16.07088931189889,9.810229319993224,13.682443622160596,10.026467631306096,8.367774552257861,7.721647386023857,7.871466869463385,11.618404714059904,11.301010641330363,10.624672046485161,8.714130813830351,11.09088001196745,12.89084254439675,11.420223146246245,10.473881508587326,6.295314324679602,15.293297883388131,14.347262598778013,9.732546537617406,10.7079249157913,11.61218411977269,17.795707990146454,13.912638916084388,8.33198382755512,12.379386868534619,12.459461769597262,14.57808157736196,13.231305266897468,12.482606789662409,10.910675274210195,11.808957526030715,11.635131680454656,14.133318173397361,13.685542441369892
13,28.042456401781084,35.24294557097594,29.994602852237495,30.818919879521175,35.376000083173786,24.10449944189296,8.544487636035477,8.664503504934652,6.633205441487219,10.459886175092164,3.8295267283424623,3.156327436066542,3.520985788351116,-0.0,3.6900078144663517,18.553523238014503,22.40373648050191,26.426437539141105,23.963459500824165,19.94126653527738,9.658556558509645,3.6219048270842524,4.208683983986506,4.800282130186121,5.584727320838133,4.0453601957623935,3.658209226121681,13.823721123176913,14.025063020432647,17.960161947575536,14.247509607264629,4.674605298884815,4.471017638338464,5.770252444241195,14.918562349911499,17.776116957829498,22.575768947731756,8.788707095783385,21.41633841213226,25.592755293298183,7.007297602150807,9.45040455966729,15.70919657477619,21.75770155272446,13.277327404788183,16.55570449534098,13.550290285124156,12.964980176669075,8.975687862618654,9.401334035997772,15.513066916955689,15.386213217683867,12.112014464851498,9.634361313565636,14.785513893603449,14.036574146365298,12.323537093456766,12.74522032330661,8.169970261828238,18.949887253650488,14.27124092545562,12.00228504146715,13.050928828160645,13.147249638615678,24.74937245450793,14.640933620126154,9.436130320580638,16.079468802212073,12.547221432676354,11.690984070565497,16.896528159303422,14.219829638406004,14.647617201896583,12.99396578601727,15.242166415217111,17.161046155758605,16.706830734350966
14,15.263541644189234,20.135506874536386,17.953664078124174,14.71256008497084,21.215412158749086,10.514361273058677,4.25077014215326,7.891702137977352,2.851222958486055,5.26879400199483,5.492792902321081,5.489749153750543,5.9141315827311685,3.6900078144663517,-0.0,13.636390987340711,10.198924162992558,12.75817084331087,10.663833373004096,8.728807932194927,5.576323124820256,5.026951143515785,5.120894880817161,8.729231918250939,7.653113439254007,6.501179578786978,7.186707402322581,7.302565633753152,6.630033403102254,8.531591825112978,7.225198792311127,4.391287715348157,7.508749796453013,9.442232904972663,8.471291272458732,8.608978089720775,10.502501262576324,5.624305937999819,11.021140346085309,15.094337135760979,5.6327713316289385,5.848934682466787,16.063518239599606,18.512243830464115,13.585668408580242,18.175162493391944,11.997355465786693,14.572891144775785,7.633868526502675,4.8538227636667575,17.37319113055931,12.782612767037472,14.194881904395821,8.455151482696834,13.362346507229269,16.47401922897384,10.752779325417647,15.455748568411021,8.773859373548795,13.352682665471168,15.764159900729073,10.767594204662071,14.487724181375429,8.6526888703676,21.192539149978632,12.735996774405782,8.794873789574071,15.442173040167287,10.123121512340317,14.942522019986034,10.078047001662371,10.176566668429803,10.038834277857195,6.312224356873502,11.12912614420959,9.92015967680045,8.212094906059797
15,10.122384462961413,13.698692878799942,9.00877698642249,7.507879231766191,8.64584157252158,3.368757783200551,8.775637144283223,21.315461460555724,9.472033423737315,9.636438487787022,19.43904458230782,22.096861597271552,13.385483808395215,18.553523238014503,13.636390987340711,-0.0,2.616891408009397,4.885959330452459,3.742765168397767,3.4200395392997542,14.57726433465461,20.464632034445234,25.353809224388836,24.959234520591643,17.133457468559214,15.895377644918556,29.658522067524945,7.888044250959071,7.926170680133795,7.4167661020731375,7.96607560720136,14.603904828283408,20.183888167734693,26.822957646394006,9.748956307519766,6.494575262666771,11.484882642342905,10.520324484374365,9.95040663628007,4.7771606994274345,17.649709667454154,12.860142354300411,12.54468699130096,30.470006601787034,15.89980092624226,18.93997055853842,16.26714453067161,10.40136814203526,16.414637779604607,10.32738643647529,12.560111298902324,15.070771812761551,13.496366744021968,15.884552085516246,8.854113027025472,15.266638495478396,13.36884774826138,13.885219466414664,14.588838539498575,12.838321752821864,14.209253545522047,14.022419931138119,14.321906140928297,14.255271796358175,15.043652405384996,13.583976254777593,15.817122260135353,18.754965684871593,15.284614007271575,10.78593615053468,8.377005171274268,14.953028302170207,10.369284634684892,12.033963172393356,9.182370049607535,8.007038301200009,8.075398183656613
16,7.101735805188068,11.908684748830117,8.377340027828485,4.500742765470103,6.037560430475237,2.26147551165799,6.558376707746573,25.281995721607775,7.662730962533054,6.317137129339973,21.897662123052786,18.820832065369494,19.47248359152979,22.40373648050191,10.198924162992558,2.616891408009397,-0.0,3.8756147016095848,2.440639303847269,4.453462492630494,13.196964977654142,19.09773440170069,22.497454595504603,30.14937152951574,26.941688732894658,24.287720838860487,27.7936994411949,5.880512382619145,6.581054771614789,5.103151984863035,7.0734991752918255,11.701931430352692,27.896736325076432,25.08656998115235,8.493604980869613,4.7293026756255365,14.893103190540632,8.8701386033192,6.268735565276992,4.974862265927822,14.88387330401393,7.347813318780039,10.76965161496785,35.191897986559994,12.828664346165198,14.86223951451979,12.965546283797071,10.614910856751242,12.528961554861096,7.064089874570466,13.333892360318538,12.743473717214012,10.960736782499614,10.902990133386831,11.400871271137845,11.39410348024806,10.258679542038795,12.029778782576656,11.656685349188416,9.619187148461632,9.785261128444587,10.495145551673875,10.862894935065889,8.809989422939642,14.291868569692442,10.15418678004857,12.509407598522298,15.81491642094283,11.562991668466479,12.513637125404177,5.629292403587484,11.46034098521863,7.340439649270716,6.623258244503872,7.3804622406235145,4.757577710461266,5.836123465965217
17,10.584972885160017,12.617145323006568,7.311581712792424,5.100645527815546,3.8559277880417824,4.198846337267394,9.697734188428262,32.40854177912604,10.514998321581752,9.286707172119538,27.436086142608552,24.43725690180904,24.609419513635444,26.426437539141105,12.75817084331087,4.885959330452459,3.8756147016095848,-0.0,2.6117850825323004,4.474958591779034,16.36921281024865,24.072506191076847,28.1893285026024,35.00160129487385,31.8434129433681,28.459720133902774,33.95462852076805,7.6157995517911505,7.870134311401403,7.246780004398749,7.560004594421371,15.285225535745399,33.60684869112843,29.51820587687335,12.461413554375119,7.38802148167224,20.621053257293518,12.615422467949074,11.17435547852779,7.1216725146659146,21.46463696843957,10.977827343173159,14.711585740397279,44.97341215038552,18.131438744203408,20.63352483667247,16.262178614670724,14.477914609899875,17.801033197957597,10.85146825354011,16.885411959861866,15.173273094880768,14.707860877471967,15.347026977419146,13.406240849989008,17.59850779410698,14.292080750488186,14.921645333155228,16.155940325639328,14.732345021232707,15.469080470278584,15.35001828351952,16.407454845597044,14.255143444478508,19.65447500615011,14.79938521321098,17.84144530077232,19.63422733849306,16.49955996582576,16.14561440377067,9.93059326519558,16.32718484376916,12.8086524409474,10.080574473241835,11.580837344163218,9.10118375575556,9.389463437964384
18,8.815203186877202,14.20265999880932,8.261499532475222,4.471460427592868,5.880426790605096,3.172268920248192,7.927631134041253,26.808379685910356,8.511830131605214,7.812335809292195,23.733783175927446,20.402536079554725,21.36600580763455,23.963459500824165,10.663833373004096,3.742765168397767,2.440639303847269,2.6117850825323004,-0.0,3.182092134851322,13.0958588260897,19.614450150528604,23.411390824963718,31.646842187696265,28.97879258751893,25.84638600796761,28.397249583210336,6.773435651610811,6.0337566913630605,6.062469281244145,6.240429077247526,12.472047149160788,30.00326503978912,25.189855094916343,9.434807272162566,6.172691206432071,16.375721013090924,10.008569354214163,7.8216293951606035,6.310992032271825,16.745867132889295,8.617132805722331,14.201615519306001,38.52050940808163,16.532638758698333,18.489721581130777,16.360417818795014,13.253614808208235,14.134970586342071,8.22798361926082,17.29064930504431,16.13309635461133,13.230328816925647,12.648508497482833,14.801500554816082,15.54904462732307,13.13823235724038,14.087683804058889,13.771071319930256,12.634706094333886,14.122766819137832,13.618515530864514,13.250598781531162,10.467031094706146,21.26851547847048,13.188594386433655,14.575795659673362,19.058018973379504,12.775840438374924,15.206491092965937,7.27963531096621,13.32449216286034,9.795150042353354,7.254546898631223,9.831951306310694,7.010958740877052,7.631673649731004
19,10.81608317217297,13.966655067473631,11.730403822651093,6.783425783726704,9.344322039234905,2.0099813165110376,6.81514065479534,21.045166920388233,6.741982992316987,5.300294722570756,19.09339913483177,17.114224367498696,17.401296488138577,19.94126653527738,8.728807932194927,3.4200395392997542,4.453462492630494,4.474958591779034,3.182092134851322,-0.0,11.131137802379744,18.329274156586727,18.476389923484557,26.80306701297077,23.28875370260918,21.25766938930432,25.920825124980112,4.410139658498909,4.275430726988489,4.672785776025183,4.293837544289524,10.204205837104057,24.257361707622316,23.694325164060956,8.597072600246452,3.832348178895927,11.182875638722475,9.660312545550582,10.525961235105472,5.026717129599446,12.255815033133285,6.575366661438656,14.178293212100675,35.87784339660629,13.775805031034722,16.930909768269085,11.772298948872542,13.426313115749764,9.892755157777213,5.7401683889969135,17.146277373431804,11.019745600996986,13.135164448660838,9.485020191139057,11.104504422413694,15.060072907266202,10.198994201261419,13.820446991509312,9.988596910672563,11.475804695294462,14.287700119471763,12.667226227980814,13.68065606782272,10.285552732964913,23.912295706959306,12.315890270525822,10.464862595493267,14.004414983510511,8.81867154420052,10.760931233466312,7.954546936607699,9.142610023879904,10.032582211935056,5.707840895458611,8.43609975580088,8.070364752565396,5.55281837808652
20,18.807684700285826,24.808801566119445,24.26795470482478,19.133884032602555,14.60606233507347,12.954587579195605,4.871125207336696,7.353258703819751,3.407742346695273,5.1561725949470505,8.323081636583574,8.222485652343485,8.212866696238645,9.658556558509645,5.576323124820256,14.57726433465461,13.196964977654142,16.36921281024865,13.0958588260897,11.131137802379744,-0.0,4.802966196312542,8.965961436793402,15.013404187813077,15.139213209798097,12.601978092449023,8.13231955579866,7.5732742411075495,8.690825533044151,10.229471934784474,8.127596365879407,7.299237136625216,14.422093787535896,9.30371928311349,7.106552383836916,10.050710269919817,12.32311233338455,8.589547563672504,16.65050409554271,8.329249095418847,6.459883043549553,5.448145103568183,15.488466833898364,18.9203724892044,13.12057025326461,16.939323478007942,10.193789074082527,14.027214479159385,7.379063469820509,4.460954583602574,17.020312950220923,10.389382610759442,14.140739977794928,8.021157000844184,12.36545619250101,14.989133131609863,11.19818646677391,14.992013281835158,7.179482377330611,12.41564667710441,14.63766159203567,12.665891650851549,14.997621479476258,11.665834683727837,24.571311157753577,14.087848753125737,9.206252935510488,14.593997723918886,10.857471688748694,14.726118990840238,11.072933902133371,10.390621424066708,11.020327684551406,8.030183950265815,11.759837410098037,11.152014578682426,8.646859448805895
21,24.090471922670726,32.60117064223324,31.312330345929645,27.0076522271691,19.669884949771014,19.90066897261543,7.085013762205679,3.8889904000472058,5.639069815731021,9.797428152542997,3.3752787994433495,2.8556707632386207,3.306329857785762,3.6219048270842524,5.026951143515785,20.464632034445234,19.09773440170069,24.072506191076847,19.614450150528604,18.329274156586727,4.802966196312542,-0.0,4.861574733149323,9.30545927715205,7.731419535322678,6.185428044866278,4.911296095207139,12.680545975638985,14.250196319604932,16.083371394666443,13.507517773814993,5.272997307301939,7.353040624481516,6.421680645024786,6.8845162472168075,16.330798640284048,17.774949143863772,8.144955897584845,21.767800480374603,11.537905479731934,6.910627395657851,9.544617011591175,14.794419935400482,20.80842224654721,14.14668853323749,17.87716994235975,13.590618126513847,12.872792509756039,11.962830128664432,8.80218582936844,14.705890876624476,14.319200579078116,14.780470811573716,12.876670916834192,15.590465330686216,16.564687237680445,15.37707086146115,15.681986419328384,9.805785826178946,16.677774859680163,16.78957332769337,14.214947215050794,16.496081530343908,15.193904354813798,17.925792728983527,16.51624368316621,13.710887338277022,18.95857875464969,17.550179929466527,20.68362348907344,14.631805117913514,15.994314459476868,11.907611914577943,12.850684300735526,14.938654303588454,14.17753985173622,13.327056672815354
22,27.263020109540832,37.81322799162364,36.718288636042885,29.641371501250593,37.63318340329227,20.906336673138174,9.881211387382633,7.1204286095804985,8.51911500160012,9.745530088982282,7.240369535623392,7.119205610017259,7.109823031938239,4.208683983986506,5.120894880817161,25.353809224388836,22.497454595504603,28.1893285026024,23.411390824963718,18.476389923484557,8.965961436793402,4.861574733149323,-0.0,4.810845982410287,4.728751859604534,3.7250733267651976,5.838752327465672,13.583141707980005,13.054284949298825,15.227380314911985,13.471176611383402,6.037243296051552,5.431637566127467,5.651994316366817,15.07587774833772,16.057823158593997,17.88101436588077,13.230639052703577,22.877911863202588,24.439720793066215,7.551779927737887,8.674792427838964,22.476171959195966,21.811073529320034,14.876507443709098,21.98187143496615,13.423443524394761,18.216261110869763,11.801928856465189,8.501745890464953,23.193646876675277,14.012851301671198,13.612987528492685,13.953422549183292,19.850977025513615,18.121450046427878,14.840281342408872,17.276739177179756,12.853324034350061,21.099876991835444,18.45706498975296,14.702299645195808,18.530358855839644,16.192172495809388,27.259527622808342,17.590537729104096,10.930042936499783,13.49935797138177,13.471795692708557,18.211760187618793,19.595325206564734,12.825221444846289,15.812013211532056,10.688583589560457,14.85213677166544,17.72298503333998,13.09480007227531
23,35.405040214733134,43.36054056749457,38.153938200422886,38.32055466439452,41.831585490126095,31.009407058418258,15.110514524432412,10.530429896385495,12.269024869265163,16.503129698643804,8.15365258263701,8.138080358002952,8.629094835461455,4.800282130186121,8.729231918250939,24.959234520591643,30.14937152951574,35.00160129487385,31.646842187696265,26.80306701297077,15.013404187813077,9.30545927715205,4.810845982410287,-0.0,2.6034650167506306,2.8232138821693513,4.588565832042153,20.11050341654964,19.64083471957711,24.43290181594097,20.234864872534462,7.753113922665255,2.667841835522314,1.8652628381720633,20.361646685005443,24.216832247159616,28.427611749175693,13.541923924829332,27.90099067329257,31.368080061099867,12.401367879156295,15.234407228453499,20.939724156666454,27.175909659216593,18.85670774694392,22.378254703625114,20.49481308114119,18.3418968740231,13.695998901965984,14.983820036730684,22.169476392080497,22.35651341968474,17.73712161553425,15.739930819477614,21.492859755190477,19.397228670873467,19.33291617224871,19.66993880762256,13.285459878557692,25.908159142024616,21.82305688170306,17.88094669286565,17.8859344202096,19.353762723607,33.007481929661104,21.646478058162078,14.440360543796405,21.578461580410483,17.029981335670517,19.030397796950567,22.907475313919882,19.705192587420587,19.993977837020385,18.588557995956506,20.730573540144782,23.76665782729461,23.01302089017962
24,33.21972646067198,40.009101606255655,34.85150917695722,34.81042828497611,39.71939090168512,27.733499727063762,13.05469537267874,8.01653892839306,10.762925965675983,14.562831686544454,7.420839278713333,6.170235921104221,7.303150320909482,5.584727320838133,7.653113439254007,17.133457468559214,26.941688732894658,31.8434129433681,28.97879258751893,23.28875370260918,15.139213209798097,7.731419535322678,4.728751859604534,2.6034650167506306,-0.0,1.5913589253601834,4.815327349227394,18.041980437448252,16.993664285528315,22.341588167353496,18.213882042112697,5.8720933250295815,1.5369226778965268,2.415282523459151,20.085378444109327,21.38729468858885,24.711106778291974,13.12242042900443,26.680840602803492,30.45141937332212,10.046327249743532,13.799696953176548,17.2622809070585,26.597686025899833,18.373484881688878,21.230253529122407,19.422218212301495,13.773626870393125,14.333261692849485,12.854037382463476,17.44559690207104,21.21109622044763,19.818301427094973,15.368851697235419,17.64243275088783,19.62405353478204,19.706460780729596,19.85472969736276,13.032411373526553,23.534509859758554,22.61626851722198,16.939608205373972,18.678521609321805,21.5113872478493,26.00718933632215,21.786459230680574,14.972527037508728,20.832466386235428,17.89443439615373,20.542682679491868,19.886074677111246,19.459414012855817,19.314733895836177,17.784537095962115,19.590127995640717,23.120490809703476,20.743784787838116
25,30.3237271779626,34.88298549131812,29.959412086239578,31.43669851423949,34.72173604801301,25.24455824784754,11.346089713188148,7.154507084621595,8.943697674624794,12.8113379823587,5.912364987095171,6.190345622711477,5.966527493086435,4.0453601957623935,6.501179578786978,15.895377644918556,24.287720838860487,28.459720133902774,25.84638600796761,21.25766938930432,12.601978092449023,6.185428044866278,3.7250733267651976,2.8232138821693513,1.5913589253601834,-0.0,3.0576177635130093,15.654485162417773,15.567932183121503,20.094142845253124,16.181978463465832,5.355362439716975,1.2620232945581455,2.5478674477472776,17.289079660174224,19.457277547945697,22.728251187066217,9.962910212309627,23.730814057173383,26.607046136561753,9.89047004274564,12.548755742710327,18.08988473381936,27.89068029497933,15.704541020723735,22.162390105933213,15.622276687695685,14.90627427936913,12.486964801562547,11.746879977922218,19.26227013949515,17.016472351777235,17.84699336628422,14.08463007688512,14.813436460412776,19.593378397534437,17.289572833121706,18.59041233649136,12.130127144399788,21.758643074520553,21.068403517902915,15.66251352456525,17.54367835085263,18.120656251662247,25.600198918204295,20.781153673099322,13.244847794068173,16.170945757220448,15.653525316340298,18.257857301926983,18.93188722267474,17.031801846529127,16.961532649346225,15.906252348891252,15.610501890407942,20.164712029237037,18.778496102591074
26,32.91286366406647,41.407486641627706,40.95799575709651,36.483554852079266,31.588909586923492,28.14278454572149,12.54939733978984,8.250670221073488,10.28098241346613,15.086806203406866,5.72447999086332,5.617422168219565,7.191552094240762,3.658209226121681,7.186707402322581,29.658522067524945,27.7936994411949,33.95462852076805,28.397249583210336,25.920825124980112,8.13231955579866,4.911296095207139,5.838752327465672,4.588565832042153,4.815327349227394,3.0576177635130093,-0.0,17.971042428666827,19.235803063433227,21.416091329224134,18.848776350696014,6.078616434382404,3.821881545187015,4.21212922207835,10.709085429959355,22.54250875982888,24.577025469870076,9.747872844353935,26.660472090641353,18.935576991328336,10.981633929904312,14.488468373819652,17.36092578763628,26.868097635027276,16.14323403462526,21.706338611707753,18.38458030560272,18.2575346337287,14.896265497716726,13.599622809754957,21.25389471181216,19.480112084498458,19.184541567642796,16.7845915154491,22.169136642839497,20.47845122783354,19.6030448707347,22.29596844499714,13.659934480019635,22.805213795109715,21.454181281498748,17.64233212180015,19.533141476950124,16.9951077321949,25.91315017867925,20.322576423777736,17.6421818579924,22.956375546165464,20.163478246076462,25.78003014254018,19.615770313653734,19.825439509724074,14.230098470883307,16.97958107928947,18.36498705947796,19.33972524932856,19.291510898191735
27,11.95169513208576,14.069129564848057,11.962878889248417,8.781263704896336,12.150131139353352,5.163935241866775,4.523424695327193,14.580134948235832,4.775489489577582,3.3174449374753667,12.893859576449426,11.0694257276422,11.791253418090072,13.823721123176913,7.302565633753152,7.888044250959071,5.880512382619145,7.6157995517911505,6.773435651610811,4.410139658498909,7.5732742411075495,12.680545975638985,13.583141707980005,20.11050341654964,18.041980437448252,15.654485162417773,17.971042428666827,-0.0,3.765133448839044,2.7015386491901214,2.4841106378010878,7.578039389746586,18.121431853670128,17.499031649822626,3.285393342361222,2.330775671893128,6.728161446365639,5.154942563957609,7.715997902960213,5.3953125495083265,7.9574059232721455,3.706487306361787,10.976350081486292,33.57012744395801,8.123692328000132,13.770923848936647,6.589017531289542,9.260708407586026,4.898094670858016,3.8772462923009194,13.104945695810883,6.600109435556521,9.901779113835111,5.470103945322163,6.836385840646467,13.237203624893972,7.497924055734814,11.284901094344713,6.803668189204604,11.200927978382175,12.186159530990391,7.300852094266816,10.50280752288912,6.332686817620818,17.287255260072875,8.912334584111811,6.049688317308034,7.170800221676092,4.157307467882179,8.966628788546895,5.621923364771887,4.965969150187921,5.7862612502121715,4.067531095194343,4.370810576948843,5.7061158223005695,3.261409237753759
