,0,1,2,3,4,5,6,7,8,9,10,11,12,13,14,15,16,17,18,19,20,21,22,23,24,25,26,27,28,29,30,31,32,33,34,35,36,37,38,39,40,41,42,43,44,45,46,47,48,49,50,51,52
0,-0.0,5.5228947710296135,5.839063111801755,9.653832720217947,5.782536230544563,4.220629220057821,5.462944772648587,3.7080874316887,8.298273726038909,6.353841799986691,5.447409910545966,7.510419593399056,3.9089822037562736,6.006635311997477,6.421163426081815,6.382653123887688,6.1211892381942,4.052177205746585,9.775149700670895,7.459248989379195,7.712672137769107,5.033226577132296,3.472581928651766,6.080240185286161,9.264319068145964,5.04538294412157,5.617717362961221,5.181493663656075,3.165405168221131,6.348024713152795,7.141228494492802,3.2014081062654567,11.179818876584342,5.382962217306275,6.192807682424508,6.306642566188473,10.274973427390757,7.714413450872342,8.263062034135737,15.233313171477853,7.948660096895301,8.040869940563422,8.591891526897923,9.570890304047477,9.681214182454074,7.483319202131894,8.34228405325103,9.287186739313704,7.075168923912177,10.461711615684099,9.789588391254908,13.497068873634003,7.988712451624572
1,5.5228947710296135,-0.0,5.4311970920107555,8.332855093549965,5.53676554554977,5.262098300626375,6.862587271578422,3.2169238519110355,6.063243917801829,6.641236561407933,6.011239427777092,5.681961617297554,6.477375161131361,5.491150163415208,6.007020927741797,5.660373468118934,4.565180952435956,3.660271108799467,5.538701094103021,7.804124531737241,8.082035474101293,7.504741920042225,3.865656054278877,4.593827607943138,13.07199546110831,5.898522138428475,2.3017770338937873,5.672196804783552,4.061792682149513,5.411894010317105,7.454936087054748,6.476231923511947,10.963332585976882,6.116517468890624,7.60089464295195,4.5170547246527155,8.190615678690063,7.186961392457993,11.465315502394594,16.906164127711076,7.578933153134302,7.9519403480882165,4.658114012291737,8.030529155000819,11.67655882920499,6.834318906053249,7.782639337853614,7.766244675621886,6.907635258917677,9.982907257070899,10.445318070958868,11.71345885433759,7.915679450205987
2,5.839063111801755,5.4311970920107555,-0.0,11.313853703785147,6.900245446999858,6.196287740655723,10.076661218343641,6.243932530346816,9.409258341070016,8.039564946693142,2.934180057310916,9.3016920014588,7.311555073466565,7.0756388150119465,7.558114960195343,5.434867576825542,7.092603006507257,3.8175744991702536,7.929373269281282,9.374931929660685,9.34215761650909,9.784975883686796,3.3220385163521278,7.427825931612721,15.818032640223809,4.482788821947907,5.008439728925211,5.131954149434569,6.217059409659312,7.296319548160564,8.940438972408483,7.442816863253747,13.395795249232735,7.13510330295193,7.9210661455365186,6.626647946152851,11.570836269602488,8.510916747470928,13.850579864909513,12.988792616121549,8.628738952829291,14.17056495329881,9.53722032961113,11.478671273420325,14.8303244228722,8.67421686195533,9.525812682029276,10.143314515441192,6.1775375206717715,13.824582624700202,11.831052447179188,15.78686170707507,9.431668509505164
3,9.653832720217947,8.332855093549965,11.313853703785147,-0.0,9.549880754297792,10.371556137925914,7.517524440968791,7.984565148501976,11.339107075994313,15.619635704102878,12.49847181835986,3.858749182712964,8.892186050111492,9.680307215267106,10.062634374605302,9.150846814587917,8.101558065612606,9.91392744953904,10.152774342317766,9.828121246398764,13.380843635091798,11.65335710551133,10.08175867704413,7.579034386109566,10.420253845708444,12.41240816690304,9.260390397772799,10.127237872571607,9.447100539435969,9.09263605525613,12.705330428290024,9.733206784429868,10.986381933058892,11.331379008437086,6.969003445792077,5.142713825629438,6.870951113105816,11.877876003588652,8.855600560693148,22.723855964804283,12.042181766904056,10.986857794399574,7.997572811841482,11.943225805352398,12.539417991988163,13.322786521694809,11.73387640397757,13.208845623512614,12.004400436330451,5.747015028104527,15.113408302947564,14.916897143907171,16.38849727618405
4,5.782536230544563,5.53676554554977,6.900245446999858,9.549880754297792,-0.0,5.989421996344934,5.485038427566294,4.451882332729303,4.617026695561099,1.895051165827183,6.247881034317174,7.29981246143882,5.434733196381895,1.7526521286755763,1.1653824280477714,7.316081602992014,2.729394895231188,4.949141450989368,4.283911589248543,3.7452609247045676,3.4329334503966673,5.615661078791864,4.72116146312607,2.5285973475913845,6.639455739813132,5.8586676600810215,4.274089609752432,6.395527829355659,4.881056548904784,1.8492778580318898,2.7161810857197524,5.562056255481118,5.004109996840357,2.1335494606069614,7.358136244813486,6.355720916679618,6.621326659574484,2.521221042300731,4.800326362846029,12.120667360398597,3.9517870119136385,7.8527133322608735,5.115668329375176,4.6102295211965725,6.152960181798477,2.0605244120207744,2.95324960760155,4.25470334059696,4.2046847016239415,7.223030467233,4.981481493521487,6.092372356634199,3.3064812605810716
5,4.220629220057821,5.262098300626375,6.196287740655723,10.371556137925914,5.989421996344934,-0.0,8.06420096187234,5.956840174399698,5.85657169385079,7.092541579851323,5.048192797211374,7.901269164757966,4.7134581057351665,5.508615276126905,6.665939694401733,7.082529881473543,5.667746034645468,3.756663228623072,9.183463601414454,7.757877172806379,7.560228265368386,7.420738947617655,3.6419729821613007,5.594546245381013,12.62344103182957,3.4465709294950635,6.6679178179230245,4.071884051603949,4.842974356904278,6.709255778682326,7.674138896749056,10.003966921409642,10.199787912198026,6.68413804314609,7.0040470574637705,6.7185873501293445,11.152912152203148,7.065103312380551,10.240082597417125,39.927745044122375,7.981158538311414,8.942025078897425,8.638253946117384,10.89558381294831,11.371255186041578,7.5622452803590114,7.892637255129927,7.680120833145776,6.716876341132873,11.471674001691472,10.122588164757122,13.040985780082254,8.872655783444925
6,5.462944772648587,6.862587271578422,10.076661218343641,7.517524440968791,5.485038427566294,8.06420096187234,-0.0,5.206769327802159,10.44437170994958,7.134988622602429,10.53046741526538,4.63303759147637,7.535851622548521,7.98035304779186,6.8482872853466885,8.87159307363195,6.547029542172507,7.692850761268616,11.14365487892599,6.556121687058877,8.84432313388022,4.714112634076575,7.365642800522315,6.355335400953499,7.16742530309048,9.843799636758812,6.357686231353356,8.720841579845604,4.33511799064369,6.625390732333182,7.132273006989215,4.572422696785231,7.889933510522293,6.879945649974088,7.338383954763872,5.348673100733378,6.830060872778591,8.869357434714791,6.134254102707072,14.10722524787946,8.661705021700461,7.37730543456225,6.020322056761518,7.615136618519696,7.009736660954039,7.32092715958614,9.590437032629803,10.163013061602895,7.86379730862879,6.767400969723785,13.59378712731033,9.366240410315193,8.556281637005846
7,3.7080874316887,3.2169238519110355,6.243932530346816,7.984565148501976,4.451882332729303,5.956840174399698,5.206769327802159,-0.0,7.222925936403301,5.667649893861885,6.10199345606862,6.306051060320011,4.692495776497887,4.644427688453946,5.068446741710934,7.445640006655814,4.267183700039142,3.561324506017877,6.276698952667198,5.875891613712512,7.130993843570659,5.881247929085203,3.5877104577461996,4.131548179670317,8.811553774159313,6.278867087958012,4.258591716457803,6.21185177597563,2.0823370494137143,4.994725763767227,6.235079494647185,4.071348813341954,10.68460539995769,5.156412728712704,6.623830083196415,5.943228971238092,8.200280240045496,6.36141101764311,7.775536226199093,13.816808691205775,7.312710568945385,7.288938316293941,5.96017725573328,6.877321448364974,8.365901098612698,6.023861030841009,6.527758208491933,6.4780626610843814,7.643119331394516,8.862244702955493,8.241008429071098,13.437833260913473,7.247392559439274
8,8.298273726038909,6.063243917801829,9.409258341070016,11.339107075994313,4.617026695561099,5.85657169385079,10.44437170994958,7.222925936403301,-0.0,5.545114096317843,8.233929626114234,9.5428033544951,8.601283422593053,3.9830195636267405,4.010598199148272,10.700094943981911,4.7361789183972345,6.188715526397697,4.98886355201482,6.013156815780987,4.837624853248271,8.701364487724382,6.492768184862595,3.643388027921941,12.116344968774795,7.917961158839816,7.467743952232218,8.143955390939968,7.242446360246345,5.28004174493155,5.652360365495997,13.385030882744646,7.245764454495543,5.8003902558909886,10.058183323021575,8.142844258050115,8.52557957941304,3.265248189721975,9.617144908340789,41.068924527365716,5.4961938163096145,8.388445105440312,6.306269072129866,4.423524029868473,10.264551141354113,4.87490173094064,4.782658639545935,3.851941810684374,6.6135854423419245,9.723016515505371,6.532676415671068,6.975729103019496,6.080046270333784
9,6.353841799986691,6.641236561407933,8.039564946693142,15.619635704102878,1.895051165827183,7.092541579851323,7.134988622602429,5.667649893861885,5.545114096317843,-0.0,7.391938467566866,9.311920814347014,7.1906165065475935,2.3841511291213933,1.5916162301675978,8.551617435340773,4.043919565163458,6.470991236749987,4.879006580141069,4.416484869851819,2.5929933709416977,7.195507555423373,5.725901002766479,4.00271819388743,7.77763937799341,6.658174170793774,5.896402700627347,7.089067351300133,5.59750059877664,2.9094021091995237,2.1088609260688806,6.197008006431784,5.29941938481013,2.2109470593253158,8.800753147112339,7.778481807825197,8.118482495395883,2.098736697163315,7.82710790693613,10.194750344108932,3.815513530118074,8.801277902003118,6.788139729229785,4.79648129693182,6.847245506544275,1.2389767635682396,2.3247981442918118,4.409884478803022,4.705683834812979,8.889703458515351,3.4952268484872366,4.928563774911765,2.015773477362005
10,5.447409910545966,6.011239427777092,2.934180057310916,12.49847181835986,6.247881034317174,5.048192797211374,10.53046741526538,6.10199345606862,8.233929626114234,7.391938467566866,-0.0,9.971261580652568,7.39325377184978,6.45026341320839,6.723481366680018,6.604747754370881,7.125637415226195,3.4073791681208814,9.212861573194955,9.181426845165351,8.24043256979157,9.187243810111395,2.7165296159435286,7.280541356645209,15.19254146261597,3.672928668124004,5.172149598607391,5.795714487268148,5.984762241136639,6.966802215585252,7.69124072021339,8.520916580353529,14.020201376836226,5.840618741062273,7.756932508318586,7.94968223194906,11.888267484307674,7.417356369851191,13.209414712174645,14.627698168244882,8.097199765794105,8.44942778721412,9.813904143149792,9.375124176324999,14.377483417945802,7.796635282537909,8.651827975728684,9.104728583345183,6.142536279820366,14.039484708758334,10.71850494085685,17.32861431260965,8.523732030504975
11,7.510419593399056,5.681961617297554,9.3016920014588,3.858749182712964,7.29981246143882,7.901269164757966,4.63303759147637,6.306051060320011,9.5428033544951,9.311920814347014,9.971261580652568,-0.0,7.426030533110628,8.052206605031772,8.086087037358606,7.034236017847479,7.183975926870249,8.198713900874266,9.111776632396749,8.073493411330361,10.585700818283268,8.181268777635236,7.645100946604172,6.6460391610026806,8.725818589346817,9.071317848173967,6.3957797205103155,7.696924088467219,6.311990634698803,7.202024933074601,9.914327516930493,7.453083948217189,10.233276873604037,8.561553256193635,6.183039121860294,3.1521085730704277,6.23241291489919,9.276705151361543,8.241056528248665,21.81940198645576,9.49737277604396,8.921670278112957,4.654520763702529,10.019431714965837,8.63576931546877,9.010606946992972,10.505735253249107,9.430840351436972,9.113689621701248,5.105963732177803,13.534357885476167,11.058638621742917,10.63566687247385
12,3.9089822037562736,6.477375161131361,7.311555073466565,8.892186050111492,5.434733196381895,4.7134581057351665,7.535851622548521,4.692495776497887,8.601283422593053,7.1906165065475935,7.39325377184978,7.426030533110628,-0.0,5.813001100691134,6.4713187056577555,6.3621772676303525,6.161387740896957,5.43680202007776,8.63307068715113,8.544851996807708,7.544137083833659,7.354521113045256,4.996239774481037,6.136028589872648,8.435699719209968,5.684997791281226,6.58747763510394,5.2704880639024685,4.566242485995191,5.79059541057736,8.087810746955642,5.193584851149742,11.478018531716696,5.233749701767764,6.395240924619086,6.7909028286754225,11.510324166827996,7.230892441100884,6.970625429489564,14.543941815045873,8.254637786265791,8.941710479149496,8.327002120923824,10.80945716571595,8.6171035078729,7.3784859761301975,8.107310634402626,8.411157335461583,7.2531114306276345,10.180375674979615,14.320229636567934,11.73082254370735,7.912756461423545
13,6.006635311997477,5.491150163415208,7.0756388150119465,9.680307215267106,1.7526521286755763,5.508615276126905,7.98035304779186,4.644427688453946,3.9830195636267405,2.3841511291213933,6.45026341320839,8.052206605031772,5.813001100691134,-0.0,1.4799589544806135,7.134797748668682,1.928837883866735,4.387827479609424,4.541591477297663,5.3596647415174115,3.3223241058425668,8.133103934628851,4.343818275739574,2.1176522738198615,9.81058455045731,6.189683122413368,5.0747068446782215,5.812326952917494,5.23860071913785,1.3941425480347214,3.2029153146530835,7.2545808212812,5.20397590207875,1.845833147174597,7.2542803804953815,6.604446918697566,6.771290296943569,2.3562826413414566,6.906189288998307,13.340032110588071,3.746013776918114,7.019270485512849,5.564853777197885,4.723759630211465,7.996479961287005,2.499037748354192,2.6212115023919504,4.317012025326873,4.72815133545535,8.666347268209897,4.637362535053061,5.903481188511619,3.2291390799705635
14,6.421163426081815,6.007020927741797,7.558114960195343,10.062634374605302,1.1653824280477714,6.665939694401733,6.8482872853466885,5.068446741710934,4.010598199148272,1.5916162301675978,6.723481366680018,8.086087037358606,6.4713187056577555,1.4799589544806135,-0.0,8.636673907182812,3.0312512846566246,5.504356856152911,3.836107988725957,4.273509420916237,2.7883768850896042,6.601919873965146,5.363392708050667,2.8090991567152166,7.339822555805471,7.172706007893995,4.924662155805218,7.82210535179643,5.542074516032044,1.6834484106916856,2.194346310562672,7.043599546780665,5.1026781005448925,1.8040871428831362,8.380107081400565,6.964618753168234,6.863262769091923,1.5296599428857571,5.210640008934716,13.407569451856668,3.302231610281084,7.478398436614062,5.470975653968893,3.846938358823445,6.420507246419205,1.1240192043508992,1.975459223197214,3.797098511458651,4.442229379224743,7.829979697166593,3.7632082280227475,5.057359648307923,2.52374444758755
15,6.382653123887688,5.660373468118934,5.434867576825542,9.150846814587917,7.316081602992014,7.082529881473543,8.87159307363195,7.445640006655814,10.700094943981911,8.551617435340773,6.604747754370881,7.034236017847479,6.3621772676303525,7.134797748668682,8.636673907182812,-0.0,6.434803180232641,5.617094440859401,10.033643165632222,10.430200180919691,9.709389967861439,11.291261852528255,4.940956074789362,7.003531952418563,15.664092900043439,4.752545265577565,4.810002353175381,3.05615544819007,6.64210298222277,7.211589860325663,9.448687267006157,7.5119719599372115,13.079844259287597,7.897119565260603,6.674517996467594,5.368273601997793,11.806830820321725,9.656319552433542,13.258042559575353,12.462177191259022,9.652082275708535,11.072329921797275,8.362739511802623,14.960014659077325,14.702613018918724,8.944488383430583,9.374895441683002,10.991934677176692,8.187361434116816,12.434419932548982,11.935923939492362,15.87990721275857,10.532924447048307
16,6.1211892381942,4.565180952435956,7.092603006507257,8.101558065612606,2.729394895231188,5.667746034645468,6.547029542172507,4.267183700039142,4.7361789183972345,4.043919565163458,7.125637415226195,7.183975926870249,6.161387740896957,1.928837883866735,3.0312512846566246,6.434803180232641,-0.0,4.456195925900474,4.875511753827393,4.9685179073113135,4.652483657152164,7.28834527726147,4.814147166546081,1.4916296082363147,9.010570248176863,6.380750329441095,4.946176238667023,5.750689073012538,4.925573590486763,1.9367814135444354,4.495332886369587,6.3908959835528405,6.297971979865406,3.1377215708975545,7.025221162340964,5.631608908885743,5.385491328765319,3.799522561546612,6.5019600245991445,13.683215988535215,4.407313114641559,6.922420868505369,5.085836669706818,5.455441979383229,7.824730208981558,4.084149250628475,4.009125872662286,5.27487290763032,5.935305679140413,7.089445359658876,6.002778919310205,7.752336374674269,4.94126446601342
17,4.052177205746585,3.660271108799467,3.8175744991702536,9.91392744953904,4.949141450989368,3.756663228623072,7.692850761268616,3.561324506017877,6.188715526397697,6.470991236749987,3.4073791681208814,8.198713900874266,5.43680202007776,4.387827479609424,5.504356856152911,5.617094440859401,4.456195925900474,-0.0,6.389815076172142,7.13132466248724,6.995513509990203,7.59925288011414,1.482677442597474,4.752982944565121,13.31232239284642,3.118479483285829,3.3730467144475114,3.4742312350583946,3.893272186685192,5.463487125056948,6.76706560502261,5.756696804924682,11.585267365404407,4.895302246505095,6.472418890043246,6.5830770938744925,9.476311530015138,6.379842728995115,11.494606040997278,14.919475152012899,7.603200165127487,7.836082197954797,7.796775266176581,8.143969288404703,12.713338781329789,6.954112470130947,7.13068622067273,7.8369561741757545,6.710667129053683,11.738162696996099,9.4375687016526,14.936077556216235,7.613707524013846
18,9.775149700670895,5.538701094103021,7.929373269281282,10.152774342317766,4.283911589248543,9.183463601414454,11.14365487892599,6.276698952667198,4.98886355201482,4.879006580141069,9.212861573194955,9.111776632396749,8.63307068715113,4.541591477297663,3.836107988725957,10.033643165632222,4.875511753827393,6.389815076172142,-0.0,7.932951199653868,6.796599408205696,10.386620623981186,6.3336554204850675,3.357022092340637,9.53353860739421,10.240519317642814,6.068913872432096,9.745778776158241,8.048101230945061,3.6529451428918294,8.324802311226444,9.490998362389913,13.498761157781049,6.757879108366417,10.182697899765623,6.190322886472801,7.991623208247622,4.950504545056798,8.617826437117243,15.150979848737876,6.14160306322969,8.482632140886981,5.586063540421377,7.9246435615545385,8.424492575752994,4.55129416482623,5.193812322176566,5.245705265533448,6.26238680769936,8.435424435144455,5.827723502541982,8.012847718808635,5.436185467280474
19,7.459248989379195,7.804124531737241,9.374931929660685,9.828121246398764,3.7452609247045676,7.757877172806379,6.556121687058877,5.875891613712512,6.013156815780987,4.416484869851819,9.181426845165351,8.073493411330361,8.544851996807708,5.3596647415174115,4.273509420916237,10.430200180919691,4.9685179073113135,7.13132466248724,7.932951199653868,-0.0,6.015193455708048,8.00312372916055,6.876337031940291,4.330910619927616,6.443423595175388,8.785515025036549,7.812985457177678,8.760728336763167,5.506623791283762,5.027908230650582,4.681202499345798,6.290160564199434,3.757276829041599,6.446169644417583,7.82438548214509,7.312287504916137,6.192380534656569,5.377551411866015,5.617516934942305,28.95998919669275,6.131697433981779,7.96635107798979,6.7864674473042985,4.176368344595294,4.883145081776135,4.455631264837507,5.263654415225829,3.839073482224345,6.251732029532918,6.340576429727498,6.136336038464778,6.773210424839451,6.080128523552691
20,7.712672137769107,8.082035474101293,9.34215761650909,13.380843635091798,3.4329334503966673,7.560228265368386,8.84432313388022,7.130993843570659,4.837624853248271,2.5929933709416977,8.24043256979157,10.585700818283268,7.544137083833659,3.3223241058425668,2.7883768850896042,9.709389967861439,4.652483657152164,6.995513509990203,6.796599408205696,6.015193455708048,-0.0,8.63606938881774,6.839128357134797,4.84608815973761,9.062811507846467,7.274919294870923,6.95599075848271,8.079788597927442,7.642899748241446,3.852783777048946,2.1935995633380165,9.012220626084787,6.255603683732282,2.6319479555291476,10.640201305412386,9.637811831954831,8.50488243776722,1.7191146997582856,7.006940496666847,14.16000310572259,4.088335140527211,9.102251346278829,7.549845379449602,4.074326137669348,8.2646776890623,1.9165785257439425,1.5305159743516534,5.073042566303005,6.015757930848509,9.627338754666457,2.874686901613106,3.82533119088264,1.0642539625200431
21,5.033226577132296,7.504741920042225,9.784975883686796,11.65335710551133,5.615661078791864,7.420738947617655,4.714112634076575,5.881247929085203,8.701364487724382,7.195507555423373,9.187243810111395,8.181268777635236,7.354521113045256,8.133103934628851,6.601919873965146,11.291261852528255,7.28834527726147,7.59925288011414,10.386620623981186,8.00312372916055,8.63606938881774,-0.0,7.102179162622614,7.212011858913827,8.822730425018204,10.568881403675931,6.77621312182033,10.882200279164083,5.430156914038147,6.859719007900292,7.062859729268237,7.56900166937945,8.988960929982307,6.7075005137755435,10.01429540594785,7.559250325490786,10.593080788582423,8.43070377140998,8.049218674023015,20.30693519553066,8.606136575951453,8.001709069027509,7.838894182504215,7.491307213778158,8.95093676292942,6.92996994128255,9.290214583522319,11.014764524800128,7.051242292022741,9.741570674004924,15.221484826767515,9.463182427216408,8.036526316525304
22,3.472581928651766,3.865656054278877,3.3220385163521278,10.08175867704413,4.72116146312607,3.6419729821613007,7.365642800522315,3.5877104577461996,6.492768184862595,5.725901002766479,2.7165296159435286,7.645100946604172,4.996239774481037,4.343818275739574,5.363392708050667,4.940956074789362,4.814147166546081,1.482677442597474,6.3336554204850675,6.876337031940291,6.839128357134797,7.102179162622614,-0.0,4.9596223188336905,12.556045066834935,2.4664177093012425,3.58517684500079,3.4453616185694713,3.5465909480617293,5.381569207917712,6.5313367566690665,4.912752009901326,10.507213065174565,4.624862539131179,5.893975391816698,5.8441341924040815,9.442608465747806,6.265371509071333,10.927877525674312,13.380982163252353,7.36577407051036,7.705093328927072,7.831843778764597,8.297454294731505,11.949159288432774,6.640373873275552,7.103385436949091,7.562022099016321,5.554439927360706,11.281601118249903,9.341252931554543,13.501346407327839,6.990917934789431
23,6.080240185286161,4.593827607943138,7.427825931612721,7.579034386109566,2.5285973475913845,5.594546245381013,6.355335400953499,4.131548179670317,3.643388027921941,4.00271819388743,7.280541356645209,6.6460391610026806,6.136028589872648,2.1176522738198615,2.8090991567152166,7.003531952418563,1.4916296082363147,4.752982944565121,3.357022092340637,4.330910619927616,4.84608815973761,7.212011858913827,4.9596223188336905,-0.0,8.190894684679126,6.962506346656472,5.123456074132876,6.2542080144344,4.8684375039657,2.059982544214514,4.271405877794341,6.868196466619425,6.006448645445676,3.6936901038140735,7.19585488757325,5.340961528688054,5.193111727556508,3.718613889796228,5.778737586693713,20.163785970716862,5.039317699044392,6.8193657611237875,4.354504565594889,5.041448308235466,6.911913590955252,3.8126471148848458,3.8025242630558886,4.50461146053998,6.08780148079121,5.982300012288143,5.675539563525396,7.908947197754571,5.005761808407435
24,9.264319068145964,13.07199546110831,15.818032640223809,10.420253845708444,6.639455739813132,12.62344103182957,7.16742530309048,8.811553774159313,12.116344968774795,7.77763937799341,15.19254146261597,8.725818589346817,8.435699719209968,9.81058455045731,7.339822555805471,15.664092900043439,9.010570248176863,13.31232239284642,9.53353860739421,6.443423595175388,9.062811507846467,8.822730425018204,12.556045066834935,8.190894684679126,-0.0,14.447716237856232,11.725570251277903,14.484449454241206,8.558916632308323,7.674069097722052,9.422986834163181,7.270533986735975,7.914082745390935,8.149958291731217,8.109635859413965,8.73550137570565,8.678642030985198,8.85583526713336,3.455036368004893,19.994795360115987,8.549177533012008,8.72535240208703,8.898208555665457,8.16053426395269,2.1173196879222647,8.143429559129006,8.800137863780437,7.421439349803343,9.984515162274706,6.541573969862305,13.673474578441503,9.746089865777213,8.971375868094098
25,5.04538294412157,5.898522138428475,4.482788821947907,12.41240816690304,5.8586676600810215,3.4465709294950635,9.843799636758812,6.278867087958012,7.917961158839816,6.658174170793774,3.672928668124004,9.071317848173967,5.684997791281226,6.189683122413368,7.172706007893995,4.752545265577565,6.380750329441095,3.118479483285829,10.240519317642814,8.785515025036549,7.274919294870923,10.568881403675931,2.4664177093012425,6.962506346656472,14.447716237856232,-0.0,4.52661577562355,3.0784209988797313,5.692831286126679,6.515932363833334,7.353589816325182,8.092753002475305,13.435260078341102,5.656513117004365,7.856219022459849,7.665968566391776,12.868051104246703,7.783043801917672,12.489422931564214,18.26892071600624,7.836909550241544,10.526375389586622,8.544941215649642,13.295209595779431,13.41690323368082,6.935975520099975,7.7872505214676355,8.16800616185505,6.609495376769306,12.845760118710459,10.028200892010434,15.979202839023154,8.65016819971785
26,5.617717362961221,2.3017770338937873,5.008439728925211,9.260390397772799,4.274089609752432,6.6679178179230245,6.357686231353356,4.258591716457803,7.467743952232218,5.896402700627347,5.172149598607391,6.3957797205103155,6.58747763510394,5.0747068446782215,4.924662155805218,4.810002353175381,4.946176238667023,3.3730467144475114,6.068913872432096,7.812985457177678,6.95599075848271,6.77621312182033,3.58517684500079,5.123456074132876,11.725570251277903,4.52661577562355,-0.0,4.717658860347501,5.622287595192896,4.363487306932428,6.48158692808799,7.151996386300544,10.136405532080094,4.833904338487985,7.768653476151562,4.898085408108706,8.037490520099746,6.231186047483489,9.682274527295146,12.80383173621839,6.13208403136399,6.844991081704564,3.8637623708099604,7.713997564994721,11.099645880061944,5.368616734644844,7.607987816866078,7.9903513628526905,4.896808987487926,9.394655981344657,10.21978714440926,10.444140260738406,7.070092890050357
27,5.181493663656075,5.672196804783552,5.131954149434569,10.127237872571607,6.395527829355659,4.071884051603949,8.720841579845604,6.21185177597563,8.143955390939968,7.089067351300133,5.795714487268148,7.696924088467219,5.2704880639024685,5.812326952917494,7.82210535179643,3.05615544819007,5.750689073012538,3.4742312350583946,9.745778776158241,8.760728336763167,8.079788597927442,10.882200279164083,3.4453616185694713,6.2542080144344,14.484449454241206,3.0784209988797313,4.717658860347501,-0.0,5.322995848092903,6.682107497137406,8.447190342303804,6.511378646253287,11.529383239520774,6.60608297626383,7.285954939288954,6.445305129135338,11.744208441032422,8.568817588071507,12.665900832773902,16.61937423351154,9.1135829991188,12.75609855724691,8.484426600165964,14.067750132741878,13.637731711883356,8.127134352513384,8.387251740624077,8.820431023915726,7.549383433118148,11.985851814711737,10.603500968614233,14.083811437727551,9.09490156012131
28,3.165405168221131,4.061792682149513,6.217059409659312,9.447100539435969,4.881056548904784,4.842974356904278,4.33511799064369,2.0823370494137143,7.242446360246345,5.59750059877664,5.984762241136639,6.311990634698803,4.566242485995191,5.23860071913785,5.542074516032044,6.64210298222277,4.925573590486763,3.893272186685192,8.048101230945061,5.506623791283762,7.642899748241446,5.430156914038147,3.5465909480617293,4.8684375039657,8.558916632308323,5.692831286126679,5.622287595192896,5.322995848092903,-0.0,5.3971373445464375,6.544305304365253,2.6770467053757554,8.4807626248748,6.06209529367621,5.334959771661048,5.571251766140558,8.833951764282698,6.808958970421602,7.563304484511882,25.64772172259458,7.527902785392551,6.8749838626389295,6.985944653042901,7.571336295349639,7.22432542003153,6.205521694065262,7.07788706576202,6.4331001649623065,6.423017550238648,8.584073873028471,10.263925957658364,10.52255504841373,7.3262855407376435
29,6.348024713152795,5.411894010317105,7.296319548160564,9.09263605525613,1.8492778580318898,6.709255778682326,6.625390732333182,4.994725763767227,5.28004174493155,2.9094021091995237,6.966802215585252,7.202024933074601,5.79059541057736,1.3941425480347214,1.6834484106916856,7.211589860325663,1.9367814135444354,5.463487125056948,3.6529451428918294,5.027908230650582,3.852783777048946,6.859719007900292,5.381569207917712,2.059982544214514,7.674069097722052,6.515932363833334,4.363487306932428,6.682107497137406,5.3971373445464375,-0.0,3.328609457092657,6.5822901203385,5.403898694173716,2.3392805614349723,7.570012011071523,5.879407541054747,6.28441027972431,2.6398736560211375,5.108831678070095,11.18203878291019,3.321714205497454,6.360910064313306,4.837244560597735,5.237790104718015,6.687283190356362,2.411745471721366,2.8516164839592366,4.756372754075081,4.386788679117977,7.4463305335746774,5.070846894345315,5.5185784079459985,3.7978713803496396
30,7.141228494492802,7.454936087054748,8.940438972408483,12.705330428290024,2.7161810857197524,7.674138896749056,7.132273006989215,6.235079494647185,5.652360365495997,2.1088609260688806,7.69124072021339,9.914327516930493,8.087810746955642,3.2029153146530835,2.194346310562672,9.448687267006157,4.495332886369587,6.76706560502261,8.324802311226444,4.681202499345798,2.1935995633380165,7.062859729268237,6.5313367566690665,4.271405877794341,9.422986834163181,7.353589816325182,6.48158692808799,8.447190342303804,6.544305304365253,3.328609457092657,-0.0,7.189253841948468,4.961356847646334,2.3453599343149727,10.390594313152391,8.871021683216531,8.025505660602079,2.39703254876974,7.248733309301553,12.856504001731581,4.149705166889309,8.283590519107573,7.282325882742717,3.7089166249133916,8.447062149102587,1.79347468233498,2.136049197184752,6.005971135614555,5.413656447812306,9.121668611757709,3.438802431610992,5.163801458442643,2.3413019223189555
31,3.2014081062654567,6.476231923511947,7.442816863253747,9.733206784429868,5.562056255481118,10.003966921409642,4.572422696785231,4.071348813341954,13.385030882744646,6.197008006431784,8.520916580353529,7.453083948217189,5.193584851149742,7.2545808212812,7.043599546780665,7.5119719599372115,6.3908959835528405,5.756696804924682,9.490998362389913,6.290160564199434,9.012220626084787,7.56900166937945,4.912752009901326,6.868196466619425,7.270533986735975,8.092753002475305,7.151996386300544,6.511378646253287,2.6770467053757554,6.5822901203385,7.189253841948468,-0.0,8.532843310845703,7.438851246191582,5.639987264547323,6.874005765612151,10.340134327759445,9.269949506522044,6.389170845598081,14.472767190404639,9.513683119035282,9.578305887203847,9.678865412985516,11.79108509341065,6.884682890534359,6.984553564263133,8.348157205318335,8.763265696483751,7.257650036880318,9.535173966147871,10.845321166638419,11.29835302670793,8.21981037539983
32,11.179818876584342,10.963332585976882,13.395795249232735,10.986381933058892,5.004109996840357,10.199787912198026,7.889933510522293,10.68460539995769,7.245764454495543,5.29941938481013,14.020201376836226,10.233276873604037,11.478018531716696,5.20397590207875,5.1026781005448925,13.079844259287597,6.297971979865406,11.585267365404407,13.498761157781049,3.757276829041599,6.255603683732282,8.988960929982307,10.507213065174565,6.006448645445676,7.914082745390935,13.435260078341102,10.136405532080094,11.529383239520774,8.4807626248748,5.403898694173716,4.961356847646334,8.532843310845703,-0.0,5.689803182762658,9.746707940879467,8.83949110212581,5.611632746469328,5.15027859877502,6.113134822225147,16.450548368626414,6.4654962219408825,9.30451208776026,9.778506665104512,4.475296498681184,6.155352497812575,5.577324564001215,5.158665800729089,5.602340953069094,7.473518465183358,6.584182495256834,6.608510819197841,5.284848266027682,6.3852495214810485
33,5.382962217306275,6.116517468890624,7.13510330295193,11.331379008437086,2.1335494606069614,6.68413804314609,6.879945649974088,5.156412728712704,5.8003902558909886,2.2109470593253158,5.840618741062273,8.561553256193635,5.233749701767764,1.845833147174597,1.8040871428831362,7.897119565260603,3.1377215708975545,4.895302246505095,6.757879108366417,6.446169644417583,2.6319479555291476,6.7075005137755435,4.624862539131179,3.6936901038140735,8.149958291731217,5.656513117004365,4.833904338487985,6.60608297626383,6.06209529367621,2.3392805614349723,2.3453599343149727,7.438851246191582,5.689803182762658,-0.0,8.384986727994981,7.638329350730519,8.00924606313713,2.1925862489629067,5.5064186615693815,10.585203499784834,2.9466993927794882,7.391083231350733,6.23573948607609,4.912897468317496,8.032911717820635,1.9936353860712326,2.8100960116978024,5.784358154251423,4.432764758420573,9.266607165419915,4.63645983827086,5.6020538293742455,2.798574633367918
34,6.192807682424508,7.60089464295195,7.9210661455365186,6.969003445792077,7.358136244813486,7.0040470574637705,7.338383954763872,6.623830083196415,10.058183323021575,8.800753147112339,7.756932508318586,6.183039121860294,6.395240924619086,7.2542803804953815,8.380107081400565,6.674517996467594,7.025221162340964,6.472418890043246,10.182697899765623,7.82438548214509,10.640201305412386,10.01429540594785,5.893975391816698,7.19585488757325,8.109635859413965,7.856219022459849,7.768653476151562,7.285954939288954,5.334959771661048,7.570012011071523,10.390594313152391,5.639987264547323,9.746707940879467,8.384986727994981,-0.0,3.9196173259786056,9.480816209712392,9.655523784160525,8.32198058535111,19.465591708185794,10.086486548088034,7.996118460688152,10.446425416698817,11.783914228132414,9.23759166014429,9.705127871993742,9.947171950448107,9.479807829978135,7.983483626331042,8.722276410619203,13.216608904914194,14.272554348867262,10.52777238832637
35,6.306642566188473,4.5170547246527155,6.626647946152851,5.142713825629438,6.355720916679618,6.7185873501293445,5.348673100733378,5.943228971238092,8.142844258050115,7.778481807825197,7.94968223194906,3.1521085730704277,6.7909028286754225,6.604446918697566,6.964618753168234,5.368273601997793,5.631608908885743,6.5830770938744925,6.190322886472801,7.312287504916137,9.637811831954831,7.559250325490786,5.8441341924040815,5.340961528688054,8.73550137570565,7.665968566391776,4.898085408108706,6.445305129135338,5.571251766140558,5.879407541054747,8.871021683216531,6.874005765612151,8.83949110212581,7.638329350730519,3.9196173259786056,-0.0,7.178865655565423,8.408782296194978,8.150750119089295,17.24352157960979,7.825373400198045,7.53866637087544,5.702362121543614,9.814443569815513,8.674829285585894,8.061647463450793,8.69924512737322,8.209152722620878,6.940061516973315,6.172030159682584,10.777164994092988,10.878548362735394,9.28287990481515
36,10.274973427390757,8.190615678690063,11.570836269602488,6.870951113105816,6.621326659574484,11.152912152203148,6.830060872778591,8.200280240045496,8.52557957941304,8.118482495395883,11.888267484307674,6.23241291489919,11.510324166827996,6.771290296943569,6.863262769091923,11.806830820321725,5.385491328765319,9.476311530015138,7.991623208247622,6.192380534656569,8.50488243776722,10.593080788582423,9.442608465747806,5.193111727556508,8.678642030985198,12.868051104246703,8.037490520099746,11.744208441032422,8.833951764282698,6.28441027972431,8.025505660602079,10.340134327759445,5.611632746469328,8.00924606313713,9.480816209712392,7.178865655565423,-0.0,7.750577278137261,7.044046623818397,16.199870359537513,8.242365083976653,8.577402407523909,5.492469541186806,7.376236334802968,7.803515991870732,7.796362039764988,7.581710772493202,7.668853812430914,10.419761025226837,3.5020170914736517,8.546276813214323,7.834894737223291,8.620774638607378
37,7.714413450872342,7.186961392457993,8.510916747470928,11.877876003588652,2.521221042300731,7.065103312380551,8.869357434714791,6.36141101764311,3.265248189721975,2.098736697163315,7.417356369851191,9.276705151361543,7.230892441100884,2.3562826413414566,1.5296599428857571,9.656319552433542,3.799522561546612,6.379842728995115,4.950504545056798,5.377551411866015,1.7191146997582856,8.43070377140998,6.265371509071333,3.718613889796228,8.85583526713336,7.783043801917672,6.231186047483489,8.568817588071507,6.808958970421602,2.6398736560211375,2.39703254876974,9.269949506522044,5.15027859877502,2.1925862489629067,9.655523784160525,8.408782296194978,7.750577278137261,-0.0,6.297758368980874,21.33883049403914,3.2515112911622808,8.08928815076943,6.454889052880803,3.6092147949794735,6.996881575977459,1.2178652194683282,1.1940714237101615,3.0414674249683005,5.426550415587983,8.868867334167346,2.9375558769137906,3.9549306176937895,1.942878695312499
38,8.263062034135737,11.465315502394594,13.850579864909513,8.855600560693148,4.800326362846029,10.240082597417125,6.134254102707072,7.775536226199093,9.617144908340789,7.82710790693613,13.209414712174645,8.241056528248665,6.970625429489564,6.906189288998307,5.210640008934716,13.258042559575353,6.5019600245991445,11.494606040997278,8.617826437117243,5.617516934942305,7.006940496666847,8.049218674023015,10.927877525674312,5.778737586693713,3.455036368004893,12.489422931564214,9.682274527295146,12.665900832773902,7.563304484511882,5.108831678070095,7.248733309301553,6.389170845598081,6.113134822225147,5.5064186615693815,8.32198058535111,8.150750119089295,7.044046623818397,6.297758368980874,-0.0,14.806528957292237,6.748546718244856,7.569373382992312,7.349194601418412,6.971782867878506,4.020632636247019,6.647905803174777,6.862279702701216,6.725747292463608,8.464628304439424,6.31707096716524,10.511428747906779,7.083045171943856,8.342400473653745
39,15.233313171477853,16.906164127711076,12.988792616121549,22.723855964804283,12.120667360398597,39.927745044122375,14.10722524787946,13.816808691205775,41.068924527365716,10.194750344108932,14.627698168244882,21.81940198645576,14.543941815045873,13.340032110588071,13.407569451856668,12.462177191259022,13.683215988535215,14.919475152012899,15.150979848737876,28.95998919669275,14.16000310572259,20.30693519553066,13.380982163252353,20.163785970716862,19.994795360115987,18.26892071600624,12.80383173621839,16.61937423351154,25.64772172259458,11.18203878291019,12.856504001731581,14.472767190404639,16.450548368626414,10.585203499784834,19.465591708185794,17.24352157960979,16.199870359537513,21.33883049403914,14.806528957292237,-0.0,16.598223919000638,22.383252174491126,21.640590287428594,24.925378204935253,29.340315677997303,12.694848131983527,11.942361252868862,31.647782102006172,13.990305966051434,27.271722106707156,10.929541705894255,16.03547749671241,9.859267244913802
40,7.948660096895301,7.578933153134302,8.628738952829291,12.042181766904056,3.9517870119136385,7.981158538311414,8.661705021700461,7.312710568945385,5.4961938163096145,3.815513530118074,8.097199765794105,9.49737277604396,8.254637786265791,3.746013776918114,3.302231610281084,9.652082275708535,4.407313114641559,7.603200165127487,6.14160306322969,6.131697433981779,4.088335140527211,8.606136575951453,7.36577407051036,5.039317699044392,8.549177533012008,7.836909550241544,6.13208403136399,9.1135829991188,7.527902785392551,3.321714205497454,4.149705166889309,9.513683119035282,6.4654962219408825,2.9466993927794882,10.086486548088034,7.825373400198045,8.242365083976653,3.2515112911622808,6.748546718244856,16.598223919000638,-0.0,7.955256580471814,7.078488872109012,5.102343525025846,8.291409110182169,3.4146270939259833,3.725677926595331,5.010794170847309,4.631235744270343,9.25482094425692,4.237062319622173,5.783471856021283,4.318399316742327
