,0,1,2,3,4,5,6,7,8,9,10,11,12,13,14,15,16,17,18,19,20,21,22,23,24,25,26,27,28,29,30,31,32,33,34,35,36,37,38,39,40,41,42,43,44,45,46,47,48,49,50,51,52,53,54,55,56,57,58,59,60,61,62,63,64,65,66,67,68,69,70,71,72,73,74,75,76,77,78,79,80,81,82,83,84,85,86,87,88,89,90,91,92,93,94,95,96,97,98,99,100,101,102,103,104,105,106,107,108,109,110,111,112,113,114
0,-0.0,2.15979731490436,6.292554123888177,7.76340867598159,22.44249989783032,7.1031302158264005,2.790006081543797,9.985718693352517,5.954714730796126,5.718208208836253,4.919168072825404,5.55169662649035,9.388134531484944,4.781847017383908,6.1793183374400975,19.125592078128307,15.321271497880124,18.460677964334774,8.058756315987155,18.389893857243244,14.26711131866478,16.729303545402974,10.340136433963618,8.12065079762395,13.729729329009484,15.43435296401304,17.245383734010172,16.651406843551314,12.043073193927116,15.890770260523214,15.605038907274666,19.676439069488225,12.58592199382517,11.520448860222398,12.977100506591288,13.819668135234654,12.776975961101193,7.861760916486488,15.917505643957504,11.31290970742235,12.506961977454042,16.974702353777797,14.613808331958209,16.170932487079725,11.389079144655659,14.409224758370092,12.52670403528845,13.96014959371069,10.424952846980933,11.480486108413709,12.765401232819615,13.804850944176467,11.814177787474652,14.321665857382905,13.675975471592514,10.638516279717994,12.92558209915422,14.299333932343721,13.44919448554452,14.768684948743381,15.8642089658272,18.85872637008917,20.730580628521185,17.952808901586263,21.631744399661514,14.161146060462034,18.777503902258935,18.797446033792816,17.12153590496229,19.775900744222596,12.630810353623447,18.105946254405684,21.61201440970724,17.9760042394149,16.523970931588117,8.908011712999453,16.485208962434623,17.272486794725186,20.36381977607072,18.371713682508595,16.36978563511448,19.366965936805887,18.026981454206094,16.811562192531536,14.463549911736674,12.136150919740926,15.161735243087282,11.697077636239841,16.891755873976674,15.210416467604299,10.730016587473273,15.104601363006392,12.896767482237141,17.57362203593816,15.627033699988342,11.215536273429311,14.87981225596671,18.28826212500633,14.754031633424589,10.923884554251238,9.241145860241458,14.239047895772474,13.262320379926058,15.383359192295567,15.600067119340174,15.13180037557102,16.8148411011215,17.61077840197957,16.91161979123062,12.294427589566796,14.474962048975394,17.32379673018494,16.409828414985327,17.85472169585936,16.6552820695791
1,2.15979731490436,-0.0,5.569383289480993,5.822637258505911,21.000447919250764,8.489424747773828,3.2012220834670657,9.291127066853083,3.9803654849558927,5.644402502625891,4.670230317913628,6.5667014865451465,10.282842607381985,5.892641122734878,5.651961582260357,16.03506369516691,14.35486766772952,13.328116648866292,11.838615496592292,14.052930479016863,13.378945434714302,12.923485006605684,9.914252953625441,8.8916238439518,11.234833379573207,14.292115445492229,17.11632061299299,14.579204061761706,10.230735149626396,15.206568359867106,12.860837790617312,18.450177528656987,10.64028044509517,12.229101745392795,10.87102988272825,11.88791601827853,11.499685426733844,7.428067251748144,13.087287725891683,12.394112069147804,10.54880658965164,18.616369367901992,13.910205422699423,16.06586589336469,10.7107350751424,11.99171218654164,10.51642347282284,10.72179069237721,10.12637511324783,11.168430019743129,11.769197362690722,12.760821269473475,11.615908893710955,13.643647751544462,14.112154670703449,9.4093563893022,9.929960181067099,12.459919702690142,12.131406954398765,13.536733194303716,12.95863697349108,15.602438132712349,17.176976292032727,15.610730834584622,19.692027422693194,11.532794156912063,15.982716792507935,14.906126674261854,13.147285743288855,17.807137915596105,10.924181370894265,13.899471436914284,18.411357838746778,15.030937502496634,13.313576094637062,8.109828900257801,12.195479987295908,14.360100961997437,18.062482522369976,15.505593442313602,13.5725900007494,15.590515624640078,14.869847354883385,13.918226108439576,11.244231125063138,8.850056620243071,10.833516688116786,11.655778302272058,13.937658190069417,11.891211053069947,9.73364623280405,15.270251674650245,11.612712520531232,13.279843969122538,13.361869962946828,10.866602861877071,12.592286126123696,15.57141390658342,13.183533048861879,8.652156752037047,6.714244031215383,12.630828516135303,12.249014486228022,13.682910943276223,12.677554327798486,12.66853444582689,13.610408183429701,14.118831789820366,13.531781315947464,10.111716144094952,11.950507748494017,16.125095736086326,16.56456392361203,14.596235228253105,14.817369844667853
2,6.292554123888177,5.569383289480993,-0.0,3.6401077937538813,27.658758729036716,12.242629105964095,7.804233683805386,4.4697521872327775,4.174638168927448,5.055072116378699,3.50741499809069,3.9069525737721396,5.0659216797366735,4.545838885682057,3.6025635522358175,8.576889275477516,10.645127369163543,8.87256899259561,11.554662535071154,9.938718141410295,7.023327250908363,8.24430266820061,6.722955113607714,5.484815161516793,11.46929087213019,6.96981238875258,9.0671374608791,8.699838249812682,8.818991025989142,9.49006055366116,7.219052523808853,12.463217544386778,7.992712261578201,10.985343646058487,10.89645183138333,7.5009747006269105,9.945135008819598,4.10150852847601,11.806933600331776,11.79921716686209,7.988517902687347,9.309189362409583,11.042734502380156,10.517992340195605,9.518604398346717,7.926060849238249,14.236019781664332,10.023245698436565,10.766527058486934,15.532371427061374,11.809265115315032,9.758399001431398,9.226181873412866,10.956420725995716,9.725763889578433,6.485498744033969,8.246021655761783,11.097550425331171,6.672229000155914,10.396671988198246,10.968029601305156,13.992838454414045,13.081284109200219,10.885134776636912,15.481163387528577,8.982799001737373,11.977595574232216,15.824100481130483,13.050395100117395,13.510354332576528,8.426369364159982,12.516727434849185,15.322753610429997,11.50713432267207,11.495813909970863,6.748890020886114,9.005306942505019,12.353926615008564,13.862509849790149,12.124035680806895,9.557368260633261,11.850215810155499,13.015547727732319,10.83854645513041,10.871616049617879,7.149934111335612,8.899110531973175,6.695481111939746,11.670666684888351,12.73392098625666,6.197247429146496,11.776730827498369,9.27032631253308,10.967655940874533,10.714501582804195,6.925767064574375,8.776713827539146,9.926999377699834,7.973189772865862,8.313736936380872,6.379712691557082,10.264800815990982,10.032848055665328,9.440000214022392,8.223978452887994,8.326013986370246,9.729355333177516,10.35890276395955,10.483356870910868,8.127866703153622,7.203913181026021,10.874449358148421,10.603039162045262,11.397114785577289,8.235114788399041
3,7.76340867598159,5.822637258505911,3.6401077937538813,-0.0,28.33055795668665,15.463167738181859,7.440400258639855,4.798901308963835,3.508882129497721,4.947103037479624,6.263040594473018,5.11455687375706,5.213407562569888,4.614041974085095,3.127713633553528,8.368103511417045,9.529206694611492,8.259155839767363,11.957795992078909,9.152466248351736,7.642026715755025,6.9449313772970855,7.998745810609544,5.243770592570506,9.835443515321247,7.4879033408132765,8.001345512688532,8.80762739500345,8.524083394034403,9.545394766377001,6.3526931112035205,12.987396563673558,8.452319558158457,10.94387748509768,9.161221762033408,9.052391646554918,9.052238838454086,4.6732550706575955,10.37532671950568,14.32646843288299,8.638620283774367,11.604234218298929,10.757792486102185,11.573921346541603,8.186149643480505,6.254214673075787,15.295818836780036,10.108353466768744,12.815790652710618,15.366416873887738,11.385419675872201,9.660483756408947,10.534890540199635,10.640425579645294,9.867826793657244,8.297070504059143,8.64313979013651,12.555752461849735,7.087357602384815,9.987707269659692,9.925922026835556,15.09718269667557,13.10557231828263,12.659879526192007,13.70725843537413,8.816000670994567,13.897017657226687,13.282639851285007,12.598699063930416,12.468784110587057,8.395152015450396,11.289867386783484,13.389420718767285,11.046635985473145,11.447706180492961,6.08460251641167,7.503317826021012,12.786877070728684,15.335024031501723,14.13040635359142,8.702082490468188,10.198351998713752,13.571779273241278,11.32093652720456,10.427008484696946,5.447881763881161,8.634532503700859,10.41274802797188,13.07518857207602,11.72870992975154,6.490369525337601,12.714624840017358,9.821955627496662,11.988497340775833,10.500675791710309,8.872933784757524,7.836908064276487,10.679166095733368,8.117575588029377,7.807527363139945,6.543037842621679,10.553591628649274,11.565109660016478,9.611881648050478,8.211637208789424,9.863809934246078,9.409629449601436,12.048597396016358,11.843133792735966,7.702366789681067,8.512375505283217,10.555941263434194,11.977819856848734,9.155081027047602,6.8740383676192875
4,22.44249989783032,21.000447919250764,27.658758729036716,28.33055795668665,-0.0,12.824434884577325,24.565924951789484,39.349399714198945,19.778708160139644,28.527294943513677,33.079897339321704,30.82258175232821,40.688707490502324,21.79177287577831,24.11337420298367,37.9356008282187,41.7447301104427,36.35324154354073,16.864242161487766,29.88600433275962,34.663305808744504,37.384062103656476,30.256591950494126,24.04271436027701,38.10917449885399,29.509434609428173,48.17516703587815,41.2644703279632,34.85785498086181,51.47709043425361,23.61117385819461,41.54322850717061,31.5887382967202,28.45630684354094,23.774943869292763,21.270817296357606,39.355610365947,22.644083710519983,21.349653291496125,33.19778939644786,28.15160915374826,38.88742662618477,32.658943120248765,31.55821957650498,40.16021056760996,25.444750719969065,9.559598202592303,18.16893725841225,12.69711564086968,9.38895259843636,22.942009486946873,19.976465197192095,18.839353185477385,27.033346853279983,34.61621212554605,16.9711102924663,23.66497195391119,29.284632901717625,24.593383566363773,22.424793466262404,20.660453310677735,22.230597152638875,23.951835965528947,22.65099007539924,24.683874459862565,20.86516570341801,23.653300546480708,25.68949110279111,23.714621285259675,24.229322318544895,16.639596720625036,21.908287721240054,23.134529320596435,23.894518177729744,27.337878428875086,19.78837525521359,22.081823913083003,23.640222865273177,23.024067362241244,25.720775857786922,18.44863180276856,23.406004381553434,24.828564030720628,23.731696228631602,23.65589446202045,17.916984972304476,22.37703665559432,20.32176024089257,19.809268777341295,24.81075091722425,17.918920481760416,25.699247514024538,16.04041132419891,22.083057321006685,21.23123477122946,20.916901107872306,21.150797002769522,23.09888172798047,24.106904403594363,22.744570096682715,14.14471263724338,18.433430829781738,23.30496856220841,22.362835387823317,25.40363561101739,16.68028414625675,20.29984719036371,23.176770109947924,20.85399719568872,20.084498372033107,16.85080376496643,26.567319851155563,27.15424664650853,27.08419817557018,26.487600885545884
5,7.1031302158264005,8.489424747773828,12.242629105964095,15.463167738181859,12.824434884577325,-0.0,9.138348317323828,20.8190393120372,8.957095748760443,12.634023225071637,14.91626517677879,12.458900495898272,19.775210016774665,6.836808213080661,12.043457715213636,27.43772252786925,23.702247314570695,28.914365947397005,9.0147552446969,25.720286646940423,19.942512196085634,26.8538644517354,17.40081700254433,9.201264030458242,24.618463383774134,18.243166333091654,27.90211433049067,27.06539126042854,20.575945182998748,30.742685548455597,19.357484547501574,28.383032397749986,20.56715585749936,15.970095767919029,19.623184977585108,17.836508439789597,24.682502195817168,9.430072363258802,21.12871853616525,17.93629828557746,19.184371554389507,20.143818375850365,21.328501051940517,19.43677302563181,23.34265004043449,20.498970606414904,14.505007386149236,19.31885539685559,9.467077058798212,13.42178431509665,18.078915613583888,17.590219162169337,13.190886594209845,19.115746536529816,20.00743295716411,13.452874325495975,18.814818634822128,20.685848574140014,16.129400163788056,17.915219694556196,20.171719470746716,23.2084352931382,24.124722063795723,21.339563930476025,23.040898960298495,18.873994779396597,23.20445970512911,25.930487568184837,23.89348345414178,21.7329757508012,16.028187013007713,24.649191622527344,25.72402525388838,23.61361522145108,22.800192472650036,12.297519485875675,22.3597055939062,22.402431297566626,23.803084563132924,23.20691364286001,19.600593402410844,24.207092116608322,23.298948400795634,22.158650181007705,20.84511383052778,16.753796146008458,21.71913858641209,13.098581465692964,20.61071240630536,22.087374160023444,13.25804470691597,15.596584822971526,15.495437887243895,23.653762640027544,19.24282708659877,13.099396151388259,18.38179084851805,22.383281475684583,17.154283917836832,17.037747895587913,12.874571791005545,16.83579841595779,17.194368217687938,19.532757156383223,20.533105370097022,17.803185838522673,20.066639790130836,23.05294873859959,21.82274402239534,17.856893598445403,17.227713606225773,18.96498163615055,16.67467358799813,21.924537286791132,19.043229733760132
6,2.790006081543797,3.2012220834670657,7.804233683805386,7.440400258639855,24.565924951789484,9.138348317323828,-0.0,9.546207458187467,4.695717407579394,5.962615053836779,5.960638661868002,5.618946085588075,9.240922753589945,5.217384654371678,6.759814990359016,20.314382321275634,13.763079831835377,18.10264885959734,9.785027792470611,18.236373399062646,14.770160197199434,15.704662055520336,10.235008894459199,8.665608789058393,11.625194161232137,15.68841782524601,17.05540881592694,16.29204313224502,10.791205297992125,15.659788087744234,16.607960325274618,20.889658083380493,12.46557846201321,11.116079994836957,11.765306252513193,14.826934956725152,12.135726641206656,7.340447556126515,15.680945744726989,13.995146834384844,13.408127845006446,19.269036970849555,14.784070508601488,16.45605777674784,10.443548643078424,14.79664273753043,14.508404474630039,14.904682502419286,12.798973286672432,13.09188962606504,13.073234642564557,15.032156006992793,13.297977356997064,15.139842019695516,14.183401445237152,12.261669700498102,13.901897825321344,14.536857414757158,15.04396915132561,15.205141979245846,15.666453368322749,20.325904525302303,22.07950132934555,19.61117624808783,22.266266098740783,14.899037815617895,20.125037901322855,16.692887576877872,16.543487932272818,19.944304303962976,13.54757642073991,16.796801827610018,20.65013304165358,17.123650277417795,16.051660172076897,9.734587557269213,16.22117813768821,17.161712700416487,22.77158283661204,19.447317552059463,17.33587698429693,19.58342660861213,17.93483371954479,17.04501989913589,14.782832524589022,12.858476650079815,15.06339473786238,15.1271212188588,18.490596667158712,14.209952500398035,11.816053383299089,16.585223547810322,14.302284787807013,18.24619653790414,16.258462872724774,12.853876418733883,15.874220355970104,19.6717420205369,16.18086815352394,10.851396256110327,10.17266035446941,15.073488695753596,14.943704400038618,17.077811194477313,16.37928389247724,17.202134576781262,17.723513333892708,18.510673075201513,18.24448482959206,12.662589762588329,16.437147927267578,18.60819684586647,18.60461911953029,18.61045789167264,17.15916173288387
7,9.985718693352517,9.291127066853083,4.4697521872327775,4.798901308963835,39.349399714198945,20.8190393120372,9.546207458187467,-0.0,6.23994310809604,8.76533752509254,5.834684110586111,8.180913365315112,2.8478159209110387,7.249084243537352,5.768130973594491,5.8215004144801865,6.013716010088981,6.008365959524452,14.482353982853567,6.464037165590405,3.7376304342256974,4.474164398982967,5.450442795002266,7.037501510847668,5.9178116429006336,4.744620430035543,5.9638406555274095,5.835147447349903,4.866834487345222,6.062671796620793,5.157214034521948,9.838582920100475,4.978555346381586,7.882919761842194,7.22791741584335,8.478886305511944,5.937932852389813,7.087700165234306,10.86009679214076,10.272733370378935,7.189928116071454,8.058923938769805,7.858127995728832,9.082932609436561,5.971986506702777,4.342924200721796,21.468984755191638,13.509849413373265,16.84010445885651,21.971067035716842,8.483437622165047,10.11488768258854,10.175620052245808,7.584779870852172,7.485165579276595,9.063457468105412,6.381839487173343,10.092914435821035,5.1637007555408,7.246806755018263,9.616912085732361,13.343528997079757,10.468014835873882,10.688609218340702,10.32219734995482,8.66716172714604,11.891179541571063,10.543246426493655,9.992905729859622,9.498257620981414,8.87526028365049,9.521109322620724,10.52211721819539,8.916587482208909,9.199531178989867,8.531491205047036,7.189529800591011,10.63220917994864,13.25798109086079,12.168520219148762,8.257106089108676,7.831855699747917,10.957598850291411,9.559025546388273,8.819127981341916,8.643511339118696,8.35982299860297,9.418170622258206,11.540275105646868,9.660584797990323,7.882300682394659,10.064278121662017,9.626105430411084,10.932836073847277,8.84672426755059,9.378115946637607,8.516548418612567,9.534466497895078,8.486909769404123,8.78426413078327,10.716893672951302,9.013307021276626,10.01703159381746,8.138276241990656,6.789327940101962,9.499823796834791,8.13618582183418,10.651651030424816,10.862930371605703,8.57921139905838,8.16071885875687,7.292510873908749,8.696102488239147,10.344020530739547,5.863368123859044
8,5.954714730796126,3.9803654849558927,4.174638168927448,3.508882129497721,19.778708160139644,8.957095748760443,4.695717407579394,6.23994310809604,-0.0,5.4560971523511546,7.5106851235686785,4.635506705692665,7.0261284151793495,3.9037036681197597,4.47576607939385,12.181716079067254,10.264106572856525,11.397376021313848,9.063006765495054,11.515133742578739,8.447226517169156,9.587385831066303,9.621094250326424,4.90823803250639,11.72887504878059,7.09984307761437,11.511643341864838,12.206068083814634,9.874701664314616,13.86036748759165,8.012583092875214,17.243418821549493,9.866952697619118,12.955398124802638,11.410663441137814,11.813116024629894,12.148545450247646,5.6163955836971775,11.590996210209717,17.962696131395134,11.825321044953665,13.684379537305896,13.610174211365424,13.846912062807265,11.489886069289453,8.441560206032168,12.311416235624764,9.38378482486725,10.375799230086288,13.693317567569697,13.82030698252641,10.802295073719792,12.20507671609194,13.131421251924182,11.899328315780815,10.224345116256487,11.523967144669056,15.65284721747273,9.707596429026424,12.664452702735815,10.667459335135918,18.457748032814568,16.37779978347106,15.609337942640604,15.361077890204843,10.509671424906728,16.45868949832817,15.692844828817885,14.940439003901751,14.07644601812787,9.614489229531884,13.602085911434106,15.750465967535794,12.854949643712269,13.593644270776176,5.8151347013586925,9.55907272226909,15.05490245671182,18.63403713536709,17.033692012629356,10.336088804667018,11.712092770764427,16.091420058338347,13.44984214129392,12.852051478618318,6.385790509461508,11.31937972581403,13.881585136357986,16.29667043363969,13.905441568622177,7.795443038825887,14.865348265738513,11.426680219642723,15.273282972994632,12.67548719811899,9.76405265244822,9.039697311929569,12.750024598565304,9.597343647893123,8.839276708795275,6.303066226488496,12.177839310756283,13.98947287165935,12.494633600774987,10.465842193682427,12.632587140723249,11.672986576358834,15.01019827206714,15.138220858844427,9.301040714348549,11.016841287080034,11.808655286948134,13.88740662224157,9.591122548969325,7.176324640481855
9,5.718208208836253,5.644402502625891,5.055072116378699,4.947103037479624,28.527294943513677,12.634023225071637,5.962615053836779,8.76533752509254,5.4560971523511546,-0.0,5.374320522769587,5.626016184571908,8.042398923563834,6.416648445880837,4.115141838228122,14.333160385092054,18.77929907144046,15.02301171872611,13.833797760222595,17.669874769053585,13.65981128317478,14.791079317840516,11.205125517219956,8.551946051739813,15.996534333450176,13.916676843822366,14.854064816994393,14.544377574595131,17.162035791298553,15.877134044617536,12.239415035650893,17.99892417199357,14.722213065513461,15.646477442310308,14.182827792405341,15.563251398480999,12.527052928750544,6.148065472162295,15.665416623997055,16.049193907301582,13.531085960973524,16.575702665973715,11.666054653865748,17.43923766062133,13.14770451458115,10.958896697323445,15.80969471414381,13.927000626231987,14.259238116854743,16.145427590062138,13.14506418145337,13.76375453892531,12.786313093991932,12.525635651767052,13.7365057156034,13.255718443828505,12.641326500888411,18.802069816083332,10.497389578258,11.352253690531349,15.958352159970353,18.764989797609886,17.860346367134945,19.565449520404098,17.324362040529184,13.51090256182396,21.651598169900723,18.956289666820982,18.90647834308549,16.694091661444237,12.701078934681886,18.29595018515996,20.000996504714163,19.60732034821543,21.080260792390902,10.142396483108268,14.697207507448123,19.90946378241458,20.47976821217984,22.613717313906733,13.342027503833016,15.911855489852426,21.430321293813034,19.196876606893845,15.020797285065196,10.415656048491845,16.59180728319646,13.11696229633858,18.467487889179786,17.276298960363782,10.915481358766407,15.430825840325705,12.06906113144888,19.725596436000586,14.526639029983402,14.568167272783809,13.45211419477036,17.934615822486556,13.807000301908287,12.962994090741141,8.861065193822263,12.237202357207861,17.87639663103329,11.811883370645202,14.002089343156408,13.089159597487388,13.26290990730616,20.588524941560173,18.793681290630023,11.633712473307526,13.851434861953612,15.122658163343136,16.23549913723543,17.60668155086355,14.332883825855072
10,4.919168072825404,4.670230317913628,3.50741499809069,6.263040594473018,33.079897339321704,14.91626517677879,5.960638661868002,5.834684110586111,7.5106851235686785,5.374320522769587,-0.0,7.098386864987518,5.927474211070914,5.142661136973888,3.959274554061324,13.90297305437044,12.438269545524602,13.055078232139191,11.866422336210883,13.783199210945703,10.211836206169712,12.099159760395208,6.326293914672482,8.566874156232682,9.975916433016682,11.199227329715205,12.11102082042516,11.065336424354095,8.751463830517201,10.25218357739565,11.628420730535861,14.837741643081014,8.048360225137634,9.11962667218254,9.213258271758065,9.888655327643077,8.984101181656804,8.220133295979078,13.401266214552448,8.413860421671206,9.180016898825295,12.437171578754182,10.72583858224873,12.243038512012497,7.911705940927935,9.847480822010278,16.70847787033772,13.377270219581243,13.826907748163677,16.435054920632894,9.4719049758362,11.285552515863925,9.978250341011268,10.702131085899447,9.831463265674039,8.207753027956139,9.221100234608954,10.927174178079948,9.441881067769327,10.649297038201128,13.07471686736876,15.532497829837864,16.421930389533884,14.023635243839536,17.756229401444827,11.245622162150672,14.82911186248073,15.02556713737314,13.069229760220276,15.784710289289306,10.098426742734887,13.685020693769639,17.072567365363117,14.07542194354924,12.568838801299059,8.547248406932384,12.273605774766384,13.538261945047253,16.30249729609229,14.348900343741008,12.611915934506868,14.803250512334545,14.219431098972972,13.032489717471945,11.134797551598766,9.909622250958888,11.377084185649268,8.521903510747737,13.471131799965645,11.892249194672644,7.967883031831033,12.442242379469054,10.19248501368471,13.412647180580558,12.276531149005159,8.89001079301816,12.153713894441195,14.131544905531321,11.99126261030392,8.926398898867793,8.501598547017002,10.980803613764168,10.502999282890856,11.523738519855415,11.726503096075099,11.561670098411131,12.703259324908872,13.50224281599766,13.076488186999008,9.263311037419234,10.824949825681493,13.731155763245834,13.100281241179745,15.713067200597198,12.863026572564047
11,5.55169662649035,6.5667014865451465,3.9069525737721396,5.11455687375706,30.82258175232821,12.458900495898272,5.618946085588075,8.180913365315112,4.635506705692665,5.626016184571908,7.098386864987518,-0.0,6.891637464310874,3.972692802141054,3.5608884989655265,14.058138746170384,16.066909045966057,15.957140971931885,9.93731487686623,17.383446589049637,12.512195196831714,14.184503787425916,7.7617575302364,4.568895360776551,17.20543766029942,12.07844495729328,12.802698644696445,14.183528398931616,14.908284515646958,15.394170668069487,12.492909426158432,13.955853925953102,14.790867024508199,10.731313655203106,14.170139904771935,11.755709121735196,12.760223194480089,4.1253909575569505,15.340081104376374,17.489708470942478,9.374453925110183,11.387815040930473,11.900979001438564,12.54248889707407,13.903884365298886,11.639445391914276,16.357828628075577,14.45132719388778,13.637562825900641,16.676549490329204,13.497881605740448,12.933751875811103,11.1186204517271,10.759629012848729,11.441992161551545,8.405963672800384,12.198536889573285,13.550644248165776,9.640036401879813,11.916417927357003,13.813288455653485,17.96069156799298,17.926022974177393,15.03032224379063,17.722671875531354,13.567326646802801,16.42861193830361,19.0764522328024,17.013395537913464,16.50088904296866,9.407871280522514,15.423747779625481,16.742475524200888,15.526846072940568,17.61024131192792,8.938914803428384,13.995632908348048,16.538507162828054,17.312239300848773,17.884214176882452,12.47789958465053,16.06023650436012,17.477259090601105,15.745019945190139,15.988972518905863,9.445234977092923,14.468156187194701,10.090936143916453,14.909316796480747,17.409226812780766,7.869560837647481,13.94612254264796,10.300905968723177,15.892604905050097,13.992402910784977,9.267028402394036,12.546939228521447,15.416118884451024,13.44428855391728,13.696354163510101,7.94386722363965,11.39692955883585,14.43300645912481,13.739533427683778,15.198635523548804,11.170120267498575,13.289359571559379,15.844241238874758,14.676830675935378,11.766265177517264,9.875169744272219,14.581609926995897,13.770687083075362,14.548717650504807,12.434571564453918
12,9.388134531484944,10.282842607381985,5.0659216797366735,5.213407562569888,40.688707490502324,19.775210016774665,9.240922753589945,2.8478159209110387,7.0261284151793495,8.042398923563834,5.927474211070914,6.891637464310874,-0.0,7.68770406311175,5.306342206285394,5.385272703661817,5.243811738752391,5.6204309543388895,14.72278808805682,6.3836851790390945,3.443727167315563,4.763190689722353,4.058460946720917,7.3037686243003055,5.501191460263772,4.0840496423172725,4.481646799723928,5.354391301019476,5.094000654482167,4.876179596997893,5.208537815467264,8.037109617324402,5.548358000814671,5.6519655674854725,7.008544866680011,7.244667340870433,5.1956358754558325,6.9640067783986455,10.437187113404145,8.384619082377807,5.2276850038802465,7.032218954960678,6.226133341158029,7.736559043220824,5.066608816079752,4.600309557562008,22.366154947035884,13.844211168911599,17.578347429860976,23.193717789129547,7.567044040648563,10.055058621955508,10.01287189242957,6.2503411663663835,6.211470352900798,8.580404529241115,5.18146994192,7.641599131497123,3.999464254964804,6.244926133762285,9.19177142370432,11.79693333015619,9.194783372770376,9.431576262092708,9.17704918906827,8.60840499321861,10.445690218717475,10.123618227196284,9.539952778868644,8.575782207379678,8.508060988161091,9.081217200040813,9.140028454400833,8.313529827327685,8.657584911829113,8.6188105422404,7.311381434839933,9.928684394629991,11.867334852403943,10.906958673164285,8.267811970049882,7.714792658358685,9.74551405028632,8.88871587048707,8.474938004041793,8.536152196175502,8.03235317824168,8.206229476355713,10.366223007734103,9.561573257598674,7.7597432267040745,8.607954331477762,9.489375239665863,9.904636011131336,8.21607146115619,8.924782362386686,8.470643434832112,9.121879328142946,7.868621519085282,9.359722544183837,11.365889718048983,8.304713975305663,9.236873508806225,8.131753180139807,6.817666273809588,9.19021657526719,7.930950587936508,9.656122303977185,9.636525382786596,8.907839582568826,7.4315163979320715,6.246598976867676,7.115828457183945,10.968449426798555,5.291172051988736
13,4.781847017383908,5.892641122734878,4.545838885682057,4.614041974085095,21.79177287577831,6.836808213080661,5.217384654371678,7.249084243537352,3.9037036681197597,6.416648445880837,5.142661136973888,3.972692802141054,7.68770406311175,-0.0,3.4733584972599734,13.869409924894068,9.113198267651654,13.593188117443708,6.092089921141127,11.930765669838507,8.300623814881646,11.897087687036523,6.296731229476983,2.240000959970228,10.838311198635116,7.959100500952811,11.996711085609974,12.719089719081232,7.644573407343063,13.520747049128035,9.053845393096001,14.284116504751387,8.349618479315351,5.542038255927302,9.2139173091166,8.382740312933919,10.74862433862289,4.003963374380495,10.32960432499362,11.927592432322063,8.113181057821562,9.787441558039225,10.891821031211885,9.806096807579427,10.45171166177277,9.12348765979432,11.379041376054648,9.366710293579857,5.477836107568004,12.615405883195754,9.28165197329478,8.927457244413544,7.464676096508536,9.197341464758605,9.556645551924184,5.469690676319803,9.402759430862213,9.057691310129279,8.24852276313062,10.142125893562989,8.583545221570343,14.294797753636793,14.522951845966933,11.481147830055052,13.678313859442321,9.347011989977561,12.015954592538463,13.309043258642266,11.36173012024546,12.360810076083096,6.552147196582016,10.91251925522759,12.571815976023341,10.008338548488457,9.958857013725536,4.80612215972377,10.13887336093169,11.172215414791046,15.028550831184472,12.763352947771892,9.90692210874806,12.144462864274283,11.445587682362556,10.299212745573437,10.818837700268494,7.190941986252167,9.688696496730765,8.221231858909778,11.44372322151224,11.018852958649507,5.283177039121003,9.272057966153396,7.4552865279724925,11.730161107318681,10.13125575907296,5.763659097184808,8.767356009620167,11.31388805427252,8.931033370851317,7.863235673269759,6.239678733789474,8.716373928931835,8.884067063673161,11.32514644034701,10.742267041346315,9.726107583991581,10.746121944916611,11.308968273123664,11.455165762520695,8.815321482242327,8.228155263084249,10.077572118038415,9.784674582066467,10.928608741557133,8.278424965966392
14,6.1793183374400975,5.651961582260357,3.6025635522358175,3.127713633553528,24.11337420298367,12.043457715213636,6.759814990359016,5.768130973594491,4.47576607939385,4.115141838228122,3.959274554061324,3.5608884989655265,5.306342206285394,3.4733584972599734,-0.0,9.451750769102148,12.889259412919255,9.936359797138017,7.880150390291481,11.464612723580577,9.17313415674203,9.76854549342844,6.546159180130744,3.975345970319437,11.470989210879543,8.818118541287754,10.585222614962074,9.76662079481167,11.003238440942487,11.063095725455055,7.587657945203742,11.974802381358979,9.669483877748903,9.647811278130956,9.48404494244145,9.371498120807523,8.579503075991202,3.5821624441240063,10.018799365210805,11.175366430628292,7.6118199841246135,10.545310550455953,8.14706121297703,11.372824539660687,9.287772454349728,6.484288481118116,12.017991423955365,8.740005333595642,9.941217756727404,12.205968683400707,8.884318654029801,8.884162702523025,7.8788113713742005,8.142885381401562,8.934530173104333,7.129872100331007,7.416318391458622,12.120383532163459,6.158683089869837,7.682722705764983,10.567609761989408,12.581057037190783,11.863535239205365,12.139269746436565,11.91925443861777,8.194526357488769,13.700837170327521,13.194432851076987,12.649223162509397,11.451256100219275,6.8897093698023255,11.488702221711003,13.104533970176073,11.881044398786319,13.51033044491726,5.687694551046888,8.86613645261352,12.712015839473143,13.055279508196922,14.688611282536895,7.476522372194362,10.261114800098731,13.85435302277407,11.908350150728888,9.49630525870276,5.60690149966525,9.903025883723009,7.236916053420945,11.620414853859499,11.660512215540917,5.478077108220656,10.086736885971083,7.142948811064189,12.113676654433755,9.0844152917418,8.09103510202412,7.526206858065917,10.815695562175804,8.402177423661012,8.164072051413928,6.171206440856704,7.479758401765949,11.106463927914742,6.487044330342653,8.605147937915396,7.1491744505055985,7.873081193532125,12.524060474457164,11.521523589052169,6.949463192839338,7.23669996575992,9.911761367563114,10.11139049212887,12.094982948308553,8.623816876517928
15,19.125592078128307,16.03506369516691,8.576889275477516,8.368103511417045,37.9356008282187,27.43772252786925,20.314382321275634,5.8215004144801865,12.181716079067254,14.333160385092054,13.90297305437044,14.058138746170384,5.385272703661817,13.869409924894068,9.451750769102148,-0.0,3.6539628239915887,3.28523114090159,18.28757095949251,4.777982826312618,2.356385422481561,1.6664023554465357,5.832113470737729,12.066378917146174,5.168086374817057,3.7078316876436643,3.0612564535969886,3.6432160342950533,4.027087282601304,4.282561791284222,4.972382513842176,4.366562837676165,5.233765304785062,7.427787730204623,7.939267456537481,6.501384684826976,4.5440476445517906,12.882395342449566,10.917633605199283,6.709263365975765,4.371017212942208,5.359369487939575,6.211188696633525,6.3039952222022295,5.771351041611465,4.1281910183142605,20.883097906767798,13.965984474253865,17.39017042785871,20.359017696636315,8.382849757032838,9.725490327528998,9.489313723177132,6.2417349919499125,7.227322659263142,8.568723538230344,4.3076971522355425,6.245326120156963,4.383379701881284,6.408031600255594,8.574001952317467,10.07804742846445,6.188532152830326,6.633947328907056,8.258110285372267,8.246725435035378,7.4756715159093625,9.366726096989863,7.758156788186082,7.790266109723103,8.862958769729328,7.761389067982608,8.045084977432369,7.252591942417449,7.089108341064976,9.181403103748506,6.645010815206525,8.143793054415342,8.900809434034946,8.063934835800936,7.435162595740423,6.495841915504733,7.242387291906363,7.210014133380469,7.861311440046586,8.591125520471586,7.09652922981115,7.602298916276957,8.0456049946396,9.113527739975238,8.288278079992764,7.646000838752369,9.595132148313004,7.6941560073863196,7.4216359995405545,8.775436298528144,8.186621238448431,7.820717278738255,7.422521014115876,9.697708367331813,11.416079998737471,8.687958348166386,7.810528322377923,7.255267776112001,6.2793441541458925,8.428485682012486,7.528025321599868,7.086501748396975,6.900707417122184,8.471537349840286,6.67724870402406,4.059512954933279,4.825613242076678,7.93257745195753,5.112467709028815
16,15.321271497880124,14.35486766772952,10.645127369163543,9.529206694611492,41.7447301104427,23.702247314570695,13.763079831835377,6.013716010088981,10.264106572856525,18.77929907144046,12.438269545524602,16.066909045966057,5.243811738752391,9.113198267651654,12.889259412919255,3.6539628239915887,-0.0,6.63949658807171,12.706518736638513,6.513598854533773,5.0664804419332725,2.6305613581279377,6.996389971656287,9.552888076595655,6.927743709123558,4.177232814327012,2.7638536346993434,4.551060515842429,2.9162224252234936,6.412185111466671,5.330309387973261,5.936015332418663,7.809277063416158,6.760776219175793,8.409200221238892,7.2705877715635205,6.554709550947939,11.192584851428984,10.173933819752772,8.290148544228117,5.887784286103865,7.294939953833938,7.4831233237725625,7.605651746990376,7.430825825981779,6.8995182331215865,22.716181675290702,12.258995740087588,16.089153987983153,23.429753120436033,9.812261264308306,10.688558428933042,9.359250556104298,8.367846807634674,8.491736609587404,7.784134973819386,6.158805492286895,7.681456815168087,6.031485318752506,8.143605816979782,7.703504362666572,10.70974048989752,7.78177447384363,7.636855949360721,9.078471036792935,8.09980160996946,9.316471984437111,10.08041953274686,9.66494699110496,8.58193291763628,8.789251245151451,8.941476269347001,9.087238091532896,7.056893990944879,6.529725709246183,7.8515709488521,6.890011755747243,7.87534126627592,10.698372771056686,8.166457752740424,7.87859089996802,8.266149857905967,7.334171193209023,7.31882349195288,8.075437196159527,8.525560424856936,6.868732340692525,8.871352462476535,8.471748390806727,9.118356597506864,7.616423162468334,7.911186615903046,10.32273817146408,8.26802097574497,7.4636764654008,7.540429303176863,6.837732235405776,8.111528257829697,6.515530604437596,8.412880819774323,12.362647827701988,9.54610881007581,7.357060022468791,8.273535979506539,6.447756205767067,9.18428442257844,7.647517250661188,7.051839812847346,7.250940026096945,9.415815196301432,7.58488206235106,5.49557267332204,5.693828902621493,6.780287295445005,4.586738387898568
17,18.460677964334774,13.328116648866292,8.87256899259561,8.259155839767363,36.35324154354073,28.914365947397005,18.10264885959734,6.008365959524452,11.397376021313848,15.02301171872611,13.055078232139191,15.957140971931885,5.6204309543388895,13.593188117443708,9.936359797138017,3.28523114090159,6.63949658807171,-0.0,17.14618367638227,4.680096061377774,2.6538199834073777,4.138622624887481,4.699744264041228,12.275969086190637,3.891380794349883,3.687797018743314,5.046574272561086,3.234754248168077,4.933392548929604,3.0734241527194435,6.23510982249296,5.743783981361476,3.1182274998978645,6.76088454305778,6.38550479747663,4.699491483989355,4.0723975582766245,12.561014940703496,8.89225490573729,5.5698110779785655,5.177649810005343,5.131139208887629,4.842863974760509,5.786046322596617,4.270481132533772,3.302299882014044,19.258666320291752,12.574051382137801,17.314614091796614,19.096170881723236,6.284065393534195,7.810263309736966,8.32703519227506,5.393104558600261,5.156133510934266,7.83880160967201,3.9190847225709886,5.149546236094541,3.7030250592771954,4.8916423334827925,8.413740727972455,8.245154951293214,5.509968614225655,5.6632821918377525,7.0333260000266575,6.668587636170614,5.858141254861534,7.538482740654019,6.033180753532316,6.501750974494593,8.047405007956273,6.1209279378412065,6.652418930588549,6.017804234911906,5.37750418324108,9.393369570262744,5.418343460279195,6.78505295622958,6.897914236042349,6.424535620996579,6.203314609517595,4.783027634582381,6.058069749034171,5.699484663120408,6.067822971189198,9.056225730064407,5.916919598309889,6.85283099880272,7.0785861333103925,7.183611500195455,7.425346402790791,6.703340680347628,7.622491162219317,6.02077615257057,6.073617129857431,8.011492276609612,8.61882264895674,6.224786156732926,7.181960468148178,8.06625921957056,10.40414675775313,6.79693251574081,6.3453592769525615,6.4167684596944214,5.122987391326985,7.140945199308978,5.834646549749445,5.844838317537352,6.518072515942616,6.957299098626921,6.298831753633861,5.014409111974068,4.837227270999396,12.75003247919366,5.0200805831945985
