,0,1,2,3,4,5,6,7,8,9,10,11,12,13,14,15,16,17,18,19,20,21,22,23,24,25,26,27,28,29,30,31,32,33,34,35,36,37,38,39,40,41,42,43,44,45,46,47,48,49,50,51,52,53,54,55,56,57,58,59,60,61,62,63,64,65,66,67,68,69,70,71,72,73,74,75,76,77,78,79,80,81,82,83,84,85,86,87,88,89,90,91,92,93,94,95,96,97
0,-0.0,3.636684084277061,3.5490755175748854,1.8429761875630706,3.134038906811752,1.300643959315675,4.537082782744706,3.827341876139826,3.052481813690132,4.5709488774378135,5.7060749489156715,5.899878537081734,3.405993942308497,3.756061206131542,3.8823172973235045,2.8371634936851113,4.469676974099962,12.048715692946807,2.5304825600232252,4.823708233355873,3.940512207604776,5.459048759365362,4.017755309162608,2.801181467145465,3.466387525135528,5.623171847514069,7.339295486142118,4.390042998207076,5.657025204863888,7.836867049141936,2.6143233167713875,2.077645960573401,2.092752346352332,2.8794096061768797,4.18625263844465,5.313480612716985,2.4744612504036496,3.4193005107380983,11.756921101889658,4.68324437725014,3.878004291031531,4.434366222653471,4.335082928875748,6.661612799615229,7.267985811362425,5.557269585666905,5.29585512076655,4.4515331365793385,4.147854213361986,7.593276855768192,4.804936961336816,2.6928003313547246,3.565898653515108,4.118911287641651,5.504387404089645,7.580760627110738,9.036113260076576,7.051677359981596,6.401978357461348,9.646761009933329,7.143963905673527,8.16734822498551,5.4907718500174,6.148744893790391,12.040089405541263,9.797005722857367,3.0458148901838182,4.13504992421015,3.8091571101469706,5.300880326050627,3.6355277658826677,6.004722028190978,6.702400352176721,6.170017762121979,9.080193737118092,9.353598367601824,6.989259260305103,7.4447147282184805,3.718483570206201,8.549447328235743,7.443761060527954,6.317992737807856,7.532952645517122,9.437174770805903,3.843311137851513,2.499139284682288,2.5246643690967616,2.7167501770269897,2.4771228547837967,4.538995730683379,2.987482336204127,2.9955568656930653,3.5115625871890037,3.678996666841719,7.401226790121554,4.798104370598222,10.198272323046417,30.59800371546715
1,3.636684084277061,-0.0,3.854275393272183,2.377982084293969,3.3110705893265138,2.5538263245108404,3.1064416829275494,2.7405239028120176,3.6341461957792593,3.9428975120545036,4.984599354226435,5.3447398170200895,4.056008576020086,4.0993457310334005,3.494186745219872,2.2553448194539434,3.802477733304786,16.294847055716055,4.182533441172503,2.844455416166573,2.668812858858415,3.800566644073471,2.743388486830005,4.2839919128652895,3.699288774010793,3.690923133447446,5.504724924399069,5.756379287234086,7.422141069207006,6.733368566735331,3.8093399709983293,2.847541372745398,2.89623667591057,2.2665827815194834,4.858571603047685,5.086818218920372,3.042194052784138,3.754617174047073,10.604218698443976,7.08105763652164,4.2957273342893,3.3019660801456188,4.073509352912671,6.065624473784127,7.148401032077657,7.772618816254323,4.836433469550838,3.44375300940806,2.7242019270711233,9.606206536094131,3.450218366902538,2.5253200909982696,3.178334292674873,6.164703528277052,4.53851883361435,5.351706530458292,13.303860883704873,6.16676060634192,7.168456136270484,7.565924369316416,6.498390937901544,7.620772110888246,5.48859984602614,6.005349560905708,8.924418433879197,7.131563025208871,3.6206071749530784,3.738016903562015,3.9235822085579755,5.7315625086618684,4.28675711515125,5.693002222266892,8.170340027036147,6.675569493886191,8.337613356140865,6.800282175470904,8.00653415629668,10.001440955177149,4.148185326794923,10.227192383832444,6.853492471504234,4.577133878934705,7.396150958860336,8.10746309255636,4.2713826355794815,3.6670081874844564,2.7545629248266703,2.9288581972978918,3.255991606721425,4.6648857916096205,2.7029438938338632,2.755341194270702,3.7563726429843434,3.373048298943832,8.322205969294039,5.236916752723583,10.99966617011301,27.600867652172507
2,3.5490755175748854,3.854275393272183,-0.0,2.975458358976485,4.547505792692728,3.2027483813949806,3.9356366340575413,2.818473811061565,4.3830494409568725,3.4205047103358637,3.1612963363718416,3.7396690474454104,2.1031855416136684,1.445967610624774,4.273001813141647,2.744735707562683,3.887757434375945,18.423563073263658,3.0210539462816155,3.1593190452864586,2.973071236309892,3.560196650299893,1.899236656919445,6.293251649367168,4.40444731585115,3.049262720708334,5.665152120705752,2.394268398101263,3.224173166510038,5.764591178983199,2.7008957471149517,4.438569781697598,5.092089352143985,3.791328762601401,2.9478719236509434,2.659224185307257,3.0142239158139166,2.528798914561021,15.480566343105325,8.03239974868558,2.415077083161516,2.542219117822893,2.952528704083485,4.95405159061791,4.463140221948749,3.860809702592099,2.8762685921532074,3.8300581131393923,3.5289132284738005,11.99554653103825,4.013247674853004,2.1906259866905766,3.6126530140278783,2.0828863624294063,3.3219683426696074,4.30711649622741,5.973454913034163,4.233551891849387,4.6862251720773935,5.703878132344268,4.319930373538038,5.1601014376132825,3.424249777918601,3.823176146402221,8.432824574557953,5.400324383574765,4.820281081542591,2.8318057188693984,3.587942743051726,2.7985075938834343,4.3862860491985325,3.523300071550437,4.398127950830466,7.618448707661583,7.1381493349927485,5.746369659599603,4.750197597234714,12.505297383914527,6.58333818307063,6.992377412974501,4.326731614162097,4.112865074901962,5.05184865840118,5.975903829243935,3.7358302193427346,3.0715379397214497,5.2550313134603,3.0421965077185256,4.380847126156015,3.071687325768739,2.5198948284322467,2.8927199524711593,2.4473860289072866,2.549477345372289,4.862526703092383,4.016178628905356,10.092867008271305,28.747784482691475
3,1.8429761875630706,2.377982084293969,2.975458358976485,-0.0,2.9658752079480886,1.9016958613542512,3.6457482753805923,3.642954522380815,3.5211672003911274,3.6027488399881697,4.711265703075935,4.308384956892168,3.345397392743241,2.88600867311831,3.5425933748442024,2.0140903158129633,2.47159575727479,11.266529514411602,1.7374568777028168,3.386319494452651,3.4841377976439296,5.234295602822261,3.65193243433777,3.682832742384885,2.809640888582648,4.954852425581321,6.3627708473453675,4.022436653308091,5.321041711860183,6.831552606394626,2.265122372152137,2.6161313186530446,2.2475588726230407,2.860344372742468,3.5440561995796473,3.8710863660172024,2.2422536395602175,2.7749603676402375,11.408879506986919,5.648866746150605,3.1664192888013014,3.327413653748194,3.2835695508307836,5.357370953100457,6.5214757822286105,4.551954666682024,4.562644968639582,3.2645530737974773,2.8122487601163546,9.482473062539109,3.1040040627137615,1.7888738337801298,2.4243007473690303,3.4417491082594385,4.141154446633411,5.1471563943392615,8.518105994516839,5.311427749086108,5.351300396131965,8.290315284070923,6.444428380373499,5.9485934978053265,4.3684899228067335,4.278258320285102,9.217781621464663,7.83164293088937,2.4974838308132483,4.021393963683192,3.6529563518788795,4.383287266897204,2.6560564891003207,4.803932608822676,5.827629919566911,6.4667805462537435,8.41368027395623,7.9419656202528355,6.042162401086601,8.930823648146035,3.684909613094096,6.929892914775065,6.743276246770928,5.102631256388179,5.84760399387939,7.834415244928114,2.7460589329520046,1.8977058226066859,3.162368733978044,2.0927379320969512,2.1789047889712565,3.921629172446985,2.1941168839627925,2.3914811800579487,2.382191628002485,2.230344679958758,6.2804973399430795,4.183310523393814,15.446647603553304,20.325420716077165
4,3.134038906811752,3.3110705893265138,4.547505792692728,2.9658752079480886,-0.0,2.9998848594963508,4.660888377615493,4.9015477941693275,4.606504543598325,2.9877773386145203,5.931395652193252,5.356915979262644,2.7028892322254587,3.9947003644862416,1.9837487908521563,3.0749748472732206,2.9067574452100793,7.340291957870852,3.424383269259717,2.972113139983362,4.800881974953151,2.5268579668560878,5.649414585957464,3.04764925906868,2.431836199167463,6.373608025944657,5.513178153741171,5.491603312881797,7.822568165435726,5.1621675516593735,3.4111319442670993,2.3122251918978716,2.897842590487221,3.8697352817714847,3.7616321305325395,5.109604141607226,2.0965322531196615,3.1852459109938795,15.591909989873006,4.730742568760639,3.7747916232020287,3.9645234355634487,4.048523467132973,4.194952602912165,5.55752049122517,5.402862834548495,3.61506806298546,2.9877279000857158,3.39167804501539,8.224881848464015,4.833194501611163,3.682327040884617,3.9353211627001676,5.189716865974998,3.1790793062169995,5.886696714839966,10.409920654306003,4.716669068140234,6.192173819242615,7.342249386600389,6.2607385061497345,6.376918919781489,4.2854651020179615,5.565702401817718,9.471965210627246,7.073698849161629,1.9775984450239494,2.7394018872061747,2.8158558890749075,5.103559929377934,2.569368000196278,5.0876468321232124,7.435917949924137,5.4355774339262535,7.658834550032417,7.708314382749268,7.093671956585148,7.925550217994247,2.6084775322197777,8.09399858644855,6.314270714103202,4.870545481910817,5.268813811132045,8.013016960236586,4.380225637842599,3.3265857424677066,4.125315480954274,3.5920196233404704,2.3322637083638718,4.422508313206093,2.5070043801909736,3.197976011120001,3.965169487358668,3.2247979391618347,7.096730160915719,4.751378531200444,9.772582630484111,23.013628101453353
5,1.300643959315675,2.5538263245108404,3.2027483813949806,1.9016958613542512,2.9998848594963508,-0.0,3.503617462925601,2.7473131497833605,2.9028798267377347,4.218659427486509,4.916915111265144,5.282846525128343,3.380461942441879,3.465672048900359,3.9643544667469355,2.1136415281282015,3.3936784687770474,13.261225790426868,2.842368189029367,4.229768977415033,3.439438723762729,4.037424085918496,3.1595442035752086,3.750778967219549,3.63431656601283,4.325805900998937,6.6721981663598955,5.0789280813840305,6.42171144601845,6.870161531022175,2.8811628015923896,2.559037320468669,2.329141135565819,2.9883383737385865,4.538708020940715,4.89703021581051,3.0899704058021498,3.6300209303013737,11.671077639290464,5.310264682418117,3.9913346370775638,3.601902905190908,4.092780631658009,6.534812320488289,6.940906792327188,6.72485769169442,4.7751717626769175,3.859931952585536,2.9811934391819426,8.738376276955126,4.639063867445135,2.598771507922122,3.2451295737834776,4.985090399573879,4.703217005603969,7.119672920417188,11.070531020654236,6.689454980012049,6.590894526916608,7.872203342842493,6.539710345580791,7.976054776990609,5.4011123813131565,5.427547437226375,11.135319211215894,7.209823530184573,3.213019749645308,3.8091086581241105,4.448652681055001,5.439181812662443,4.285077953312498,5.808093354157172,6.7832049220571875,6.137574726521406,8.16314336487133,7.696392983123739,6.74223621102667,8.227022899085204,3.92070922824488,9.428773074319713,6.529550959376016,5.609449319292127,7.406287635625959,8.191297096234942,4.094956273223938,3.1800961700116233,3.131308041916876,2.8545980544616065,2.8642726368922085,4.518713499209775,2.733231758864497,2.7382816192266386,3.3097582341541787,3.2458942392578165,7.212430963351252,4.867876963485326,12.180168759402669,28.817185680030263
6,4.537082782744706,3.1064416829275494,3.9356366340575413,3.6457482753805923,4.660888377615493,3.503617462925601,-0.0,3.4440425183569765,3.985617369242764,3.674239292114274,4.82817500908223,4.049803259858321,3.217318660934664,3.5398568246335675,4.587197305915304,3.2744304023476807,5.5111218618243365,8.403280054443984,5.262530125408101,3.6576218698682803,4.119041184539001,3.9623322522344724,3.809195106824545,4.866835112090041,4.858735653975155,5.134014704496798,3.798698278759493,4.303357596335998,6.796817746192419,7.349398299567733,4.72370266485527,4.568456806960428,3.9001420950757026,3.7417833833413385,5.574471004454238,6.087446251466061,3.9079394493835404,3.1112527710974063,13.746788789412799,8.361433825648392,4.09180809475404,4.0023003354240565,3.909748925064173,6.7256759974916065,6.961914647398566,6.051830213469884,5.028886602968731,4.734164169967387,5.610541483774429,10.412168505642688,2.882659491690684,3.2439547659143977,4.380104891682178,4.192714995769295,5.3866748128566835,5.671084818724864,10.571460447806208,6.469482323262261,6.616284937830753,8.293401912401967,6.0296949956555475,7.943761903286348,5.38538923603939,7.363569974068833,10.284359551597351,9.055017483193962,3.677092633505247,4.733449318596009,5.324814025240549,4.956042983272142,4.638678974491883,5.586349856105472,7.099749193033532,6.027295024425429,8.603167028450745,8.227606441482695,6.908203940577894,11.242890189207568,5.4247346356836585,8.491467211386192,6.4204345637799225,4.9209488479671295,7.603768087638804,9.691778714276396,3.436585735220228,2.7192082349015574,4.281891214192004,3.094142517310277,3.3145505063754563,4.003549924764183,3.0827090797869636,3.057497156313946,2.7417118161706173,3.900785553893291,7.3702670319798855,4.462321317186773,9.487164840285017,29.372564375781675
7,3.827341876139826,2.7405239028120176,2.818473811061565,3.642954522380815,4.9015477941693275,2.7473131497833605,3.4440425183569765,-0.0,5.048431165141076,4.734875284010999,4.092739123834393,4.13509995479859,3.2636391363392248,2.202762997391007,4.346280295276771,2.1015925853166575,5.512779958896383,20.976538097069163,4.094339803709761,3.9827463967648153,2.3692451446999687,4.45375935538381,1.9625597871125475,7.847341019176304,5.150869082346744,2.5220879999594925,6.16162219990684,4.304165419813261,4.467093676583434,5.965788600069754,2.6199680215367653,4.564187154219161,5.185836576585222,3.5881130141065904,3.5214085173666287,3.3062654974011156,3.5766614008157225,3.141132019852692,9.994380731553498,7.488344982273288,3.277963558887555,3.3510207093911277,3.913046823093906,5.249807231834736,6.267719188164055,5.110952478741209,4.203787506134433,3.870945943256112,4.667339417405191,12.462604775480935,5.069778577715958,2.889056005087279,4.624125922039534,3.551807069383487,4.221073752403946,5.051652165250099,8.147105006161908,4.826175376483065,5.49011032244099,6.469393759763676,5.704289212589207,5.749723730325817,4.481379616840799,4.6833960087859445,9.055466511354707,6.249219455704591,6.1542509980295925,4.440195688506084,5.199091766800594,3.755717955191504,5.330952564518297,4.973801989346234,4.929180875412967,8.11466053501131,8.14774016339979,6.799377202039927,5.430560440551593,11.757434472343524,6.428861162210326,7.366382538709059,5.6662747466358825,5.1131277561987085,5.830082005093996,7.054835426821828,3.831242550626061,3.3941999884442904,4.573112406915003,4.638935190543159,4.781130986449352,3.680140442965877,3.4259803283274546,4.0430521253505285,3.0317645874840133,3.5146042830710718,5.201366518656611,4.334139247269123,9.834756377983188,31.999611187949803
8,3.052481813690132,3.6341461957792593,4.3830494409568725,3.5211672003911274,4.606504543598325,2.9028798267377347,3.985617369242764,5.048431165141076,-0.0,4.574795462713481,4.912556802447685,6.565628755178932,4.561720207220935,4.809405147388881,4.463431817244221,4.887715762945114,4.976512340574984,9.661877931096674,4.499576382621208,5.282931724045719,5.689855884692871,4.838435381850981,5.978740694532261,4.275120638768614,4.11098680181171,6.909261605031835,6.644443718993158,6.464215203792661,8.901285420905765,9.188368209844894,4.382090351786411,3.695144564523915,2.9776637158082084,4.243662135389862,6.397048275741103,6.330198240326422,3.7960483056865635,4.508869489773123,15.722119767184635,5.9116858570730155,5.991218648279801,5.629324420149937,5.695168845642242,7.519051333222968,7.3989060906885795,7.5666941121002935,5.4253874258580685,5.409098015482389,4.498906479308194,7.834165361889604,5.173524455489521,4.26782570255387,4.51858580842545,6.056409912722436,6.503406498164343,7.5813559947580815,11.831184070624582,7.156679020141625,7.930489543928525,9.788795349694194,7.7358202285443545,9.629632613733456,6.843535800159714,6.851214277989567,12.4054811970475,9.52102210945086,4.217238735068311,4.917022441778731,4.631606282941908,6.635868982406916,5.682714337136815,6.687086903763553,8.093105684391082,7.146946144803405,10.835142669546231,8.961753495109317,8.237964259970939,8.524901233242877,5.627690519629815,10.015847285426158,7.522681013928969,7.176134619908984,8.962542568510173,10.345496659191111,5.6407117552844275,5.071092920915071,4.495137406696816,4.4967135896434245,4.48476386615336,6.375378104608158,4.364884147245961,4.781273832243272,5.649706991178663,5.438102235916996,8.209030563684435,5.985887723755587,13.74550509397512,30.99759288394218
9,4.5709488774378135,3.9428975120545036,3.4205047103358637,3.6027488399881697,2.9877773386145203,4.218659427486509,3.674239292114274,4.734875284010999,4.574795462713481,-0.0,3.9126195048115338,4.089218845757005,1.6697831059237487,2.3175647785788556,2.721061167498627,3.059927606927784,3.8314892377379097,5.836760965222398,5.153092009104855,2.0638153343324634,4.170096855635962,2.4219233906656,5.279348907873455,3.7321203449369245,3.5481666925684383,5.403437076901818,4.31062282662163,3.8647211709440503,6.21431320240231,5.058361154887082,3.5232965527334055,4.043443900857446,4.1672220982200905,4.213853137754095,2.557747731913517,3.95838724315878,2.0625973016212833,2.3723436430953164,12.664359898287916,6.5538240723040095,3.0203960279430095,3.1652510364876174,3.227026434586688,2.536340340468162,3.5932786852110046,3.0813912003191293,2.8712920292159034,2.840364000983757,4.880392856288042,10.204093357782064,4.195741225776029,3.7638253454405954,4.424578851754223,3.345580767960855,2.4731022583555795,4.429395838945775,6.803354676806324,3.0377555637641347,4.630340763806098,5.185202393862957,5.408360053499734,4.831933085864436,2.5712750613337234,4.351389720924742,8.485662960957558,6.0976878220615705,2.253470687203302,2.7418068737019694,2.6711614560042016,2.9953447920299237,1.8581542897231107,2.7296075229890513,4.539308828556771,5.167960142541275,6.289781665971508,6.906952658050747,3.949351689540141,10.756358316587724,4.767485813072997,6.0041561437230415,3.766324779006017,3.322314266593627,3.606423518745296,7.255910132025758,3.2561758267810363,2.6978357852482793,4.942681593583003,3.535605160255492,2.245799044800754,2.1791892953582983,1.6526175558219343,2.661711410336948,2.332735892399979,2.635605614138101,4.522082493132724,3.0289551968188952,11.711490723655125,21.966427791890595
10,5.7060749489156715,4.984599354226435,3.1612963363718416,4.711265703075935,5.931395652193252,4.916915111265144,4.82817500908223,4.092739123834393,4.912556802447685,3.9126195048115338,-0.0,4.490599460743062,3.5722213300633094,3.294618929352966,4.681570389463765,4.51687023740814,5.107539551855383,13.940000883768988,5.659192545769311,4.035123448806034,4.0304826062838,4.0828532945717555,3.8389632808281,6.5825480971258825,5.063023336408552,3.980175574727158,5.120815852558151,3.761446432154199,4.7388838346117454,6.803120358632905,4.399638817403555,5.878255977274806,5.738143747874531,5.36442992885918,4.404774876880931,3.3558887914039333,3.960014567666489,3.466558290436136,9.64619035582274,8.57391256581432,4.545630997200219,3.8148248488284033,3.944127580577058,4.351236455654535,4.3413133690703605,4.106097384835958,3.5146509854321275,4.6271197968724325,5.2981005645416275,12.556566821675304,4.754360983324819,4.309955208530491,5.331346450311974,3.4990751316291546,4.261457698928433,3.7836316386712316,5.767496093112587,4.155418975188454,4.438734442680141,5.990459627731899,4.777968867092248,5.1037789859146105,4.251547229144728,4.098837785469439,7.260502382987838,5.889628053341807,5.336403391913342,4.27898705476351,4.816090548520316,3.786331494684945,5.120162572801195,4.005948211064976,4.47000180656157,9.902602548548531,7.277436412755825,4.649976605450749,4.668964103390502,13.241740493794532,7.285506666127407,5.862777559659676,4.3256496673468225,4.773401802127294,4.9196568403556205,6.338088464146569,4.6564044760719545,4.588484697241826,6.380505609063347,4.70914301611144,5.046119743678601,3.688969119370378,3.9220760299426214,4.50117904127933,4.101532335539152,4.314757669176489,3.9669649818539896,3.680183286639625,10.21450929567993,21.478135695695723
11,5.899878537081734,5.3447398170200895,3.7396690474454104,4.308384956892168,5.356915979262644,5.282846525128343,4.049803259858321,4.13509995479859,6.565628755178932,4.089218845757005,4.490599460743062,-0.0,3.0868410769987062,2.6414289207519244,5.164876777165835,4.009614665243827,5.379049996228993,13.929403341753313,4.896166367851553,3.982403418798099,4.524915877335189,5.1544501421889874,2.7785321963033542,7.909907536625925,4.526424329508254,4.4394619258087875,4.523727134677616,2.512701281995874,3.7368527193249457,4.657927476362833,4.06862546867916,6.384535039538672,5.8574672232631695,6.800945980261823,3.7335148239578806,3.068978106723995,4.744773386026794,2.9787083602543514,18.885444745067158,10.099295285159613,2.9388550931816844,3.4452372216543266,3.5135916253639565,4.613987821844132,4.760116727074776,5.62961259204461,2.843362863587859,5.914247462582021,6.6417331437620355,14.502233124846592,4.2012045071388275,3.136996814105798,4.781586408973726,2.2679828679478655,3.6277660759780677,3.0615436105826106,7.1228404409213955,4.493320141054705,3.828040921038663,5.126143236598041,3.2751383774190517,4.963904876063551,3.1003956674796487,4.018904926893798,6.809754816042961,6.471836867180297,4.815208181410864,5.571250352870777,6.830988744983106,2.9288980131050355,4.97845023848119,3.930209491081274,4.420796364902772,8.664029158421956,5.738190446993191,5.5256360341369275,3.676518037476043,14.337287425152265,6.060503558716347,6.009747378570559,3.7651623614099456,4.541586012411085,5.893365434086146,6.388089628363739,4.529048537819233,4.278616536735418,7.840319880942352,5.386949932786867,5.4019504768520905,3.651041418447445,4.573047708528111,4.805283891740544,3.0349140604623965,3.493367992936503,5.623204847061789,4.433247166337941,12.758218922111046,32.99091926332326
12,3.405993942308497,4.056008576020086,2.1031855416136684,3.345397392743241,2.7028892322254587,3.380461942441879,3.217318660934664,3.2636391363392248,4.561720207220935,1.6697831059237487,3.5722213300633094,3.0868410769987062,-0.0,1.8692261208481094,3.312412030674426,3.222824503543155,3.768826823731013,7.995299732818744,2.618865107130679,2.84291308757671,3.460488323878684,3.314890232043314,3.1376090897406823,5.057216110569681,2.9555493604701133,4.279691544539827,5.9692310406425495,2.32184197280351,4.218846845181323,4.8717078253978245,2.490236766594834,4.247981251223259,4.395569356622742,4.324674187834484,1.8856697747134967,3.433807372914225,2.5522846898026756,1.679545503948479,15.496869389618848,6.3118860441015565,1.779486353578497,2.203301373434531,2.5943781663571506,2.996279302384755,3.12918443637946,3.237078927981033,2.2672356770278093,3.08765996244039,4.265014555622784,10.524447770720617,3.9355378117517406,2.186279273665564,3.388143535127691,2.2834696399513645,2.013801052537243,4.548432788474758,6.075974237754941,3.164694710544918,3.273167816222925,5.330193296474328,3.9919076802447915,5.026706881260473,2.411345953572704,3.6139420348373883,8.252851363919627,5.916715510212752,2.47821658416137,2.434545577225596,3.6201972422217645,2.5425342834888336,2.5696089474285224,2.817325144150899,3.9687248702931557,6.4946937920496515,5.80465408667771,5.767674828234785,3.962697051892692,10.81624573003917,4.772388806425174,5.434393124796041,3.673189977752398,3.5306740847595828,3.7363777515498056,6.401453941575432,4.415853395834991,3.164850105632468,6.067002133885679,3.6289745514556024,2.5631053303491615,2.523608234745133,2.0293628048520738,3.0614396038893723,2.3920466193919543,2.6584271511328192,4.365954139922525,3.3306271479423843,8.82137183792378,28.58815036521627
13,3.756061206131542,4.0993457310334005,1.445967610624774,2.88600867311831,3.9947003644862416,3.465672048900359,3.5398568246335675,2.202762997391007,4.809405147388881,2.3175647785788556,3.294618929352966,2.6414289207519244,1.8692261208481094,-0.0,3.872800935806946,2.259956012698329,3.6534272851496117,9.807670914193773,3.586622010031642,2.8923550007039243,2.361441664490123,4.367756043475336,1.973511946578311,5.551907156443197,3.869569925210844,2.3133802530458767,5.578334595927707,1.9777018540152769,2.8063340908963985,5.86535507093424,2.4108144516517105,4.332161533535022,4.313596360627839,4.010013193824337,2.3744994078839596,2.035075865152275,2.61301391666567,1.946820186612869,14.481796501986919,7.158808534069831,1.8894300284919987,2.391217616345088,2.7308855074647247,3.6414896271706874,4.0157553560410895,3.1183200306908856,2.4310249372859865,3.514002783622307,4.36319116789584,11.546935481910872,3.3935799602178403,2.0710850674446903,3.5745407907332107,1.3640663878633996,2.5480518758417006,3.6960218695154325,5.2199276975207,2.857466625202971,3.355632164236163,4.772451718812512,3.674498013927349,4.229029884546684,2.520774995907642,3.0554516964876077,7.579940194481282,4.580787930144769,3.2901868603755045,3.754120244335539,4.296282703921929,2.5039788697117316,2.8901390434282206,2.758794918875895,3.1127451857840187,7.430047258025773,5.947116513794593,5.227470759265306,3.331710267709778,11.913060801489063,5.673210479194161,5.135424513428173,3.685194665136785,3.5558780904726173,3.9228483398841036,5.414059840185145,3.2562928290246673,2.6902893287080616,4.95156081709745,3.5867395185224087,3.483391795243402,2.450435604770469,2.522949480232097,3.2342471517234035,1.8944377584092216,2.57816897493393,3.6822486931429714,3.2773511567263807,11.237213760531448,29.38354358700076
14,3.8823172973235045,3.494186745219872,4.273001813141647,3.5425933748442024,1.9837487908521563,3.9643544667469355,4.587197305915304,4.346280295276771,4.463431817244221,2.721061167498627,4.681570389463765,5.164876777165835,3.312412030674426,3.872800935806946,-0.0,3.129829821794415,2.5110060382764936,9.577863710868991,3.8134734392121317,2.063668460029256,4.032892840996,2.4575484705549466,4.641234593839897,2.9788480965141235,1.1659213828664352,5.031642506154941,3.0610453235872237,4.047576412823643,5.36927891915314,3.4937077747795757,3.482589541553743,2.156404397151944,2.885106724314562,3.6988722236607514,2.8604993925337214,4.068294343227554,2.180080457562342,3.1080359351352804,11.666425193701167,4.74436301474047,3.2969591656012454,3.641342554369888,3.4101357811541293,3.8441708300417816,6.042365457516984,3.799986320130514,3.4976892586384243,2.4283687645361267,3.869961454152701,7.9882745669243365,4.051027783748907,3.836872229430573,3.7771091685454943,4.316687401933917,3.756999591847494,4.833703919717467,7.532964510229684,4.803920160848187,5.462215756205744,6.849405922235137,5.937470013552072,5.050186440384721,3.735453734051821,4.768503296538531,8.388019720040669,7.307421317881539,2.2397172396271774,2.392926122902741,1.6172394353765318,3.6315190474326435,2.30172502157718,3.900249741486277,5.738673172812456,4.968789963830201,7.347231035572923,7.434399175989365,5.7898388287405735,7.1807789697724544,2.79228768999381,6.800126705399616,5.663053992165729,3.6033079448914562,4.846459003661064,6.6569764719822375,3.403325437128836,2.603303488920083,3.5664452723218356,3.70742542623511,2.6240428112818965,2.8562381563105896,2.7906933886603613,3.017034355472176,3.8240274537446592,3.3342928502073694,5.730977008592894,3.6523929904614993,9.295064403789445,28.628594096397727
15,2.8371634936851113,2.2553448194539434,2.744735707562683,2.0140903158129633,3.0749748472732206,2.1136415281282015,3.2744304023476807,2.1015925853166575,4.887715762945114,3.059927606927784,4.51687023740814,4.009614665243827,3.222824503543155,2.259956012698329,3.129829821794415,-0.0,2.624913739812944,12.653244008803888,2.923890881634538,2.8581639488536905,1.8156893961720897,4.313327989438524,2.2051891103712857,5.208823320248175,2.9983922732758272,2.7368846396939053,5.490996756739176,4.036495054068067,5.30649496522037,5.8035166027215634,1.8100358369678131,3.067206726692148,2.7391810261561518,3.2543872718949864,3.1134476289092983,2.9724850152185223,2.2648934684652375,2.333073874632144,12.362845187266318,5.924626696188338,2.98940371224253,2.5550967835246663,3.2829764302959554,4.608072034859888,6.992774606729559,5.277801776043337,3.621280933592084,2.7899653785759426,3.3092370704702234,11.171560786690014,3.455980586220565,1.7211274899546845,2.9958435847366225,3.838965849677885,3.8303545121373106,5.30670464492095,9.966943591749775,4.451964295444355,5.368802799421539,6.839429102845253,5.750824863453282,5.4425213002616895,4.022000184713324,3.9741077995319523,9.653491710522534,6.2136270009587,3.165796545740786,3.9671532957544757,4.132612444744563,4.068283105389271,3.0550107992332887,4.24496491505383,5.9212119554246785,6.18734787119021,7.375458095303931,6.910829686645335,5.7194918690918115,10.171089815221942,3.861006338006808,7.814870199256667,6.002553725143165,4.401477316079463,5.795892354996882,6.720650226382166,3.5479173422155865,2.638294404363982,3.9047377447470386,3.5257308833061534,3.127228152648361,3.0877640627684215,2.7308749906034993,2.934432240750351,2.6111902318307436,3.133435340123943,6.211218576302309,4.1056945993362435,10.258470716897891,35.45404886913451
16,4.469676974099962,3.802477733304786,3.887757434375945,2.47159575727479,2.9067574452100793,3.3936784687770474,5.5111218618243365,5.512779958896383,4.976512340574984,3.8314892377379097,5.107539551855383,5.379049996228993,3.768826823731013,3.6534272851496117,2.5110060382764936,2.624913739812944,-0.0,7.677205935067568,2.230432287768875,2.7932800455433644,5.045008098894246,2.946944626443907,5.347846513526829,5.715968385401771,1.8199423722127626,6.340458991765491,4.0617372610175115,4.582970311401583,6.432722476281467,4.575318391450408,3.683717392486849,2.518022647085931,2.377999400903219,2.9598273240511666,3.4473579945318513,3.3607112419419707,2.9430588440081613,2.381932007328445,15.293508580971643,6.48450523977081,3.1417432477810876,3.2349673351098245,2.6467346409774963,5.003494829601047,6.909308845746364,4.0800105716279,3.338542690864064,2.3287742444529536,1.8449941514406938,11.796098982223429,2.691044230631013,2.6180855426379117,2.2075690243810113,3.637217317421094,3.8260120436439746,5.032962426836153,8.795795673363207,5.053317544997543,5.833655618340248,8.150459981909789,6.019755682003357,4.9054075513779845,3.9593407322552454,4.148604166434266,9.299061415389888,7.636486096808088,2.257315526549893,3.074221613594243,3.2048294090116167,4.654784448220629,2.4248646929197673,4.997814697326117,6.814666368458234,5.209779941326553,7.715006380484271,8.047692502695584,6.215850383353221,10.218028162241136,4.630233961345207,7.477104165032097,6.711166049674265,4.959427828040938,5.7118084713993404,7.308846925420966,2.5830057896318954,2.1745330396316924,3.3271196926388416,2.513762467064146,3.9712932103613863,3.456715338314219,3.151471665814871,2.9313436738738132,3.425643164082252,2.4238603513483024,6.6750559845257875,3.6382193435449253,10.249181109063702,31.111440269036073
17,12.048715692946807,16.294847055716055,18.423563073263658,11.266529514411602,7.340291957870852,13.261225790426868,8.403280054443984,20.976538097069163,9.661877931096674,5.836760965222398,13.940000883768988,13.929403341753313,7.995299732818744,9.807670914193773,9.577863710868991,12.653244008803888,7.677205935067568,-0.0,14.294082311593046,13.508138276337407,23.260618951924098,10.493517098367226,24.45597559769698,8.427432157605123,9.204721419325121,25.654340980650495,8.084788407707734,19.52744773021872,25.42853325437428,12.105006771980094,14.428137787429774,10.28777898942173,7.541652461294267,16.549910569887047,13.496152941383528,14.951931141604303,10.838670886002166,9.376731240604188,18.627077252725375,11.746325733686033,14.815557952917475,14.351158326017599,9.248961306059456,8.083095711555924,10.018625517446306,11.037523123297005,9.5462759068649,16.605155741705957,10.90392148629008,15.867084194364363,5.816004884454087,14.17648369998097,7.312624723449571,10.74227722884466,10.85411010577639,13.811218677518761,14.883399618613668,7.98272064597566,16.98337920897088,14.798280960318484,19.45890033020658,7.534867407799978,8.575774648057825,14.384417761213538,19.648671724012864,16.356948247467603,4.925202918288215,17.353279920429777,13.753477760642086,14.16382122093441,5.838637326448234,14.565973221124993,15.268848119230702,16.118888236762203,13.180512152210461,22.19794171548629,9.65734636733905,15.384563830986918,8.257296393245685,14.53084289944501,12.75124826761597,19.01720556819084,10.722120659493902,22.652134525618287,10.011538434944043,8.690766333905522,14.034815446580305,10.589113609533177,7.444633051455921,13.32415321359807,11.353488738812082,10.089497867380722,8.867795272960965,10.470462158164771,15.26452918414974,14.663562042850472,18.608139926352845,34.687332989714925
18,2.5304825600232252,4.182533441172503,3.0210539462816155,1.7374568777028168,3.424383269259717,2.842368189029367,5.262530125408101,4.094339803709761,4.499576382621208,5.153092009104855,5.659192545769311,4.896166367851553,2.618865107130679,3.586622010031642,3.8134734392121317,2.923890881634538,2.230432287768875,14.294082311593046,-0.0,4.0144998798893745,4.40625463587448,4.404346508390715,3.586359164798233,5.55781172030011,2.9124807601083895,5.458309889230721,6.1876205168670655,2.945670858862494,4.46238708315864,6.06246867498114,3.049706531037809,3.207037881129264,2.9494157996025256,3.436456662677568,3.698007519288859,3.950653812343812,2.8260390429281337,2.1875150228143845,17.68085154665276,5.9038863968353,2.3471650680361282,3.0997129571139195,2.9613974392655185,6.702350807391915,6.763896284084894,4.51684083986392,3.564187611845183,2.6524545144486287,2.7154780551344317,10.52292716159007,4.191406382027504,1.706650111871087,2.6822784834243936,3.0758384394953695,4.15522914535018,6.282056892913032,8.988524738895425,6.475061280725384,5.534235258054299,9.044746254507771,5.277031955253568,6.536910746024941,4.610668403390187,4.577025624495908,10.415433873447476,7.734661406078628,2.9312025500788668,2.9787051645783023,3.973240745523907,4.301503191131157,3.836621021264604,5.525639215501445,6.378003335419075,4.934057667953197,7.9928128402723715,7.493967023369808,6.7842847233566275,9.60584168970434,4.522175684508417,7.838654976524484,7.056091319864952,5.386566911671747,6.863694484881472,7.211321462029368,3.119051870501854,2.3325768493786017,4.075502741230281,2.569583301533581,3.1105933026722528,4.206966351846662,3.160248690423765,2.8573072405013815,3.140452325833641,2.493429001686635,7.007972292347344,4.149958671385099,15.053946944525812,31.603371460879796
19,4.823708233355873,2.844455416166573,3.1593190452864586,3.386319494452651,2.972113139983362,4.229768977415033,3.6576218698682803,3.9827463967648153,5.282931724045719,2.0638153343324634,4.035123448806034,3.982403418798099,2.84291308757671,2.8923550007039243,2.063668460029256,2.8581639488536905,2.7932800455433644,13.508138276337407,4.0144998798893745,-0.0,2.618778031748881,2.180243366729622,2.747230562534874,4.664052762177757,2.07541349708064,2.8471799736732417,3.8102675846644343,3.1855575049886355,4.268021701731126,3.9619170171353146,3.315364804644545,3.2924606231484077,3.9976773991598615,3.3986778961638326,2.3180583930784353,3.0063824246557416,2.359620987732297,1.991258674700272,12.419234998010294,6.717417447681971,2.577056761607507,2.394974658701547,2.8280550367943937,2.750834839656625,4.5910313786697365,4.239086742865178,3.0875544038543303,1.881799755878379,3.397629782979807,10.208771214488696,3.355994858123742,2.9778035604555644,3.3585989164450902,3.828642875478808,2.756773267863811,3.791994967301855,8.55757493981884,3.830844574517178,4.027075369251613,4.834191415579715,4.599550370103601,4.507881673328129,2.747564685363395,3.829441944865292,6.943365152580752,5.017449769040391,2.8675599821578985,1.7953927805359684,2.2812697232169223,3.2593552030750987,2.390436020197688,2.453302589280248,4.888607755424824,3.712684845159358,6.112119192409152,6.230719610048548,4.685689144215867,9.70017542766365,3.7160395658518,6.710417058761004,3.8593531548589,2.0187058708809498,4.3109481239504905,5.614129873552237,3.5113008494344258,2.919947736943708,4.908235208174413,3.687310151403794,3.1078608958529355,1.9894467362305057,2.5564625754858348,2.7899835924393908,2.6783210995140854,2.581976707943737,4.875651169465501,2.5681273060110783,8.68578087529352,25.44060980018293
20,3.940512207604776,2.668812858858415,2.973071236309892,3.4841377976439296,4.800881974953151,3.439438723762729,4.119041184539001,2.3692451446999687,5.689855884692871,4.170096855635962,4.0304826062838,4.524915877335189,3.460488323878684,2.361441664490123,4.032892840996,1.8156893961720897,5.045008098894246,23.260618951924098,4.40625463587448,2.618778031748881,-0.0,5.206102308869973,1.764339635612699,7.121301531031881,4.687963321400572,1.6369045532583066,6.738949267712116,3.666911283768316,4.5727719632921335,6.997420864369809,2.5257414680557564,4.249391718991512,4.882828127493518,3.5396859036723556,2.6603618891876164,3.0915046932223236,2.49455541526071,3.5447234667049723,12.46757747085286,6.734339579644315,2.9762380591960858,2.889212617146588,3.9825515720557854,4.024698957250197,6.257538642562445,5.40868302799743,3.824354328920718,2.7523631391488528,4.5158412791991,11.501063246955313,5.69580547637973,2.706346759060019,5.316795300527791,4.208255975515288,3.6883919909102643,4.508513705114557,9.289335919022891,4.136657741213226,4.75235079429142,6.351326023817084,5.460424383379352,5.643547384334513,3.741744713140198,3.9126137442080178,8.356182717511656,6.4031987671984725,6.0811886117132365,3.4056436754525294,3.5734298525504395,3.7947134236452804,4.769914562470258,3.5125125655620137,5.208855037824809,6.244724790802994,6.907860611029168,6.392216517579562,5.659254589997554,11.599599458357318,6.030485168691289,7.319071577896575,5.442555541352906,3.5596084875958196,5.203089735528049,6.521539281602516,3.973433330600726,3.6951035503572673,4.354522918366793,4.430462472212228,3.968174027074343,2.890106339984029,2.6936204085876154,3.7867217499248467,3.1126089180828265,3.7938290013345553,5.838333913773857,3.9640506929803276,9.382228955288682,28.896473429047003
21,5.459048759365362,3.800566644073471,3.560196650299893,5.234295602822261,2.5268579668560878,4.037424085918496,3.9623322522344724,4.45375935538381,4.838435381850981,2.4219233906656,4.0828532945717555,5.1544501421889874,3.314890232043314,4.367756043475336,2.4575484705549466,4.313327989438524,2.946944626443907,10.493517098367226,4.404346508390715,2.180243366729622,5.206102308869973,-0.0,4.839642781366276,5.541324098893698,2.8753453028939564,5.076517341981513,4.35630850410011,4.2765867535643745,5.81545395708766,3.3931464689776263,4.632881632765532,4.228029129529768,5.091623080166551,4.917636079382228,3.2034365775088096,4.742051494860273,4.111786518037683,3.149999892355839,17.66457339429935,7.4719363185258265,3.8714831496526654,3.6334002228425204,3.0997251401829393,3.8544925594893,5.140466099297587,4.344102701428118,2.9609252641696253,3.484162608770993,4.333263579616505,11.320343616400134,3.7789987830351817,4.5282975645618775,3.3696108977338444,4.321547392823776,3.5758309449170897,5.378808277209487,8.22723668604157,4.890592366569003,6.122079864310915,5.729620447282566,5.617554167915309,5.630115674204546,3.912048448158526,5.694125362344479,9.009439872445283,6.414920412920163,3.7300739364243194,2.083445597090832,3.062345424371387,3.2954925230954455,4.10078941061195,3.9299157224259624,6.531897411069504,4.480924238485551,6.887239308646926,6.823685386506574,6.051465365886478,9.86372057109275,5.113978875905067,8.36300868350351,4.849305797757963,3.8069961584807954,4.888862507537392,6.445671521635918,4.474426874003132,3.4711436489511858,6.043991701360637,3.6787399824343354,4.11537917227285,2.963509085679781,3.32528570887715,2.7255142771523033,4.150339003083375,3.071341028434801,5.970389106297245,3.7408240066110987,8.424613883162595,29.060043369419294
