,0,1,2,3,4,5,6,7,8,9,10,11,12,13,14,15,16,17,18,19,20,21,22,23,24,25,26,27,28,29,30,31,32,33,34,35,36,37,38,39,40,41,42,43,44,45,46,47,48,49,50,51,52,53,54,55,56,57,58,59,60,61,62,63,64,65,66,67,68,69,70,71,72,73,74,75,76,77,78,79,80,81
0,-0.0,13.80255841022212,1.4513702074313333,3.280387544862262,3.7095059387057736,4.905080155143212,6.555300587739074,3.722627039260806,7.677759451016706,4.859638408030303,7.671698421602338,9.50874255489438,8.028910840460481,6.418864460009286,8.184215114726692,5.584052142576484,6.378002066467729,7.081007002060463,7.614308434321563,3.95501157058524,6.224614109045285,4.470703528721467,3.9515267606997373,3.3913450820434083,6.582925942913032,3.5287790755603856,3.8636079153068046,3.094056488415083,4.86753954942957,10.609903680930088,6.65613714399659,7.479741221316961,13.506229193795797,9.14239326269469,7.911810730729142,9.49120069986484,29.355370377203283,9.070194006113411,7.084635298482687,10.656385321025077,9.775243984254764,1.4431019461226804,2.207948485754498,1.516712003029007,3.248595967776581,4.996363387023605,4.124880825654388,6.2479075445857735,4.2777972694060535,4.196301955847024,4.798923486094195,8.051327605903206,10.382985732900988,10.040345464868524,6.136429459804399,5.8349208830212085,5.232617786884453,7.258015791079249,6.204532223673576,6.765594050408516,4.118130911699926,6.8512643960824775,3.745162607250825,4.054362426556466,3.746385833931779,6.7569500668309,4.082107602417459,4.219400587929225,3.539662362197091,5.5259971449985095,5.339548955618889,15.40635463353131,7.275366955640536,8.270392773835727,25.05054967534454,9.33167043535177,9.748432216962266,8.886126665107186,9.138721286122571,7.629135226472446,8.006439259398237,7.194924054866214
1,13.80255841022212,-0.0,15.356736858498206,21.171711030307428,16.7929950443787,22.089424449170004,19.187704843337986,17.922278657267224,14.230859921624152,16.780639242957662,16.175792734975353,17.701499800998036,15.071208721790866,16.943666852113836,16.189231680919807,13.181058702349919,15.411496826788966,12.488756324408621,8.685266247964801,9.560558842387156,8.398857829855032,11.94166326153124,9.293948032670423,9.850244879382858,12.872883466111059,14.484898147377661,15.948078921039556,18.21621039679333,11.814101994370873,21.509240276492065,16.87000414996101,16.786493138674725,21.65214952556881,20.30576912293001,23.749848115245808,18.010757635988707,28.15170453329253,25.967288496845974,22.729040512415402,22.8877319163973,16.43204650173895,15.29238053353595,15.730781452630474,10.964827193963963,16.725730825471878,13.53168080221241,14.87186822482129,20.2461630024784,14.698221050414215,19.770840580174905,15.69578830307827,21.276514954802945,24.209244937788974,20.92905977103146,16.001972982563043,12.412989146735733,14.006121017217016,17.760224218852493,8.539319291050262,9.64084496194293,8.69841673598431,9.1386911823907,10.19330239511017,10.10405204449278,12.00325510687797,7.3126786923255995,14.061952304016927,13.979094669484823,15.410331587849507,17.93726796968884,14.995044345838677,10.736342422804585,14.105673193909281,21.916887061420873,26.947257268905215,24.79607815654185,18.14419305784127,18.198280266324705,16.973938868500166,19.368216288811603,24.04674230687587,19.247526814438856
2,1.4513702074313333,15.356736858498206,-0.0,3.7028669274366246,4.114894523776551,5.240588183254587,7.494674662948807,3.7703281512734472,8.337568711691858,4.235199350668615,7.334094386108053,9.496381161300983,8.043311267866903,6.0779848776401515,7.05229374542801,5.2633467349870715,6.592739223925413,6.568613127906741,7.246255468006762,3.358678164795241,5.6228478268606485,3.727279122414649,3.655314968746658,2.627058586362049,6.057357855689439,3.3103871423126234,3.544278195244829,2.182781144454865,5.0537111468607145,9.177331412254095,6.780531254374393,7.259012472790812,12.316142810440406,9.560456588805913,8.016278824847797,9.542568387080957,32.03818894954218,9.439524550712509,7.083168379035309,11.040119020151398,11.567154941086105,1.9189443444660261,2.243618711792362,1.7989198977805427,3.967508413880894,5.147515505588824,4.883547069930937,7.158543058300415,4.747705637185963,3.9067804404681525,4.46180469478984,7.9886123222432,10.715639347214681,9.981203844053804,6.053568666563662,4.846267016883624,4.727171010899962,6.996658589083815,6.0963621283151666,6.33183062081568,3.69707515611207,6.212631792196683,3.1992634575534717,3.5678961824572815,2.8620620092220763,6.165172878400381,3.378936203009986,4.266761346311347,3.2660476727189347,5.8276583821571375,5.071298588849641,19.5072627320871,7.5458698640510224,8.52996957842002,25.739699413167745,9.751780271869185,9.429577487741406,8.823671489086937,9.42562380922334,7.880774756934617,7.296808385308671,7.469239535079265
3,3.280387544862262,21.171711030307428,3.7028669274366246,-0.0,2.5661534420136367,6.509459026271304,5.009044217017066,2.9954902599117226,12.825410623865832,5.01853041450117,6.289611501944405,8.2588444231873,7.284270346792232,6.922241832270409,8.155948495330122,5.415805888629852,6.077648455476582,9.543064113459863,10.615982664496906,6.597249079070425,8.695673277225083,6.931240876650972,6.340328031719412,5.861635306904217,8.815357419477058,5.6643942647238585,3.450657513681592,4.303538118686874,4.557303209342627,14.927428923609234,6.250318019065591,6.405772086117949,14.492768916373455,7.422254632202959,8.207135591202473,8.713213909131285,26.12536886540916,8.501652895121468,7.108701377201319,15.411098770388529,11.003929610819014,3.858297318150166,4.771574865535213,3.724606293800008,2.9750458006741365,6.3990429831425635,4.532748194250577,5.528759825088862,3.660540880338632,4.798095764169063,4.5006036162094984,8.031084473498806,10.51525182527183,8.503930489493163,5.488173527219191,9.06677861256304,5.4601997134564,6.999675302293834,8.967311697763888,9.652280685657907,6.5923648287769145,8.70333672879622,6.3609595201652835,5.884783769370901,6.28409920939628,9.940697141169172,5.788375671290464,3.30292669046297,3.6363035926422587,5.090953546957897,5.216051208129861,22.86454479163348,6.288258229924836,7.49411361930405,21.97855562493648,9.085583719584678,9.67228102444325,7.906732347573977,9.333312054058906,7.664400265576761,6.846064716379348,6.628572741164813
4,3.7095059387057736,16.7929950443787,4.114894523776551,2.5661534420136367,-0.0,4.141992642464082,5.049702874098582,3.5818261140854926,12.533685990755865,5.2683294782282655,5.0836838810788745,7.077368304795866,5.807385211282651,4.998598118563191,9.198447335350432,3.914577267185639,4.908078367852769,10.038273027211462,10.311493863826279,6.391426253761156,8.50195010496596,6.484507769729542,5.621389884086538,5.8137392573515045,8.946152289875782,5.967473517893106,2.5713750221375866,3.683784042165767,3.0201868783162675,12.478216064062005,4.760000579548563,5.021311186695635,14.711022775364041,6.343195921488793,6.517731437342217,7.576559061814424,27.37882702019068,8.093481877253154,6.140289676078024,16.457315547096325,12.235235128867915,3.7989724714984408,5.911920783116646,3.1984268430801044,2.6942539961850165,4.674971610334471,2.7481613407937506,4.598276248123532,2.373310658807947,2.0457812762622445,4.118522599526222,6.547139645778612,9.378377766535326,7.628791968483302,4.138421593665418,6.893346121354917,3.9199098234263396,5.488353864819069,8.84581234058756,9.709856413621887,6.363127917674043,8.44661029741399,5.935041325356782,5.466201823216746,5.8828751406844235,8.56444290171799,4.8226313690414075,2.183966320623813,3.247382325643417,3.8378298919256877,3.7629155653775244,19.362635255253586,4.675608740513344,6.503992697126989,21.543516494843207,7.823618547724288,8.014923882294248,6.961765331828187,8.362431174489096,6.725332619446294,6.704746323860707,6.4839307346586015
5,4.905080155143212,22.089424449170004,5.240588183254587,6.509459026271304,4.141992642464082,-0.0,4.303689839682622,3.6495883379264438,13.498563441880833,5.753798213672216,6.183305955419068,7.133143150048373,5.835643701898899,7.679643497661919,11.232877926748811,6.2114474267620325,6.135245340534134,12.117722710167502,13.77966713179758,8.41157380362526,11.89739366135967,8.744923435723182,9.200897184679757,7.636331767498164,10.428076093180962,7.468453406192833,4.744312611803387,6.023551692047425,5.207437496078549,14.651839409884369,4.820090415642918,6.706413646389634,17.727394526487597,7.490611285625195,6.200934839166784,7.242384626360853,43.48685580145802,7.199680122039175,7.55630439104881,15.089873026682454,10.757460870013514,5.603421990422446,7.157378715692982,5.533168537414769,3.188756249594805,7.27726403777669,4.8806815533989205,4.481987563093896,3.5587199682071953,3.625339106363945,4.156149690122931,5.851478945471776,8.158241742519127,7.058380218854914,6.680455732636104,9.33300358410469,5.481700887960423,6.349974407602061,12.36336465212458,12.26906103285144,9.602662867528624,13.491152257970773,8.649444274540029,8.21574877114178,8.167438392976225,12.290433626625726,7.589101925683382,4.6782214066541075,5.031638851384333,4.518903113301278,5.4345607433786265,25.21938300561995,6.236254708907194,7.429936276344041,35.17928723736371,7.950107297663776,8.212267970339633,7.615348242957967,7.660994320179251,7.016351331262237,6.690889816270207,6.215930810499838
6,6.555300587739074,19.187704843337986,7.494674662948807,5.009044217017066,5.049702874098582,4.303689839682622,-0.0,4.467565573528674,16.225146891713766,7.385918618578155,4.29906524486853,4.482111594075283,4.885813765486615,8.110793423184395,10.044069071021845,6.339188401346234,5.8582157529284755,14.528710632352597,14.817243585012472,10.747073817155467,13.034838321599524,11.356030983719739,9.18025859379528,9.989656533443778,11.737067937858734,9.069270227143223,6.025214659911571,7.5225517256806596,4.168137192340789,18.359167390134267,3.942803855115547,4.853895952557506,19.056966424474307,4.41956815712621,4.4895670483977606,5.5463412369198,38.889874013421256,5.382012895080268,7.5372983276638275,17.781707037554654,13.17918372981919,6.946678698516347,8.962222319319153,6.608257774759742,3.4837003086855685,7.537315546577241,4.76173370195995,1.8170086671813988,2.85889908510295,5.289926044056671,5.874369767127821,3.571415453314086,5.266264328786666,4.044775921803652,6.070851024331333,11.502242229438608,6.141284069937362,5.762309554562206,13.505228422658671,13.934335174985685,10.811440475136184,13.565807521008828,10.080305932489303,9.136591211802516,10.650696117420893,13.487744656139602,9.213384971753404,4.046537837927688,5.968973690121012,4.128885349165754,5.861406745978156,14.75455520204369,5.167928690597642,4.529264258577688,29.55112106279675,5.426536978764332,6.126583072572031,5.433361269303381,6.0699165693476855,4.314351746267581,7.35136138666025,4.171108477506569
7,3.722627039260806,17.922278657267224,3.7703281512734472,2.9954902599117226,3.5818261140854926,3.6495883379264438,4.467565573528674,-0.0,11.96030572634518,3.3192237320228557,5.219289378120532,7.357726553568402,5.381944356691111,5.068091319738612,7.054210782766728,3.8291501610797707,4.435253306899482,9.006185586235429,9.83060473556835,5.896665859897518,8.200873721832982,6.299238546615217,4.799994062308453,5.561035635721818,6.749468286489737,4.142159089103758,3.1750081136124644,3.3948194565349,3.641322655914455,11.761847300687995,4.916193854414682,4.835430892832336,14.72124554849336,8.282089195030556,6.72122262846613,6.929255113569631,35.04245960686358,7.6856008909774545,5.5409297446756725,14.924816647729624,11.994339742090279,3.718679616201928,5.479670196940581,3.602724916734966,3.784942063210081,5.4248310850499895,2.649554845732096,3.8932229041735744,3.656664739473613,2.769579591192339,2.542863101587813,6.0853801590699605,9.380011478690596,7.376918929637125,4.244829826506903,6.217721510669666,3.6862170899813265,5.153682041154992,8.621556834678206,9.078315100267032,6.09348018425106,8.554877910745533,5.253888420303252,4.634297760313928,5.903859933786069,8.665768896914434,4.702826887617199,2.704471057969837,3.053833933268549,3.4394878273673815,3.2168863835733643,15.423801194886323,4.844137890315814,6.872599803068325,30.158633924222137,7.415050455485167,8.749487778380164,6.981769411390618,8.20500412509225,6.978388684613886,6.567459228785658,6.528573066981423
8,7.677759451016706,14.230859921624152,8.337568711691858,12.825410623865832,12.533685990755865,13.498563441880833,16.225146891713766,11.96030572634518,-0.0,12.815881950736676,16.289403088207088,15.124864188793401,13.434834055896118,12.418420123411908,13.755176914704844,10.67254739327557,11.95750167613304,10.614436333765596,9.718280977931181,8.320931920911782,8.716681370589715,8.321803603083568,9.754144432141674,8.38365520688453,12.450268333618764,10.314671330718637,10.82141120670991,9.802559589980206,10.442781247058056,18.343448060628717,12.448156488477249,14.627358686161873,19.54164724011836,18.429371904798433,13.700758612942524,20.365050967724436,36.77472943473848,19.26376536217692,18.21523326791258,19.88756895829537,19.975350693379216,7.806068753787752,8.954187647050844,8.005581269635053,13.863005083310828,14.255126244659657,11.234943987655058,17.011011664092074,10.51536321020993,13.328173209380177,15.173196312674131,13.794810357121085,18.08294364511347,18.771920478926155,13.824248749429918,11.2829489253962,11.305283204871687,13.858445439056647,9.012478434696979,8.564316542943427,7.991125329388992,8.990709530070282,9.57398757702435,10.680338219089371,8.690203604363317,10.475864636265927,10.122838638187966,10.763969904075635,10.800956673235012,12.553202293650171,11.417118439694695,18.19307746873684,15.264147952407598,15.711932065457619,18.61489651264143,16.93827340092483,16.414904089921894,18.4947628734871,19.5423992263594,14.513174631742125,16.28741812959517,15.13991905325026
9,4.859638408030303,16.780639242957662,4.235199350668615,5.01853041450117,5.2683294782282655,5.753798213672216,7.385918618578155,3.3192237320228557,12.815881950736676,-0.0,5.9886332503885,8.956027640419252,6.134343975926028,4.753219580797452,4.110257033122303,3.8470250535316755,5.02072907922795,7.289901904108092,7.972789234882794,4.838718339563912,6.685790451315754,4.885816253576687,4.024333653903472,4.614653653381104,4.752936972415019,3.7360135230383102,4.148970651284864,3.3812820632948752,4.985320165812264,9.042899913029629,6.416009416628149,5.972952715255619,11.078158636734585,9.6785165834332,7.640107372614563,8.931874752045074,31.292795082068555,9.519897297964775,7.24217066700017,10.521904783575529,12.087915679935284,4.96629398031584,6.629254173470481,4.385633402427586,5.66302178230165,7.682017063644015,5.393017003287162,7.35760049367614,5.069354637678418,4.452280526011644,2.91402396938343,7.637196841781948,10.17622538007552,8.947511034911146,5.134263939985139,4.446729168097783,3.414200133760338,5.941829487851875,7.478961758262341,7.667322059437299,4.767288604018613,6.785078740731137,4.111008285048528,3.194520998698378,4.294872173929948,6.814093582721186,4.0222744618432,3.9924873649847465,3.4990690577539674,5.3965552355561766,3.3512359542686037,19.613404503681362,5.808222050349909,8.247502184984274,24.275902066028408,9.5959532044621,9.881184964288497,8.234722854641214,9.102522641841519,8.308401374517329,7.778121180830868,7.3917041404993755
10,7.671698421602338,16.175792734975353,7.334094386108053,6.289611501944405,5.0836838810788745,6.183305955419068,4.29906524486853,5.219289378120532,16.289403088207088,5.9886332503885,-0.0,2.8230945055357743,1.6558560537849172,3.9919419866840338,7.859546243539907,3.265057237946206,2.468102372402416,11.689497409499483,11.94131091420901,9.083172348301094,10.661026531361726,9.151488129330405,7.1528166060461915,7.881016747124657,9.238156830607682,7.170807662028699,4.627611347698869,6.039248313121975,2.7677640755374275,11.731666283481914,1.6785024796398782,1.6198689515708742,13.903028387157454,3.1627194623581816,3.206389327214691,2.8608729869891305,25.77707831822946,4.4344562083476315,6.546020361240993,14.333370265718504,15.587731817076556,7.584924848779005,9.216814663939937,6.609118268207554,5.73923594279263,6.9365682196795815,4.561747764384076,3.587205631262881,3.4105184337756294,4.874273373835991,4.851304067788632,2.932640932069082,5.2996743297731905,3.497894262325155,2.4798032597045423,6.337342806333433,3.2706595723993312,2.516450849863495,11.237944874585068,11.774802367163801,8.506931562296959,10.783308570518846,7.9034352537864025,7.149165439144976,8.076696317850777,10.046914083037885,6.62756802524346,3.0357185751740983,4.114314313735598,2.2452063100034136,3.1655860956107627,13.322780565791456,1.7867244835753135,2.2654407512415893,22.08191054694446,3.4012024146805833,3.74782846098401,2.620068238316399,3.510730999408684,2.513475126885342,4.880873868684053,2.1012603430493138
11,9.50874255489438,17.701499800998036,9.496381161300983,8.2588444231873,7.077368304795866,7.133143150048373,4.482111594075283,7.357726553568402,15.124864188793401,8.956027640419252,2.8230945055357743,-0.0,2.8322383716597264,6.7653136849660305,11.81799053267653,5.447467752219096,4.465664754707501,14.399087620641495,14.37171024555253,11.116903832742397,13.021415894787896,11.382560219270502,9.73383439084247,10.392095893436485,12.444049796557607,9.68089762842925,6.755275484262023,8.403518634707572,4.8358064134466385,14.965062320402314,2.8329983990561156,3.394362321861982,18.84070043936951,2.0237922733188425,2.442138665083813,2.838915624206452,29.20419101236502,4.440760691513156,9.53383030378356,17.286937724153617,17.443535616459467,9.183191566802895,11.675271749127445,8.305100865795993,7.390548369734142,8.607817125591142,6.579898086626784,4.327954053360947,5.085686455098077,6.688456293724534,7.114871820175076,2.0348131613315315,2.7431255398638497,1.6184403130202725,4.705056260460561,8.96764532409064,5.611693733443307,4.088872410888218,13.481945955579711,14.05923815418438,10.909532634823456,13.022792977306834,10.381515722148562,9.943701592643311,10.559129465875046,12.76325525288829,9.390100698935159,5.471256258582779,6.618898027789591,4.153749890092523,5.4659828628244025,14.431973537697665,3.5511013053913802,1.8355810770491332,21.646542784202662,1.8023324350899959,1.909896626674882,2.3154292153422014,2.2295687872743515,2.162358914563735,5.924930855842068,2.8632436560091574
12,8.028910840460481,15.071208721790866,8.043311267866903,7.284270346792232,5.807385211282651,5.835643701898899,4.885813765486615,5.381944356691111,13.434834055896118,6.134343975926028,1.6558560537849172,2.8322383716597264,-0.0,4.132212651664603,9.177279443013449,3.222090556052181,2.2850115743473944,12.319524468861951,12.173102033695656,9.449161137538498,10.974700203821623,9.361128181642226,7.6000293987706025,8.355554369436677,9.298969371220114,7.641056327984574,5.255839705090163,6.936130048082215,3.5632622275832007,13.014155564082436,2.17245746833739,1.6248728711249156,14.73621389654294,3.5849731107436944,3.0277598204580816,3.0497673533414513,25.38247674920225,5.134225343940596,6.461412231574467,15.586902101762485,15.468373140706719,7.454543187357244,10.018971038726281,6.861999355136518,6.911459705134168,8.382191808692866,4.855934211758295,4.263163926960184,3.838190668764325,5.691948031992635,4.931890110984011,3.1795230817117788,5.216481428937652,3.707278019206924,2.7162253558387057,6.944544995652014,3.298126026326803,2.2669093905298454,11.637642394577545,11.986186995426781,8.906172867568417,11.068945175367697,8.62418370513226,7.57682473606815,8.43639381794226,10.440253747903464,7.262744099969384,3.9405002517387824,4.8784181806077545,2.8328214278797574,3.2952459796625737,12.356269729706034,1.4606054662274377,2.516125673816954,21.28977332541652,3.091565157912376,3.7349147583338813,2.7689146835974685,3.016078762856046,3.1171207414827418,6.686825466018764,2.640367557971357
13,6.418864460009286,16.943666852113836,6.0779848776401515,6.922241832270409,4.998598118563191,7.679643497661919,8.110793423184395,5.068091319738612,12.418420123411908,4.753219580797452,3.9919419866840338,6.7653136849660305,4.132212651664603,-0.0,6.482394597095601,2.3971078284222123,2.7404664388664637,9.140109998658858,9.31684826358166,6.875916826816532,8.172509888478391,6.6567885987070685,5.0676515760121665,5.7458225708222175,6.05112223832165,5.288706049330472,4.4367128258556106,5.025043953251334,4.104219172561881,8.675691477345888,4.83099322608852,3.276893535391626,10.415977433107114,6.432450702650031,5.875384061366431,6.441978138442231,27.750610736000638,6.736642089363947,4.265552359226805,9.972434301811543,15.999315722916407,6.484154649737147,7.752982521132088,5.604745808504799,7.187103963438378,7.043303359813879,5.4519799448288655,6.095550829558015,4.633378181628838,4.600269011066228,5.496338386321242,7.371362258947526,9.104950606847456,7.349337153641484,2.69251687352891,3.8375961750717233,2.5650232969091884,3.463235917598458,8.864482679678353,9.274385657312212,6.71828669982928,8.545645598618252,6.022145479041007,5.027336867553026,6.051843726102892,7.569995342994901,4.883520176661235,3.8087539464402664,3.9722065493713585,4.109235362561859,3.3300552195921034,16.528419078912655,3.5479040621710887,5.5456641852576745,24.661194222529513,5.999426941662575,6.588237752477944,5.2579078196483255,6.962471206068689,5.8245696518442545,6.490704203272743,4.94584659012619
14,8.184215114726692,16.189231680919807,7.05229374542801,8.155948495330122,9.198447335350432,11.232877926748811,10.044069071021845,7.054210782766728,13.755176914704844,4.110257033122303,7.859546243539907,11.81799053267653,9.177279443013449,6.482394597095601,-0.0,5.5175029111363925,7.110161464994627,9.269863812807797,8.926900832878534,7.8506697143272435,7.964862593414474,7.519835262732513,7.408684707551433,6.686743800301996,5.564277112297048,9.352506294500348,8.55825393082911,6.9402340682260935,8.153443487039176,9.42449263653202,9.827833133928522,8.61833108890171,9.9722886708248,13.340548210862316,10.030754364277728,12.708374086683873,40.44609604351986,10.413113857273263,7.796739185741004,13.475286130957265,14.8053292984326,10.448244209977648,9.938877726622751,10.01719609307626,10.223098066979182,7.762735780276654,13.589760450728972,12.910046645301243,9.844478857654018,9.004143162871431,8.785867657199324,11.226733815263623,12.997002936315086,11.702236006230569,9.499537416194249,6.036955181544557,5.547396173636625,7.253247370551109,9.204658068849138,8.634370106419745,6.6257135944169585,7.817947225225238,6.8825649456793725,5.445395825799998,6.427428475962317,7.997473276188419,8.05778803793659,6.789649918659245,6.406739289021914,7.967884625653386,6.9109724030259,16.69491006261917,9.27882516861343,13.135035648996626,28.328882063468875,15.062805897893918,12.969864324882174,11.59579588191002,13.337944091545438,11.011069499564043,10.953843204671042,10.01131921374775
15,5.584052142576484,13.181058702349919,5.2633467349870715,5.415805888629852,3.914577267185639,6.2114474267620325,6.339188401346234,3.8291501610797707,10.67254739327557,3.8470250535316755,3.265057237946206,5.447467752219096,3.222090556052181,2.3971078284222123,5.5175029111363925,-0.0,1.88800032966887,8.991946089198901,9.137171180260555,6.444611268201638,7.918897054044595,6.31976858967364,4.891697581541297,5.434565048287066,6.3155099475668734,4.733985487627426,3.4823556593441607,4.570733067585637,2.686164332566383,9.640138548294047,3.432382167899381,2.8761745970786783,10.947936920205793,5.771180489656498,5.0514428457106995,5.6149417267225905,25.19611414259791,6.51069470647749,5.289743653978034,11.481079609506933,14.32064207099803,5.578531748249674,7.103781695787444,4.6392338441563785,6.318317489853426,5.691170084152486,3.935470161295302,5.277495388422048,3.4202242850276563,4.012404950999178,4.493720620123143,5.522907364213486,8.11375950753807,6.30093859927707,1.627142214218354,3.8767682105294887,1.0931588158488448,2.621149171174281,8.63485251386298,8.83155585854732,5.96704503540499,7.914458045015695,5.578100768691191,4.816200721550852,5.510578137041405,7.4306658828549645,4.707982577364748,2.5337124388551544,2.988276786703107,2.9140092342817967,1.8039448330954553,12.085050039202967,2.7214722950187937,4.834056028930328,19.51855023254181,5.973870984851014,6.156580446158258,4.790377605271752,5.795077351043494,5.051957179376107,6.133907858096451,4.2050924251216575
16,6.378002066467729,15.411496826788966,6.592739223925413,6.077648455476582,4.908078367852769,6.135245340534134,5.8582157529284755,4.435253306899482,11.95750167613304,5.02072907922795,2.468102372402416,4.465664754707501,2.2850115743473944,2.7404664388664637,7.110161464994627,1.88800032966887,-0.0,10.267989994567612,10.616177945955798,7.937798787037876,9.350979446186816,8.06361314703353,5.875642614554003,6.666247045350193,7.532025240421013,5.519662879217351,4.0888020488998995,5.741123662678175,2.748184315981468,10.764776407467835,2.7955652815277103,2.0268503968794374,13.443920107172755,4.881997086145121,4.003898644316395,3.6869863414658175,29.413665214552214,4.797262960505619,4.334139971085483,12.725379920281743,17.48037905989825,6.59767586275632,8.26400223780713,5.930275175901061,6.4336889995317845,6.9520916542016575,4.306858171982659,4.726970901835058,3.5167644768835555,4.477927813526606,5.080058953525579,4.323019128274813,6.966693268542726,5.44889845561181,1.5093803347621038,5.234075502589316,2.2476289428835217,1.5037182289049293,9.929416462539349,10.43388593742745,7.486346140183439,9.708999992245747,6.958621053818795,6.108917118605406,7.183751794046372,9.35708363840618,6.285476244313081,3.0882885886574947,3.7577422801594516,2.473732831657517,2.2928294814927717,11.298775223681544,2.018761546753535,3.7164736714052435,25.882692686483175,4.488465117905013,5.067283314647121,3.422467336642826,4.366314029122529,3.83488977910161,4.963836565791373,3.1006504961432064
17,7.081007002060463,12.488756324408621,6.568613127906741,9.543064113459863,10.038273027211462,12.117722710167502,14.528710632352597,9.006185586235429,10.614436333765596,7.289901904108092,11.689497409499483,14.399087620641495,12.319524468861951,9.140109998658858,9.269863812807797,8.991946089198901,10.267989994567612,-0.0,1.5069339463298503,3.0914804620538643,1.8056650895757098,2.870820029587534,5.115505286607381,4.641679859042068,4.512038912739263,5.786186732425934,8.30049069033796,6.26942463402474,9.984966736925783,7.520264950025258,11.73172757934894,11.557083452588795,9.820950837480838,14.724980527113974,13.686396279936519,13.730682624615097,19.43316224531373,14.599516942583463,12.274609660007211,13.262096534198184,13.672907538440127,6.92154492362589,5.508908991280869,7.237398767754495,10.313623918788881,11.996041183291254,10.228063661227367,12.891712705787311,10.690138260626611,9.894952593887153,9.118634575504291,13.640404905204251,16.574520380923193,14.948849104440628,9.818655676499214,6.393679456641043,8.886126723831268,10.866132349081257,1.6735792407159735,1.6492839672232662,3.3475279476689623,2.11814613219608,3.8518104848748953,4.490346851302086,4.256705264782338,3.1097188316582387,6.092631763794426,9.261720149903336,8.285976811142032,10.702544611085468,9.35451780032623,18.67285687374345,11.459478184728352,13.25428435107947,22.10867602157391,14.157866241820493,15.001535563484563,12.936533512359592,14.82687539431098,13.5096242261353,12.725427609461093,12.949057800341755
18,7.614308434321563,8.685266247964801,7.246255468006762,10.615982664496906,10.311493863826279,13.77966713179758,14.817243585012472,9.83060473556835,9.718280977931181,7.972789234882794,11.94131091420901,14.37171024555253,12.173102033695656,9.31684826358166,8.926900832878534,9.137171180260555,10.616177945955798,1.5069339463298503,-0.0,3.6889417389074937,1.588778409848248,3.4082687794624804,4.978780400406674,4.845202867606204,4.619009291955251,6.58428066789127,8.739411686184937,7.207017283881084,10.087090838163075,8.32786576923655,12.238159372402311,11.504272350204593,10.439438050763401,14.733896180052206,14.377902372731976,14.762184516228938,17.90221404233538,15.35937644761998,12.6299470287696,12.283996831996271,12.858848939038634,7.627683474090245,6.592038493555577,7.4305760898768245,10.777743897364712,11.21196574474431,11.380987948211413,13.7760003615922,10.616889574623045,11.065138045285526,9.794623228963983,14.272682654284914,16.882100626588773,15.192256145530779,10.397438772013654,6.741693694401065,9.21607583211143,11.985929970627463,1.5282601295927756,1.1117645881515623,3.47020290631811,1.602546548150166,4.2177485778443575,4.684396761757014,4.376849041360135,2.755591695975529,6.106828222438244,9.445278096841726,8.457186986938597,11.211149110350721,9.475970947776961,14.270719542347951,11.13060484513798,13.62516066698145,17.87187932072986,15.158843804856476,15.422546681498684,13.504927378324673,14.845640576187142,13.461299612902232,13.574802993879517,12.776549491083376
19,3.95501157058524,9.560558842387156,3.358678164795241,6.597249079070425,6.391426253761156,8.41157380362526,10.747073817155467,5.896665859897518,8.320931920911782,4.838718339563912,9.083172348301094,11.116903832742397,9.449161137538498,6.875916826816532,7.8506697143272435,6.444611268201638,7.937798787037876,3.0914804620538643,3.6889417389074937,-0.0,2.6007922190769945,1.0766722884840707,2.598159746225935,2.038133993230735,4.035445173783615,3.0457332317024233,5.145900024992457,3.50793554901308,6.779828579114829,7.815050790012578,8.83226473099643,8.683750604797087,10.49257309240479,11.527390363813916,10.462750068154689,11.002687695107303,22.97499105574894,11.854232467132624,9.033615005483183,11.813151103648885,10.937024689624083,3.8980518952042638,3.093735815513798,3.803721067137997,6.843876018398016,7.576340045933328,6.955785438605862,9.521931100139692,7.21913253501059,6.452683371006342,6.0472532599258155,10.450526545089467,13.355686132300576,11.897387821201132,7.3087103317707305,4.473376329314113,6.236364284847835,8.622749750148035,2.5088786783487196,3.2733371621921274,1.1912759719154113,3.113338983682242,1.253969306290109,2.5111893093233744,1.7646169347313003,2.9936909271891397,3.339015164003003,6.290402927457106,5.385417243664702,7.646172838466402,6.713719501612767,13.989244470534462,8.634587710144306,10.482145248633374,21.968976420745882,11.481296317586041,11.742218233799873,10.468320200030604,11.585217600008308,10.28338637915952,9.833171708771603,9.933115152228613
20,6.224614109045285,8.398857829855032,5.6228478268606485,8.695673277225083,8.50195010496596,11.89739366135967,13.034838321599524,8.200873721832982,8.716681370589715,6.685790451315754,10.661026531361726,13.021415894787896,10.974700203821623,8.172509888478391,7.964862593414474,7.918897054044595,9.350979446186816,1.8056650895757098,1.588778409848248,2.6007922190769945,-0.0,2.154946885268651,3.8179425795763566,3.546253480270087,3.990454306679165,5.412598315798864,7.1690672867531395,5.908555473127935,8.906089667133507,7.832100882705361,10.863064994301313,10.421901715304108,10.84587655340442,12.989134920378548,13.172899811835512,13.07016553725915,20.35907567782571,13.871395625907724,11.227352335793762,12.194036063521812,12.96852944763592,6.033256920083998,5.217064088685342,6.0566384696454065,9.286418102771977,10.071599185851106,9.497669461442475,12.35185248490823,9.209988534440548,9.42487094522143,8.29990282667838,12.593127668936821,15.680058752748272,14.042528254392806,8.891382840532085,5.763469446201644,8.15925882104665,10.38667279342998,1.3779287601825865,1.2904085204792528,2.2778039698361856,0.9296845213095571,3.1347251105061056,3.542068571342523,3.0778275015080205,2.0689385173916386,4.908511260285911,8.122007168255493,7.182359174084655,9.907774376814391,8.282825413527972,14.433557006829245,10.134357074739096,12.219339945892266,20.04965954497182,13.611622157578672,13.675993264189163,11.994186778579342,13.654147915080395,12.319989532095187,11.649855966307408,11.672313527626727
21,4.470703528721467,11.94166326153124,3.727279122414649,6.931240876650972,6.484507769729542,8.744923435723182,11.356030983719739,6.299238546615217,8.321803603083568,4.885816253576687,9.151488129330405,11.382560219270502,9.361128181642226,6.6567885987070685,7.519835262732513,6.31976858967364,8.06361314703353,2.870820029587534,3.4082687794624804,1.0766722884840707,2.154946885268651,-0.0,2.5539260180965226,2.0619127321278716,3.193685634391875,3.4073461158821927,5.491188690111225,3.739193195457553,7.1378774816284025,7.329318385768961,8.90815337720309,8.867526465942246,9.669730793322856,11.578626617308176,10.456301160252858,11.83855911711538,20.245187455203432,11.866446798774552,9.074195098736551,11.175339416142965,11.398830044350742,4.19311386692029,3.623296361775235,4.166623499231414,7.314388883107679,8.314701515726549,7.380478596288819,10.072695763535506,7.402433765722221,6.552830300246906,6.267813377778172,10.670870042077185,13.515496549438538,12.203676510470022,7.402439145876012,4.3009968365964015,6.241330601021615,8.732317767369386,2.476731316543365,3.040758433809766,1.2044474104531613,2.6668718819702684,1.555190741892284,2.2336694119138247,1.7555971516763191,2.4600085434226546,3.374421677449214,6.531624719618977,5.653949701231953,8.10400829000461,6.677933638075195,16.74978659015482,8.814055650701007,10.396600650686594,19.921566642569445,11.502905247764764,11.760158325558292,10.842965152554008,11.922136695571654,10.438981298765636,9.976376346726301,10.008041997811421
22,3.9515267606997373,9.293948032670423,3.655314968746658,6.340328031719412,5.621389884086538,9.200897184679757,9.18025859379528,4.799994062308453,9.754144432141674,4.024333653903472,7.1528166060461915,9.73383439084247,7.6000293987706025,5.0676515760121665,7.408684707551433,4.891697581541297,5.875642614554003,5.115505286607381,4.978780400406674,2.598159746225935,3.8179425795763566,2.5539260180965226,-0.0,1.9257517186838204,3.5393532708430344,2.1867968219003977,4.466724160559539,2.903601415145058,5.256711481626072,8.270130421311343,7.508027837367832,6.698965341860953,10.8755699696721,10.135225942661169,9.726982934937496,9.16677212771705,20.91051356358935,10.494838577259792,7.049988935382253,10.313326463027668,12.08689590959682,3.7889372192883775,3.7771449704122615,3.275403998399651,6.395431931027896,6.584279462792703,5.7758617028583,7.720107935969959,6.050817277575733,6.125613345855791,4.966137079111711,9.427158767978813,12.371814090563806,10.204687230428537,5.751001771020998,3.4654125271122536,4.798083825814045,7.039510130871329,4.277205418777916,4.823825741957362,2.3871368641240367,4.134963730073322,1.9997902352913315,1.4464490665290164,1.7742949246752802,3.2593219249341994,2.384921310961452,4.822123730209572,4.020919364966586,6.265236689996348,4.897215343457706,10.338759380763653,6.499248501573763,8.797310062530512,20.988631870640877,9.967480753606896,10.732505004593268,8.672453426055894,9.77198488494528,8.674998481736585,9.480450581846332,8.050532603366184
23,3.3913450820434083,9.850244879382858,2.627058586362049,5.861635306904217,5.8137392573515045,7.636331767498164,9.989656533443778,5.561035635721818,8.38365520688453,4.614653653381104,7.881016747124657,10.392095893436485,8.355554369436677,5.7458225708222175,6.686743800301996,5.434565048287066,6.666247045350193,4.641679859042068,4.845202867606204,2.038133993230735,3.546253480270087,2.0619127321278716,1.9257517186838204,-0.0,4.137579123538883,2.4348420798505654,4.467480044934364,2.910917229679079,5.66508293331484,7.707462010132057,7.723669348900483,7.78907155893691,9.649962133321784,9.988648090771559,9.17456009042232,10.02932188010518,22.080751108250038,10.189901895029216,7.459063031415931,9.702838009023461,11.704140423179597,3.188499477908807,3.000592843205204,3.0360767180329993,6.158187083069415,7.689622139345579,6.247329382973185,8.997166211822575,6.140370395212175,5.995127088529689,5.996688236784487,9.615753136067031,12.052537542938863,11.164141070168517,6.193801449897765,3.9283721992247345,5.267803803172125,7.77579994554433,3.9190903701761446,4.546813254410912,1.9653384071726097,4.064445494813057,1.9159399969061948,2.11158514753821,1.505887028839705,3.5297073994864276,2.5604518734281445,5.209300252593279,4.20850215466594,6.804235707907145,5.736553488156216,13.28790986952495,7.428855076623454,8.969013387426862,22.05685255323654,10.253865557657134,10.550125246695682,9.189503821344152,9.980041519482905,8.911684785605676,8.375628337407912,8.234198098873792
24,6.582925942913032,12.872883466111059,6.057357855689439,8.815357419477058,8.946152289875782,10.428076093180962,11.737067937858734,6.749468286489737,12.450268333618764,4.752936972415019,9.238156830607682,12.444049796557607,9.298969371220114,6.05112223832165,5.564277112297048,6.3155099475668734,7.532025240421013,4.512038912739263,4.619009291955251,4.035445173783615,3.990454306679165,3.193685634391875,3.5393532708430344,4.137579123538883,-0.0,4.714238200586126,7.4973110781148025,5.339895697618954,8.242019823261069,6.444468537236896,9.790781224682773,8.429451272890294,7.755526117603805,13.540395842637926,11.277324511224165,12.043115007431258,21.899304391642215,11.732914986676988,7.691482672762579,9.433895355654766,14.430190100177672,6.755850164109874,6.205451803345571,6.82345288479247,9.228150694744805,10.395740234209864,8.92239755810032,10.451695155096369,8.845173873467779,7.826936232058418,6.959688951826679,11.944849144587938,14.071935391326516,12.398111332145675,7.968619602088457,3.998186537453965,6.233084559336461,8.812193335476465,4.813302065072418,4.887467296757833,3.854031678076204,4.345067618793108,3.711449753759889,2.6425705037596927,3.8851632021824622,3.1321206345723707,4.784977939837812,7.364027246630545,6.378503573357749,8.443745130983208,6.646715493028773,14.992625846884899,8.742624328445421,11.442764615685457,21.801306193752307,12.081229489759675,13.037159070299262,11.217288834305682,12.32760366768653,11.3053623939028,11.26457386718972,10.2772359146462
25,3.5287790755603856,14.484898147377661,3.3103871423126234,5.6643942647238585,5.967473517893106,7.468453406192833,9.069270227143223,4.142159089103758,10.314671330718637,3.7360135230383102,7.170807662028699,9.68089762842925,7.641056327984574,5.288706049330472,9.352506294500348,4.733985487627426,5.519662879217351,5.786186732425934,6.58428066789127,3.0457332317024233,5.412598315798864,3.4073461158821927,2.1867968219003977,2.4348420798505654,4.714238200586126,-0.0,4.064760263985117,2.312427692363121,4.958564601652811,7.929102374607116,7.128809069297956,6.501083334696161,12.532830601217498,10.524645842196177,9.076011823528985,8.463939883832197,22.066407984954445,9.459559032698687,6.792253534670159,10.368204242144545,13.29941213589031,3.196857477543976,3.601130113125798,3.563916311897118,6.021958005236018,7.174879944637309,4.973045602453498,7.314269514836408,6.106623118741975,5.325314078355334,4.611733931373216,8.170754232191923,11.663053921471134,10.303737778505726,5.3635219988203495,3.527099958118368,4.662541846407242,6.5530438117244865,5.302485093490338,6.08249661104402,3.5158162434027243,6.542313284195255,2.6943596262095038,2.5860792995842004,2.91804890543065,5.11653245426526,3.3010699302767215,4.4255686782334385,3.6576199457164558,5.5242226804363925,4.5298095358658355,14.557971065308276,6.601809989376859,8.231817662978907,25.27772080700945,9.087685592252464,10.84284836068396,8.28601558783208,9.470632750682727,8.3336768557475,7.89923411241857,7.991689116100648
