,0,1,2,3,4,5,6,7,8,9,10,11,12,13,14,15,16,17,18,19,20,21,22,23,24,25,26,27,28,29,30,31,32,33,34,35,36,37,38,39,40,41,42,43,44,45,46,47,48,49,50,51,52,53,54,55,56,57,58,59,60,61,62,63,64,65,66,67,68,69,70,71,72,73,74,75,76,77,78,79,80,81,82,83,84,85,86,87,88,89,90,91,92,93,94,95,96,97,98
0,-0.0,2.0608406413202234,1.777113885890859,5.059827593138406,6.238032803599387,10.991234651451153,14.343370848434535,7.820570450459905,7.367101750263089,9.216588972359315,8.56616215290795,7.846477831989825,9.148616603757269,8.02442114572439,8.506954569131643,7.962243265474152,8.51631090892106,9.625766320904903,9.631547505398277,9.777019340899162,9.829537619448152,11.78472844640545,11.224690868892116,13.643742926638263,4.442902024244623,5.67363043654865,7.641136683458144,9.603638823285529,8.78952627605643,6.895338673154522,12.296652634434238,8.668666730971271,3.04954021343988,5.843879396735302,10.02807071844025,9.586760122677054,9.001298167833841,9.843326638939756,12.562129057205858,10.244416488034448,11.572755210914096,13.844039691738894,14.270783735486104,14.5507745666642,8.218107827217056,11.312381218402479,6.91118199766025,8.984947793239142,6.3355845642043525,12.035925227931488,13.231712528610393,13.102980993450952,13.95225619383421,10.700103436142527,17.40741693458298,17.77271331956657,18.5933104339426,10.9781281079914,8.295866159435242,17.389732982656874,26.7844135641995,21.757094292831678,23.447961442417803,18.002246931687523,18.340440583925087,23.996462397737417,19.742691179353617,19.624720796852227,23.13264670933459,33.50673553318417,31.225607144859442,16.32488693111575,15.001128862989988,13.851632954172777,20.830486784909983,22.430824596744042,14.931804398337675,26.746945214970165,21.04875165261188,20.58505320234997,26.95298658851037,23.578511425502036,17.392409072504627,7.4472514588631205,7.88396099486989,9.833657269626137,11.272491356672019,11.26560512832986,18.48194514550203,19.202878180864424,23.628239871157298,20.34552368192842,21.436753675551234,20.458793204009645,16.20784069781671,14.752599924527956,17.75162268103293,15.150016906020602,15.075510017690872
1,2.0608406413202234,-0.0,0.7919345778404264,4.864139979106359,9.45732483650621,14.351452306605191,17.619388360406255,12.418210186249157,7.626726574057243,13.506006356567678,10.056864679545932,10.341148038778135,11.735763169355312,12.852495852304122,10.498310136228932,7.181567920825041,7.526461412208666,9.947596590103753,11.124977712116298,14.695929880786956,14.509363152581923,17.013675082991856,17.14739145967264,18.419839205723658,6.782977496624285,7.9624906057683305,6.492017237830839,8.374557577225293,8.036526983907292,6.215476375940818,11.626433876661672,11.36115300560753,1.4377828351864648,8.968170733758058,9.008299152322175,8.019301400158644,7.105017685946557,9.312232800734987,11.512490142523218,10.424575173785746,14.873945702590387,17.86947774439875,19.126072817399198,17.397571736742936,8.438231524700463,13.225765505020231,6.82051965576428,11.926621450602589,5.107343428685833,10.820719117163883,12.863165922174524,11.119682641440658,12.725471887430647,12.267871230504259,20.548760664070247,20.93121683834955,26.87060593194209,13.137332440988272,7.610021808271162,21.6702987918287,28.859370377100976,26.692640706564973,26.92444793992636,20.97013876110899,22.02460636174062,27.23393513420175,23.68765352724535,24.256482320568637,26.2057434013817,39.64034059908145,37.08055935192313,20.001623926150486,18.81993682320203,14.816510033305168,26.034048754967802,27.300710790730896,18.08936660208242,28.019453620147313,24.597806591921643,27.118916193769774,31.2889674909597,27.642335887460373,20.967035022079582,8.206011429747115,7.902824503822913,8.573171935296058,12.182467836434226,14.908091844223163,21.693231134330997,23.337653085293198,28.3816359683056,24.765249178323135,26.97497481465652,25.546841930573233,22.47484443100978,20.479019521790654,22.44956114775767,18.069406000095036,21.90400651322932
2,1.777113885890859,0.7919345778404264,-0.0,6.010762524792465,9.659594674399386,14.928148941708777,17.007911011759475,10.792042472560066,9.26191879383081,12.186230565755238,10.762461594615955,9.705727997594044,9.883631700468463,11.52938614099324,10.447168148097925,7.771872668750725,8.001513670601867,9.999050239615404,10.673175977938229,13.721386535760493,13.05042814049857,15.8549068296593,15.950249783903049,16.660905333359217,6.197934959733518,7.243903018027614,7.2427968898693935,8.831069368121183,8.51936333579202,6.526572497855496,12.306322174348725,10.936198056644834,1.9500198651537004,8.68942043594358,9.74941732573623,8.856250759010306,7.763511491019912,10.099681062874085,11.109065747423351,9.814734098167325,13.631792700895375,16.300780752890653,17.121663857805085,17.35196079090727,8.697715312925423,12.602544713950948,6.706919737032439,11.636752083300355,5.897420010993272,11.601952989995883,12.50186566828034,11.95982612780427,13.118560558398745,12.480436508378935,19.168021097048317,20.03834435953121,24.5537938730095,13.780877954540884,8.282204579399128,19.506253501441144,29.08461356805071,25.138691212771654,27.058559403597844,20.255468204902478,21.14226827053769,27.695612303600974,23.37284493240601,22.02676258867885,27.62787257533326,38.18463390565241,35.749662523075294,19.482378054248937,17.206097312464504,14.947381898616902,26.519687000782767,28.941075769415303,17.654614257748197,30.488672596568446,23.843707010533727,24.145675590617962,29.783456622398546,25.57982784518329,20.020239729458243,7.988103118216641,7.756890340248258,9.018558016634103,12.040220029868745,13.924366354882066,22.794545944904375,21.260579760406802,28.000585383960207,23.570645025250354,26.45379481877609,24.476241093176455,22.148978731381558,18.926966599828415,20.457990221419916,19.365384944365076,20.244225100076424
3,5.059827593138406,4.864139979106359,6.010762524792465,-0.0,8.82728516582601,11.798368958840056,15.855033962521702,10.259660962041913,8.760693197467287,8.259119389027571,10.684437872292614,7.82779051146857,8.390853389988658,8.270287409133996,12.325204451202222,10.86051378473253,12.105892457900074,8.582698875997675,9.598911921349867,10.948064406680272,9.339836098529176,10.044933686290674,11.378954931401701,13.143855654765982,7.200641438742496,7.620144336431064,11.544116910541971,12.22192407180174,8.347369309808062,10.740370340537313,10.736832296797937,8.795490844017312,7.426136836132451,7.3377646889907915,11.392383003862236,11.87941617805668,13.716151840559613,16.07690720731381,19.139246863174638,26.513468134467587,9.416992721081572,11.082796659980131,11.753173230282842,16.149552612659704,6.875872492906648,9.26700558897357,6.216154928527785,9.604451653878856,8.936678051165506,16.430999206608956,20.51270499235867,18.395513640940795,16.351422935007292,10.17415258639549,14.647776975356155,14.669161191602495,19.37320013972617,11.938088596852452,10.174777853463219,16.204896542055014,28.937680763236443,19.81913509804313,17.358606375363482,15.468841193803913,15.922910795498465,17.118309934439157,15.307210844698142,17.80623512146316,16.54500512380842,26.10612058415277,25.990453464097342,12.006520633693643,14.640800789780542,12.797332181373534,17.175370500417138,22.203606904596292,13.153852462981758,18.85350312758563,21.39482544845247,20.256717728699744,23.012891077275043,19.624125883045053,14.159000595761723,8.83573558137705,7.977754535855981,12.126135838276232,11.01319501026651,10.243739645171207,18.726635062113477,17.447930585306857,19.861406948415258,18.101793077551026,18.01821720898992,18.7365659733533,17.120091235617704,13.41071398366694,14.613523897630758,15.641416347058062,14.354602606672039
4,6.238032803599387,9.45732483650621,9.659594674399386,8.82728516582601,-0.0,4.799403824733216,15.621642497192525,8.511448822306772,12.961412877343239,8.075514232145647,8.03771780619684,7.826775393983491,10.17033022311596,10.92326741779377,8.203050572630874,11.30702130755113,10.48104317680024,13.012380049693075,10.806624196048627,11.365091270165813,10.888958932409984,9.641929314879922,11.142797999944177,11.390850415297997,8.96143723348592,5.940726290175554,13.524870796822166,14.529495312406006,14.458593244175772,12.49858912345028,15.511410735609825,11.851214756765419,10.86092237619993,7.5651836983162015,12.614736721300465,15.731258223361635,16.26890612679896,14.055993439651798,18.18332572752975,17.711147972793228,9.026167846515385,11.805541976988819,11.652869869403954,12.904872997901379,10.397632628564388,12.58516030366111,10.511775512125466,16.00332273288619,8.353975250493946,17.95147364368036,25.17615324474147,21.36375031692334,20.64135589329601,15.829267010426173,22.204718028389998,21.090942408292218,19.49224110075947,11.272122336519555,17.066075002015605,19.177436008727035,23.84425535679743,23.460100344563838,22.42026276004038,19.030116486116853,19.959985335143475,22.591147514587483,18.694530562476775,24.468605174033062,23.04019402830509,36.397685664488534,33.64417758530425,12.578949321735497,20.42009606231089,15.824406963922135,22.64234991716224,20.469888773525938,15.0967354114503,27.482783680159006,19.27504196114791,24.101450357358647,30.424985747683884,25.405094123411597,18.906309145046443,10.151950802337113,14.047635571316217,14.740448248802581,15.998510155532314,14.461053164304928,16.09120496457235,20.025016994221954,25.724997756092925,20.895345409717713,18.05328535289535,17.851769648191613,17.367486982858573,13.619527257072887,15.278473425947787,13.425893364931134,15.256682123064637
5,10.991234651451153,14.351452306605191,14.928148941708777,11.798368958840056,4.799403824733216,-0.0,14.94035033893012,6.174967223604454,15.462146928083827,7.623310111932331,8.933957149590775,8.009017184776926,8.238558571895748,9.854739754194583,11.69817964569219,15.061603873778186,13.206058340650815,12.524452867353988,12.709653190829334,11.717726796305257,9.901440235146698,6.8139042830720316,8.415796160600488,8.443665603177962,10.99293492085513,9.829047538810615,16.675884107166063,18.07738940411332,17.739461891762378,17.44187351090252,14.60993115163549,11.647223556101256,14.167132688474553,10.08252949213641,17.442820074093987,18.797994605339145,19.915407726762176,21.77870712802604,23.071418689357984,24.64618243308291,7.007685486394414,8.414255586060108,8.365506829477454,12.542979988695206,13.463354601030867,12.161986438024392,15.937403764967101,21.125606592452375,13.828756271306847,20.640931599378884,32.19548443202333,25.209547128769895,23.717772129724082,15.487925282663172,19.775755910162957,18.75902397237075,16.64664072086937,12.984007935077182,17.71208454391076,16.386474445202936,19.372015734777904,19.29158535684711,16.617319980207615,16.134318993546387,16.414297548426422,16.488623277895545,14.528079645466946,21.94935014907485,14.192256570152729,31.68902193923907,27.537204309680813,11.686700382317177,19.344157354181647,14.6713905524489,19.56544406816908,17.765760184191894,13.58578321988905,20.420771156661612,17.537457187342323,22.601235450250968,27.13705534632456,24.026122552089628,16.685019352774006,13.102341554332014,14.462218921908867,18.302647748139442,16.60612863865199,14.435354235348571,14.347569709431898,17.137020034980388,20.348301303509537,15.152497081586386,13.888908911413383,15.321009691922267,14.764091043976872,12.983356728956739,11.172680347089207,12.833391825215283,13.61468470969571
6,14.343370848434535,17.619388360406255,17.007911011759475,15.855033962521702,15.621642497192525,14.94035033893012,-0.0,14.563330959641656,12.40072828789698,14.945882377939645,14.912240514880203,11.829270589830909,13.943231302645426,11.02761705494955,15.020501318667113,19.903384220824453,20.625657739515265,15.945001508108362,18.294483724312013,14.173339239338803,12.196438186699606,12.867869445336845,6.283911746239142,6.202227593330543,12.12661167558366,15.159657463469323,18.26006472171446,23.702507480242897,15.96240028323436,17.32969300010408,20.134219806401475,11.42457229289479,15.275131463732038,9.082791042766887,26.33216525644616,23.575383670737946,20.212204477256627,22.270491298448196,28.78938745182071,26.307277546386377,12.598724956881307,7.05875376468946,9.394601364449397,7.836966033645034,16.45580744087203,12.01727376013607,21.74537818589543,15.06988061747497,21.819767993596475,23.76412009852104,29.27271652103649,26.985861733815064,25.056469398930762,15.83433798516295,11.622744917341949,11.744630561114398,11.809392267764355,14.898246058482872,19.976337526238616,13.491384868236404,16.36280125396038,11.62289559978701,16.728587631109793,10.490346123283251,12.177984320949944,19.131472337728606,15.1572222496668,12.68758717911526,17.601939259174664,30.418405872988377,25.957137253940793,15.337182488347072,17.05401797565079,9.189051667426435,21.48198191245235,24.125548234529635,10.1530616274674,22.78384364917562,10.237344435409335,12.303819520078296,18.327933433866264,23.84502738342371,10.870148351953878,11.31286605190985,13.909910679682127,17.74460392458681,16.170110952016024,15.906105592871844,11.14552970513462,11.516193512120877,16.94679469682325,11.341454780043383,15.427322920245823,9.7400922838016,11.110155316991294,12.644707631015757,10.482322222979425,10.194158697939416,10.978280717222287
7,7.820570450459905,12.418210186249157,10.792042472560066,10.259660962041913,8.511448822306772,6.174967223604454,14.563330959641656,-0.0,14.420521813581624,10.070606102012437,6.2625881350430666,13.85615269967353,6.465346907652952,6.675914491629941,12.451886071526289,16.125864261661267,15.855705197275077,15.518213166175654,13.7663972407206,11.244740476234687,10.611888413801358,15.49273185439023,11.05241725639137,11.086062696577688,9.59885136612938,9.200212289431311,17.5676254554419,18.110437055030342,16.827692470896846,14.074276840850908,18.558364945222557,10.329932593325356,11.415966692896683,9.353762147183843,16.707978171609952,20.84851498308908,17.880149009810083,16.608323703803066,16.76489905606569,18.90153126629077,14.693079773353196,10.938033714248862,13.125008265922283,13.374498861765565,15.68741315296682,14.464595212013682,13.72195946219907,16.612876370987564,16.28280350017114,20.120958162662298,26.62660881128979,22.35862559975051,22.93343273675714,17.071128736781304,21.862533581456756,19.64917993819955,16.525212083170075,17.32976207935846,16.36915345068243,17.425615642637762,21.351800042979292,22.33012712736274,26.763666321926085,18.434783919238473,20.26088924751949,26.945767826178944,22.023871145193244,20.21050738165131,29.579413821817187,33.842974029037045,29.781142883438942,16.23709904075583,14.231625361272117,15.316791346385713,26.75789117718982,26.04324817156939,14.668642443016589,33.23872636964944,17.42903143808941,21.632469970274393,24.933269104779384,24.30222493715594,18.117602070911428,14.467744337686051,14.863794643431369,17.179714024715565,18.000995221242732,16.77804429955772,16.979373754487504,16.753106837932233,24.096871862801596,17.84892135748769,20.87558386783674,17.47352253124969,16.94958371934877,15.61645611971221,15.223881810813948,15.167330167138234,16.96696935012344
8,7.367101750263089,7.626726574057243,9.26191879383081,8.760693197467287,12.961412877343239,15.462146928083827,12.40072828789698,14.420521813581624,-0.0,10.743105123753717,7.136588977443209,8.78330592826802,9.659543551398325,7.104038049184065,6.150435362663633,9.292869168685762,11.980411822108325,11.726734058376937,11.941875391149813,10.791402859858914,9.096591543466339,8.949844841226184,9.218156332911901,10.34329579616138,6.3447761962509395,8.722008478809643,11.728764058169173,12.957374803903168,8.018223158153356,12.063072666706532,10.38045942522073,10.274588687244433,7.647848142299609,5.487030260047909,10.052379542016538,9.735102035134602,11.725030144288276,11.654201327847774,15.724190613355093,16.848754327126628,11.14510424496213,10.745024551706605,13.860219349282694,11.493214795500117,11.282049404089642,13.643327390795928,11.774617326944602,10.938727430976254,7.855781479244466,15.436881531289385,17.275353261805517,17.58057954399214,17.778810932258907,14.815937057295406,20.0145380445421,18.896834888897548,20.836391831406186,14.642230382245335,12.85067773276083,21.917582450322918,27.102994531170435,21.183394577090287,23.84597748279953,17.78797310173378,22.967480953348804,24.243336858927833,21.19228136884669,24.151441953971094,21.040743992773674,47.21974469493226,44.1335758615713,16.58480292928859,18.787645735802496,10.859246725846447,27.405079423398636,22.928848761924126,16.26988242241969,28.701144698700308,18.283846049786906,21.980909685200217,30.075651360053264,31.828980030568385,16.08843267898803,9.841043656330571,12.541240190554916,13.155849049012044,13.335595939712123,12.793135475524512,19.9432981437987,22.212005730154676,30.829816949202783,22.45079016292887,21.423774500697274,18.980946039574523,15.46851735264324,14.39082687607397,15.175438728378698,17.920991378998355,15.543858192878572
9,9.216588972359315,13.506006356567678,12.186230565755238,8.259119389027571,8.075514232145647,7.623310111932331,14.945882377939645,10.070606102012437,10.743105123753717,-0.0,6.0905332942440245,7.208970295738776,7.0774855050973,5.210573676795933,5.8442870124854265,9.843257303233793,9.099983931624815,6.104962188579896,8.672636789197666,9.364663875546263,6.410476767050467,7.077931168423369,6.949526812617406,7.359288287562345,6.4326702889332585,6.018241130901628,11.275283254965117,14.710142539939095,8.412739810781442,10.78519401767085,11.247591351358073,9.181321762506922,11.261022511072067,6.247315843606938,15.43137787305856,14.313412257523858,14.18418815007541,15.841593104030652,17.96538162479058,18.529874505026427,6.415570907143989,6.428688315789175,7.6016859954379195,8.853290568216378,9.61054435615944,9.992788842664355,10.988024578075725,11.303586124916906,15.030807820231576,16.188975481473566,22.955348327697102,20.798079399097116,20.08852517411939,12.427543830117338,17.61750126195161,17.749159659827146,13.345273654209297,11.670973947620327,14.615930512034836,15.56415167332336,20.996226149189493,17.2774940650221,21.710465657873826,15.023516073532415,17.590383235240974,21.928277794404575,16.62607556075009,18.95182035443009,24.508847643439587,31.98844683943844,29.110953234308056,15.581012879222087,15.456971839564977,14.595985871893802,21.234985971460823,18.364151761371723,10.551026420113905,27.865456863122258,16.525475259508365,19.013493868859666,25.746656899965938,21.576048126634845,17.94757454462358,10.484307751726252,12.210932508195171,13.169822806695198,13.072446074499943,12.877800168684375,15.321698108960165,17.135366455938073,23.84075872661446,14.675516109766251,19.36200859009179,15.651530020614356,15.509526888987326,12.447610914459696,14.071912669711145,14.5711609649172,13.283202897414535
10,8.56616215290795,10.056864679545932,10.762461594615955,10.684437872292614,8.03771780619684,8.933957149590775,14.912240514880203,6.2625881350430666,7.136588977443209,6.0905332942440245,-0.0,6.869821065541586,4.889985817682415,3.986985674549969,4.879713615144279,11.275257754562013,9.68352221725105,8.921147830010266,10.550058621236799,10.12042472138439,6.651058691244706,8.799457909129304,7.446827635986231,6.41920147506583,5.107281070100802,4.592890830802614,10.726656482342678,13.648529257194156,10.256927259676289,11.944861066484284,11.032634839115307,7.7424770025965,9.13203949869709,4.610284465469278,12.422435505919486,14.09031060303112,11.292900140106298,13.204701803083305,14.543587854099792,16.71467978927603,8.586028346337743,8.329476051448696,11.575430876322658,7.553230939183691,9.883915817277614,10.57327068783086,12.857561663290257,16.220612925109663,12.476350349480436,13.8291084817595,21.63318574342393,17.29756237737626,18.600964693774124,14.359833435620088,19.195447603579574,19.311186813324714,19.675630227265785,13.562823445956207,14.676083516081292,19.632973336911462,25.740163729253656,17.366552932103826,23.720026909826796,16.738759375249796,22.008816660978237,24.093149762365677,19.28071760048132,22.650443346882508,23.509985400690915,42.45237492428335,39.48562542623914,16.287406082873808,16.136625827804664,13.1851934870403,27.39013641376017,20.3344153048321,13.613484989679668,29.7726676581116,19.24146002920272,20.857384268642065,28.989608012583705,28.97764554665589,17.297071431289982,10.541640683938208,13.210680140337331,13.624714201742403,13.098313605327455,13.680944180399564,16.465789787566184,21.751152826028264,28.211522377844208,19.198501359309315,22.04455475188082,18.058626680701348,16.154953245595934,15.534538499854563,15.706625077392477,15.779704378215243,16.25257759071185
11,7.846477831989825,10.341148038778135,9.705727997594044,7.82779051146857,7.826775393983491,8.009017184776926,11.829270589830909,13.85615269967353,8.78330592826802,7.208970295738776,6.869821065541586,-0.0,7.22147294276967,8.583626037948191,6.297459491405543,11.11203460385277,9.225940873680113,11.706758500624268,12.648704638126782,9.36827319020858,7.259407750466605,7.131018331834584,6.775269478228726,6.9760626905787255,6.749648556866409,5.0789857187509,12.798179903998966,14.232159362751922,9.552474249792413,9.324112348928201,9.041628535087021,11.003341938645026,9.707845794247335,4.941098760803415,16.983984719129893,13.885873169965015,12.306371458132684,14.135487351549436,17.965316891224905,18.686619582383063,3.913841732560422,6.454065601884115,7.601796695572553,7.415686947811171,6.587760064916007,8.198394918405686,9.828827360017396,11.13930782877008,10.38583845187776,15.214455507057021,21.482578167577532,17.781030582011812,15.340063874772564,11.233783903380795,16.485371295647308,15.693413977747914,15.711875299737619,10.524094890276562,12.100248468222693,16.653033444301432,22.72770904710596,17.31531925751206,20.316235247036246,13.68756119657268,18.359750100449045,21.148992997529874,16.931456805375742,19.93595696005803,19.511826884983858,39.472635837857624,36.04552500193018,13.524072433675888,14.885524790928038,11.183471686678025,22.807046670605935,18.734932750745408,12.442091373245841,26.505772439178234,14.94858622813655,18.42006982669567,26.00477658370024,26.58774142401541,13.85048548735938,8.641007386086876,10.562310028348136,9.408970363896447,10.462487024146908,10.284289608556463,14.237504230472844,17.619083789143588,24.478839727525916,16.597210651140266,16.88791637228741,14.38643798669738,12.365451280166878,10.734600680297858,11.208939726765191,12.624909987078968,11.684539492718038
12,9.148616603757269,11.735763169355312,9.883631700468463,8.390853389988658,10.17033022311596,8.238558571895748,13.943231302645426,6.465346907652952,9.659543551398325,7.0774855050973,4.889985817682415,7.22147294276967,-0.0,3.8601908377800203,7.139685722815885,10.83610209195015,9.06016113231032,8.71517686567988,10.062103207017339,9.369826397933322,6.378171795952353,9.008267940232114,6.39765687543483,7.259691703800261,5.220905641584736,5.188500432493779,11.718327595448077,13.193886245857673,8.20331854094509,9.543464567432302,8.165729258578837,8.781222281097467,9.58707457723855,5.3042199010952755,15.088258085586858,12.781653377298401,10.811210682263546,12.872265902142196,14.775825605793267,16.5330109591942,7.651141704841209,5.796978168410657,8.819317963694475,10.052150220308787,8.67134161836971,7.636367543997323,9.111162814884837,10.040390064519741,11.437531509351478,13.391265894540807,19.595258608447384,16.10929846154357,15.258421487475017,9.718341320619869,17.097302968516054,15.803518357803823,13.901710715037524,10.261165999880495,9.055782677971655,15.011377625481368,22.861593767818558,17.448685440515714,20.499119554878074,12.805653539154385,17.434162151398592,21.227384718094566,18.077300701718737,19.849197411296952,20.051820103287103,39.28426635864618,35.86231682568788,15.884994223880206,13.362398935449262,11.334786937874751,25.06286762517282,23.803652192503094,11.16330403049825,27.526187264217818,15.367464120963742,19.206680547988327,26.541343146179255,28.0787367915045,14.736992379389418,9.029024763067179,9.09971658943077,9.258144044186917,9.007765663832494,8.810947841359443,13.499517657481523,16.366821718033666,23.651830243773947,16.228722040778667,18.696888127961227,13.733266363826477,12.606264181752987,9.942169569666182,9.534768846330863,11.722650333217949,10.349751648626967
13,8.02442114572439,12.852495852304122,11.52938614099324,8.270287409133996,10.92326741779377,9.854739754194583,11.02761705494955,6.675914491629941,7.104038049184065,5.210573676795933,3.986985674549969,8.583626037948191,3.8601908377800203,-0.0,4.735703727205727,8.647505035790616,9.423236501236463,7.597595238970691,7.30526227677953,6.119593735282691,3.505534206182625,5.4688976265165685,3.370227248885438,4.400821871048997,3.3436730232367786,3.3488333765884057,11.292564743516358,14.145839300574343,8.571506474473173,10.272144565065668,9.170587735027844,3.862550572225035,10.299162290716973,3.0065412288785898,13.283481204407288,14.178092665911315,13.453423633326684,14.885259451256132,16.140332507751697,17.007765859014015,6.131244254754027,5.166015053536104,7.017168912153536,6.548404213353423,6.537810761549359,6.50665486531275,8.485531039659882,11.521740612773275,13.432924727023506,14.236324892438489,21.68835077377189,17.542594526709106,17.44509482164783,9.581677670099896,15.004938150260559,14.45411765559786,12.646119975377774,9.622602556281269,10.724536523382719,14.036108859109657,21.848947094772353,15.917042038486308,19.10532026611353,12.013237405719149,16.32132300015463,19.726723950116874,16.129651132655095,18.105606710204995,18.750527645681327,37.61736461853101,34.77154721673504,14.931995492762729,12.085060194695453,8.881999434038946,21.06141894234746,18.16905995453628,10.899506261595777,25.4143466361151,14.446414650558484,16.91471226756613,24.67326369627226,23.94042003644254,12.370140431699461,8.238353891451075,9.657563252537008,10.790743481945228,9.171657676239604,8.376302842341538,12.165029323888518,16.104134531299483,22.84715335977047,15.762250329391577,17.015241628432246,13.283725563542665,10.32404732274644,8.970029090105253,9.640106695712255,10.303035612136464,9.089995759187339
14,8.506954569131643,10.498310136228932,10.447168148097925,12.325204451202222,8.203050572630874,11.69817964569219,15.020501318667113,12.451886071526289,6.150435362663633,5.8442870124854265,4.879713615144279,6.297459491405543,7.139685722815885,4.735703727205727,-0.0,8.441184032621845,8.555495236701578,8.245200374143435,7.841471460497616,5.752719481466026,7.220873325235994,8.527903127384947,6.935531946691525,7.743973002004539,4.4381694667629015,3.5454479576128843,9.658604371913519,12.81296006308696,6.8634015184255714,9.516853686024788,9.685807831395113,5.533463583412474,9.601148416887884,3.8782416475025108,11.257994496956956,13.253866917439309,10.484541415902756,9.922316849185234,11.11386015113972,12.898152554250242,7.662628185784251,9.657323120910313,12.889785489102202,5.227128550117772,7.586211731812356,11.134313318538991,10.962472949988559,12.067205006484922,11.968313815946626,10.76570140427576,15.72672912354306,13.177826952449255,15.552068758157084,10.060964071747438,21.019087625417512,19.226906122300175,18.251643870472368,9.34643629358117,10.647974043142282,20.112100145097084,25.133315854650156,19.763870253558988,25.775879578134106,18.178996084226984,23.105263883299326,26.762183738615054,22.068970045060905,24.718293539699037,24.06331022589328,46.73430399092194,44.224068715224185,16.400569559807796,17.01224201586327,11.97578342989184,26.581347985494094,18.78193861430028,15.722930270102065,32.64618730236533,18.06681611003588,22.033918236039508,32.13615176661762,31.87768292939413,17.173114100738623,6.532535970721021,8.884508614160072,11.567721788965864,9.299098674474426,9.102924355476146,17.94197079021356,21.34609868959687,31.00242244296366,22.948049604892912,21.592551342696865,18.92667884481787,13.984595457373308,10.88028839365788,14.397956742586597,14.451498557399402,12.352369625608452
15,7.962243265474152,7.181567920825041,7.771872668750725,10.86051378473253,11.30702130755113,15.061603873778186,19.903384220824453,16.125864261661267,9.292869168685762,9.843257303233793,11.275257754562013,11.11203460385277,10.83610209195015,8.647505035790616,8.441184032621845,-0.0,6.645183320597864,5.979583090470531,4.04215016206076,8.972520648173173,11.035671610927988,10.302717775162785,11.181917332242582,12.737660645193289,6.433371707423161,6.3495797013722965,4.728130345555672,6.276434680233959,5.412200519580036,5.8534177079286405,7.6429791582598074,6.469163589642383,8.063189338115604,7.417326932573405,4.228855625349173,5.3326283502489815,6.010616480699784,7.957219475649949,9.454562777602737,11.453022353657905,10.226222109445963,11.397166767263933,14.297929320203881,13.885107461728072,7.526436521261966,12.721575748715985,9.273856736520255,10.288734356441374,5.872189457832483,11.631399720515924,15.576544291796882,10.737821699614784,10.936636211031475,11.200113126285464,24.281112790835095,22.36287355768192,21.898998690913377,11.402611421843439,10.053998415839253,21.157655311564774,30.131194466658624,25.535932831200817,24.04899191311651,19.369086721662367,23.694557668059403,24.557919145741394,21.173601909203555,28.382083565873593,22.078699524569217,46.57606184867137,44.013592011054186,17.472594637597652,20.941353841292926,16.895940935704417,27.858322467912824,22.826654962064353,16.849843956276594,30.77272904571492,21.617681865291008,25.978058647835972,34.25483554058802,32.82749579297489,19.734696946318195,8.013682293235739,11.009271292323183,9.244942784192236,10.935652076169214,11.140579202137262,20.386215657186558,23.196705593129938,31.204981205332615,24.552375774522137,20.94951099715279,20.285685968490686,18.26855922313483,12.162689586212167,13.748621521142883,16.564788412818263,14.314116067063358
16,8.51631090892106,7.526461412208666,8.001513670601867,12.105892457900074,10.48104317680024,13.206058340650815,20.625657739515265,15.855705197275077,11.980411822108325,9.099983931624815,9.68352221725105,9.225940873680113,9.06016113231032,9.423236501236463,8.555495236701578,6.645183320597864,-0.0,4.332834144140093,8.361004317914544,12.723285250753518,11.628377401871102,12.197437208399236,11.366173865673758,12.96947879491476,5.903247823657558,7.7274884213458,4.447263100816415,4.826050200281486,5.855767725415519,6.7479536017362225,8.47766503585164,9.75788445514671,8.866879126136016,9.793707073546434,8.712557289956289,5.0247465181951245,5.220759074529807,8.098398917871593,7.484384809463136,10.679372025248643,8.924674910439547,10.243865599767519,15.419737999021711,14.713746332083257,9.681359081009363,14.106870786028127,11.64362685805522,12.192642585082911,7.181981646966787,4.714128857106838,11.72943004104985,9.388773939515472,8.973035704698317,10.980551372422122,24.929425841038036,23.324304215994903,22.41021270021943,12.630627014621505,6.563661343371873,21.9682398097031,30.121952755796258,26.920037599355815,27.868353330428832,20.638128497000373,25.606032383372014,28.41952275553438,24.053842510419116,28.779062221484935,26.088468400036387,47.38686643385103,44.308467096620184,20.211924672440446,20.933067419120896,18.304943901239312,30.58199113652488,22.208375726504567,18.10994118475906,35.41219058664129,22.478175161427924,26.797960953834405,35.27168200476394,32.3375203422342,22.00217160227255,10.439281466994514,9.53888721827582,9.821115425003537,9.956539343175699,11.89561771873466,19.61539679581566,23.880081488718105,33.2312284468521,23.857985412659247,23.049545433132767,21.318260855905343,19.87612613216949,15.171803896262231,13.913422460916122,17.306892575003946,16.505774518532263
17,9.625766320904903,9.947596590103753,9.999050239615404,8.582698875997675,13.012380049693075,12.524452867353988,15.945001508108362,15.518213166175654,11.726734058376937,6.104962188579896,8.921147830010266,11.706758500624268,8.71517686567988,7.597595238970691,8.245200374143435,5.979583090470531,4.332834144140093,-0.0,5.776831263267207,11.0862116828264,8.525867699652398,8.627143631327202,9.535162071438203,10.775237518793293,6.0080103521737644,8.491725217757002,8.152019086549746,10.471936358275684,6.4731947345314245,10.559799792427732,6.542222431688731,7.503963541239961,9.138407818403197,9.386480951616758,10.528998651554144,9.08103021663562,8.929865653564912,14.85154064343294,15.533526849200499,17.496934646272923,7.89552165317382,8.044986160593297,11.850698213940904,14.599622910332707,9.13068580699617,9.877092624492763,11.082876188087857,11.357331706875366,10.02390899568337,11.294930024970533,20.428950147986026,14.222880536398245,12.839938973099272,8.908752378903557,20.765942991778857,19.62595214752137,17.40590235877956,11.768653251365553,7.835418098664172,16.4960344463894,26.550132770634857,21.73223090233223,20.3111791429573,16.47226399091276,18.309831539450656,20.096481355530887,17.66280242122122,23.281752904651682,18.495723118298102,35.72087733363272,32.601786186363185,19.5773752575839,17.774180313086063,17.093131980896153,21.91792150769668,17.58821329574598,14.182019607546376,26.36741869424214,20.657259860266816,23.01336171323288,28.453312430561127,26.88367073552792,18.886402443008105,10.75190012533916,9.743669817436135,11.559726039990801,9.616723697307119,10.266862828651327,16.74127865090969,18.864454691091645,24.62783428682147,17.178732933434542,17.714077735957364,17.0389700616496,17.027688378914924,12.707558629302286,11.259778636074364,14.960213091119027,13.638645986924336
18,9.631547505398277,11.124977712116298,10.673175977938229,9.598911921349867,10.806624196048627,12.709653190829334,18.294483724312013,13.7663972407206,11.941875391149813,8.672636789197666,10.550058621236799,12.648704638126782,10.062103207017339,7.30526227677953,7.841471460497616,4.04215016206076,8.361004317914544,5.776831263267207,-0.0,8.847312230402666,9.22758862812721,9.058803484765397,9.519646311475645,12.335213026634117,6.30146374170854,6.466906812091738,8.566827357593235,10.744815603734553,4.934087230154112,8.461378866904061,8.267121761682352,4.886150736362882,9.91531743565094,7.97484899481203,9.234995886159243,9.92627034680577,10.12361329276118,12.359806228744777,14.184360511758872,15.065057348440204,9.327984350260222,10.888702195485351,11.923402414521497,8.740971092007486,7.395755999811773,8.29463732000331,10.613208968325276,7.985443571434449,11.01512204774021,13.67790429793285,20.315437276532272,15.193370358755717,14.710661929656597,9.674122365414096,23.89681811249092,23.308342149474374,19.338270173838804,8.268851648274708,11.841009548906355,19.104184174237542,26.83411997225885,26.7549330222646,23.9313578630015,18.955159577031324,21.932627783181868,24.376196457354308,20.50603822273103,28.363651359993167,24.9518042800121,42.31075229787963,42.09375518072192,17.984574193826553,23.067341972839305,17.462460656282687,24.78169936519519,21.682513688662922,15.339398274963623,30.083524741523664,21.201170139064207,27.91284149493729,35.75316946568873,28.31519716677646,22.098064941937462,8.375136184412067,11.09709811840922,9.858580748724453,10.013093629886324,9.430906948542612,17.51849678060931,22.841578153073865,30.08421884993807,24.03100082422785,22.358385648902683,20.62082412835437,18.652254832952128,8.521069758636084,12.358999735038445,13.258371007427021,10.128268414104193
19,9.777019340899162,14.695929880786956,13.721386535760493,10.948064406680272,11.365091270165813,11.717726796305257,14.173339239338803,11.244740476234687,10.791402859858914,9.364663875546263,10.12042472138439,9.36827319020858,9.369826397933322,6.119593735282691,5.752719481466026,8.972520648173173,12.723285250753518,11.0862116828264,8.847312230402666,-0.0,4.812534142628094,7.504155063736315,5.780753087864869,6.067481320487318,10.807430986028702,6.007116305822232,12.587981663836565,15.125824906739357,10.827528886203053,12.889431835747091,9.488866184992894,6.120790992858441,12.042130870468021,5.156803048949931,17.283862865688192,16.674541742941972,18.015560950306014,16.861677650053924,17.57786024245651,18.411042155121688,7.906698224588862,8.03697226252205,6.896118741609363,7.152229785209627,4.8457285657734,9.213764232437889,10.951644010626941,15.59171278230036,15.175986104944906,19.957080722711524,24.52838201481926,19.850348132401024,20.103397107512837,12.576878087140434,19.483183752628687,14.024471145097063,18.90848572379058,15.24153443628547,12.941424244544253,18.009802596869008,21.896431514357214,21.955360320347268,25.457377720397428,16.92272923475314,19.026781796134948,25.872981342849304,23.237147479630902,23.555243637497657,23.4526901878949,39.83548273401921,34.75810073999839,17.653029861565756,18.2099146405204,15.777387931634118,21.205880746128663,23.687153381319213,18.109341889840884,29.98532427378704,14.564924295790856,21.438014961280615,27.6578458721803,27.467659952305358,16.221709156176193,14.391135768860684,14.932068049965407,15.642791303423262,13.43154915065582,10.79076090465768,18.5129030236496,15.949029186632718,25.46318996885422,21.33918226879955,18.205589711421958,19.16371841811835,16.726570081046717,13.271715290187498,14.827270974707691,13.881122404011418,14.531544454578242
20,9.829537619448152,14.509363152581923,13.05042814049857,9.339836098529176,10.888958932409984,9.901440235146698,12.196438186699606,10.611888413801358,9.096591543466339,6.410476767050467,6.651058691244706,7.259407750466605,6.378171795952353,3.505534206182625,7.220873325235994,11.035671610927988,11.628377401871102,8.525867699652398,9.22758862812721,4.812534142628094,-0.0,5.100401777478341,4.126544534565591,5.61965660743961,5.928265836202372,4.888031472307472,13.332517090676943,13.467067406771363,10.137021666350623,10.801382527596523,11.054139822979778,5.040263219394363,12.800615126456911,4.475609207183026,16.472467999430734,15.513746084036672,17.351796038509402,19.043334358303227,16.572870517177556,21.467951542894298,5.7101285916246,7.61830280432559,5.196595371566331,5.565764192002282,5.821725779108172,5.257242027324236,8.377848245409405,13.81365562929377,17.004248577998954,17.263994250074408,26.039092297308066,19.430453510070397,17.614223932853033,9.206609057335571,13.32362587658096,12.617403495231704,12.797717303851016,10.239595292970664,10.454822535005873,13.033489584007521,20.397665641656374,16.517336513601684,17.96641241476943,11.578826992212521,14.76680919856219,18.663723123786973,15.512238809106064,16.61000165821816,17.629664078691256,33.44205228067246,31.875320977938134,13.689829608002311,13.443893932422561,8.843686321893754,17.264551478267254,16.353540581106998,12.075349034381423,23.24070184711537,15.184240647401719,17.999417087716534,22.778973816916537,21.117839116443914,11.9953669299219,9.439827742309022,10.068936103688095,12.715906485894973,9.087765296777071,7.673040729962091,12.133715583714713,14.569090289800684,20.863510212822515,14.926077003016745,17.259735100177554,15.446173823751623,10.62376662493677,10.168656872284817,12.398727537718962,9.632245280636248,9.747001937563917
