,0,1,2,3,4,5,6,7,8,9,10,11,12,13,14,15,16,17,18,19,20,21,22,23,24,25,26,27,28,29,30,31,32,33,34,35,36,37,38,39,40,41,42,43,44,45,46,47,48,49,50,51,52
0,-0.0,8.386772867826743,10.445893092478206,10.97756015710253,5.257366073799577,11.287941261501796,5.327243129974004,20.726746187160412,13.33506726398671,11.937537058803828,9.039725228717206,16.33980929351686,10.14753381227545,10.433412600749977,10.053537342065525,13.095339655996693,16.037885952808598,15.265306378427198,17.833676708079597,20.98820581922789,19.186452789352614,21.13757988520058,22.03504328525997,19.331045574906714,14.203715056116241,22.77948000342124,15.66430354736566,18.987024426991095,13.740900765383792,21.721871381094566,17.088036775901596,14.508155966059784,13.822666494138144,15.346527108137261,8.529206546220225,12.291704458888644,13.103440307632443,17.72639500602718,13.077461188358514,11.906196050010715,13.711418792105553,15.113609311323724,13.171569354940399,11.850962281548975,18.070964054403944,15.405552856357476,16.16143712900674,14.343429535276107,18.852144987467348,13.882306423969311,17.004746624904907,14.915723512808471,14.69211416196806
1,8.386772867826743,-0.0,25.27675439844986,9.973281853156541,9.305167880814713,16.070750811420307,6.270581569813953,18.78422168069165,9.666533700082176,6.603969756458404,8.176763599944715,17.489841815784168,6.768738863036673,7.0268252411696395,6.139676247915281,11.221291366403976,15.253363187750441,14.00601446250654,16.2455497171358,16.150199699957888,13.675828329908855,17.984377076897456,16.317449420745714,16.577017797452104,8.848149313427644,18.599570299141984,13.877780949323714,16.713115594112278,10.310444426524963,14.94628582951301,11.633338242254823,10.320517638370013,13.31111326614409,9.003300307874428,19.042838430757616,9.012382458444023,8.533276704950868,15.416550097568713,8.267469765540516,6.637197073150297,9.674798877772183,12.392217074649526,11.924965104620423,8.900478741097372,14.37266513767361,11.043862410772052,14.000460199619418,11.853767857496598,16.371278082380826,5.5228687170356,11.802866794444622,12.673515253294088,10.254874326904837
2,10.445893092478206,25.27675439844986,-0.0,20.451731105259615,8.305684500555964,19.82270761232341,13.01688537873039,31.421922578176996,33.43360893299799,36.283899011157466,21.10813594232606,28.59536984375146,24.13040418888167,32.251716473765704,23.890817984899325,29.784843327320203,32.064515064232154,37.11716795143028,42.04428241757182,43.23825965815611,43.99806070798016,45.35045959127197,43.01766631830894,44.739950193235465,31.75600670924083,48.05872510224117,38.11606926809261,29.138689208380885,31.335307494990865,38.332657164113755,50.397646097331254,37.19011778961976,29.43859739161639,45.20453439409423,11.682238858704267,31.719096548001065,42.20737546950318,37.0395013614768,36.55638989395933,35.70331250749569,41.35689465297237,38.012012892534095,32.06428007720199,33.90499801955383,41.97722343635206,45.37671251232871,39.97817462393419,30.964749786972323,39.59772561836366,46.341215757478004,45.224634688890845,36.06662666413603,34.276991847872885
3,10.97756015710253,9.973281853156541,20.451731105259615,-0.0,10.752768173201686,13.414223639349036,11.142243756741516,28.777499076320005,17.030627372119266,12.754153473608575,13.277575809156483,18.696014211750747,13.964169640610091,13.521022823026035,13.06383069339394,20.091780135007365,21.07974895611664,15.302240588341938,16.98728702906575,23.26573251661972,23.355946675233543,22.117067942877526,20.357283990459766,22.93373877498278,11.950832564471435,25.60735160518454,16.954133677170056,26.129726613623145,13.449981570357854,20.955769139557592,19.19481909958158,17.149116271766736,19.198359356076956,15.344880818403292,28.22296474117791,15.933936032264299,13.099781238128118,21.31162634549762,12.990042344795917,12.067891876170918,16.49759716171804,19.292287770140568,19.488545589693956,14.430624996735384,21.47411968633826,18.71717121626883,20.02800442047901,18.193409293080474,24.28687750005815,13.633222404493779,21.136249851240812,21.732750310759613,16.621193543109992
4,5.257366073799577,9.305167880814713,8.305684500555964,10.752768173201686,-0.0,18.195105463406776,8.629956529969347,20.7680398709367,16.218287734981036,13.775436469508811,9.816495278464851,17.779024543660594,13.789077246944027,15.062945562356283,8.677934654527933,19.488240185831202,23.07912773210044,18.659550626082247,21.673672528341626,20.314046567436087,20.490675315358644,24.58606305542655,19.23600541777263,24.19531142224722,14.279963768157662,25.15711535190023,19.409082638876473,18.850735109749614,16.103829820096024,18.066482278796375,22.05846100937068,17.137459299105856,21.309447974865954,20.202841039799548,9.514255053961742,18.633460874961635,17.09749085402603,19.298058236268137,15.171021907449992,12.834948497148412,20.055548883086495,23.257409702441212,20.11210075045225,14.238231765580206,19.65721339784099,23.24034347036973,20.579527208955795,16.232958060894465,20.85627469845067,16.43452954582507,21.904256169883116,18.031756062793686,17.37016380405487
5,11.287941261501796,16.070750811420307,19.82270761232341,13.414223639349036,18.195105463406776,-0.0,11.81228614790912,25.286239010000234,19.07641119928641,16.622161947047022,16.039149716818503,15.188755583675652,17.938865141390725,14.924211710102771,18.201777758856984,12.938228256644246,14.321773393035434,14.8542453982984,15.65775541052897,23.058990034517088,19.584360191554037,18.77635211133626,21.26704965621487,16.785389116101314,17.434228200563872,20.601987204690676,16.285211966908424,21.53240991584058,14.30809551032291,21.375826410218266,15.51267709118305,14.88767968248209,17.634120452745737,17.97969604872942,22.405448045411294,17.01928652303659,16.373187601422398,19.790404932889775,13.987895865731492,19.37546042333221,14.087438551546644,16.260480561817317,15.215590194344282,17.601278318051367,20.084971191065055,16.385619661454868,18.087770611218968,18.491353646208616,21.354652784320773,20.54776756188262,17.064508596291905,17.949450229521318,17.88931585325518
6,5.327243129974004,6.270581569813953,13.01688537873039,11.142243756741516,8.629956529969347,11.81228614790912,-0.0,12.33655892534162,10.880597541195169,12.075070574041098,3.7097366295173266,9.789326758878111,6.444268036652515,9.066159617601592,7.165656543146419,11.048585863312905,14.114030717372389,12.39641219103988,13.844220899328013,13.55843164460258,16.028777204832693,19.47801651230175,15.568721458774293,14.06631706729236,9.826973352436559,13.968600976296429,10.914421682541448,11.205864192501583,10.756296143661483,15.616620489441786,11.903052778582648,8.998073452907004,8.244711974505824,10.036087255049098,14.802536085859437,7.072328301859605,7.953289768720131,10.14832730620882,8.778006689210596,9.047418968720335,9.027520058996577,8.647692568731491,9.777817526710022,6.5809714381174835,11.994306976099802,10.185231245541393,16.032786538177817,9.324108988065413,10.21650674497503,9.328175811313427,11.595638423762422,12.167059842249241,8.413594435479151
7,20.726746187160412,18.78422168069165,31.421922578176996,28.777499076320005,20.7680398709367,25.286239010000234,12.33655892534162,-0.0,5.580493887105212,13.506293447425875,8.392004374540184,12.508262134495325,9.701779940762265,9.099223987403416,10.268125353037886,13.829674634052864,14.72895713427106,10.016743938120598,7.237136396706793,8.426038552578978,6.879229203126833,11.931473032334653,4.929040488936428,5.311078595856433,8.299469646936513,11.40537395258517,6.89016209814655,4.153489622758598,6.888279172148337,9.182754759687763,6.2865114906628765,6.917476210319832,8.7232919597141,6.673042798660158,30.88918850362242,7.474540558343096,8.97601778163825,4.6379671264632485,5.311514901405528,10.467554228781323,8.361130403521159,7.56827861126676,4.913090120767367,5.755123406634332,10.956572293731375,7.944771492661942,8.862221008490426,3.8958064317374435,5.017047276160531,10.381727798991253,5.692559356432545,14.182541607653738,5.610933118285553
8,13.33506726398671,9.666533700082176,33.43360893299799,17.030627372119266,16.218287734981036,19.07641119928641,10.880597541195169,5.580493887105212,-0.0,10.01382152451731,7.304984230661779,11.722608832624493,4.924620839294261,4.042353615778701,7.8256098877458085,12.679904920689758,12.264050698423146,9.178182692459613,8.507397998596367,7.969322154808905,7.529013119830315,10.651677408056738,6.892256593512758,6.362142576203407,5.158815313183837,12.850049937205865,8.249253663895807,6.658768670480391,4.225053430723664,11.494903820321117,4.780329821159024,5.877568710182123,8.09960683165827,3.9120574281395655,25.496833287496703,5.243053186008658,7.206342528180101,4.902185884013723,3.8173762041918904,5.855866435613195,6.229138380195221,6.853310316721025,4.4894839048042625,4.404260423262937,9.311401336392295,6.870409106101337,10.426970562350613,4.70558945865672,6.774901472407594,8.22289817314397,5.550870525629705,11.32170994285908,4.8784057684989115
9,11.937537058803828,6.603969756458404,36.283899011157466,12.754153473608575,13.775436469508811,16.622161947047022,12.075070574041098,13.506293447425875,10.01382152451731,-0.0,8.604084959941174,9.676267072108416,11.804538040180196,9.700519002452442,4.404252093459151,16.670768689027657,20.8145029138489,10.204130932197456,12.6309071733863,6.991748702875244,10.36303786255488,16.552018575840677,9.2099463981929,13.253394626941468,6.159981109464467,14.129615124514409,10.917210422113229,11.422416859828424,11.707702788023697,8.410805191715623,9.145081404200079,7.4004864734075175,17.01066934225113,12.03721918188057,24.312650441687033,14.198395756900418,8.091247686421744,10.849807242444106,8.921202059424921,3.4574817413749246,11.511052747316514,18.682205083663025,14.121019545449762,7.732167776849958,7.882941684838701,15.575865100562071,13.543989280466638,9.79489148813526,12.740424327384426,4.040210555131035,10.373584241556328,9.871054646194436,11.970897246911782
10,9.039725228717206,8.176763599944715,21.10813594232606,13.277575809156483,9.816495278464851,16.039149716818503,3.7097366295173266,8.392004374540184,7.304984230661779,8.604084959941174,-0.0,8.250875855594865,4.896584847303206,6.29338726545009,5.491650275604651,12.317206887896926,14.86941109099644,10.594002694977071,11.797007854214197,8.37195741345357,12.714336123528437,18.219276029059937,12.086420041313005,10.684934925664924,7.272480354727596,13.021893478075047,9.028925725930423,7.263022379680657,9.361564466508055,12.32205915274449,7.794227286204488,6.111639984300482,7.609559970580358,6.800427491608653,19.575938248484096,5.228837535209242,5.970730476934636,8.101595242494772,6.844400814294489,6.362342042175101,6.278219172992734,7.332105449794768,6.819888277342578,3.7987199170242505,8.460292195258326,7.533716974809556,12.363874570394682,6.239480278306599,7.900716780636487,6.68906693668412,7.890462492388814,9.737846630396612,6.037004939655641
11,16.33980929351686,17.489841815784168,28.59536984375146,18.696014211750747,17.779024543660594,15.188755583675652,9.789326758878111,12.508262134495325,11.722608832624493,9.676267072108416,8.250875855594865,-0.0,11.799619162196711,10.394811921408728,10.096433713577468,14.534221524659321,16.257205281722708,9.689561633825232,8.277971271436613,8.492706836000732,12.863297012141382,15.613099897994731,10.798159192689171,9.926694852942896,9.205192170432671,12.116363476827178,6.3134973380535815,10.519201179696744,11.54065324661581,12.68439726387451,7.653871658921739,7.919465643388998,7.766901800709679,10.738439581989057,27.81937585733007,8.930314204821201,7.20033894489226,11.941461890957475,9.6906248401481,10.68466054081827,7.383759787192958,8.946257865737767,7.499862221167047,7.458677291003628,10.809202366401617,9.255718921735541,9.573159737307478,8.994826221790877,10.405969410023538,11.377898387199744,8.930075931779035,13.431184316249192,9.971969106364456
12,10.14753381227545,6.768738863036673,24.13040418888167,13.964169640610091,13.789077246944027,17.938865141390725,6.444268036652515,9.701779940762265,4.924620839294261,11.804538040180196,4.896584847303206,11.799619162196711,-0.0,2.9212843631641596,6.980650979851237,12.789175900815913,13.247918380885654,9.432820185452357,9.932459467017237,12.374284773203103,10.500072042721229,12.163804722145922,10.756138535329455,8.795218335897587,7.066971291094939,15.504174451505309,8.70697735182625,7.91790070158465,5.091256166173015,12.785058230115855,6.91323707587705,7.811745443704002,7.253303464129835,4.733132219323182,18.761147372651617,4.99868530913097,8.295169123647021,8.152947618722148,3.722271956965199,6.858342132529695,7.143219603729906,5.982427368996099,5.474516936002134,2.913796302663187,13.774133423178903,7.977768788286573,9.768447671079954,4.675001372394692,8.177113708420368,9.015798663788335,7.148428028308622,17.24247655226126,3.695237584172681
13,10.433412600749977,7.0268252411696395,32.251716473765704,13.521022823026035,15.062945562356283,14.924211710102771,9.066159617601592,9.099223987403416,4.042353615778701,9.700519002452442,6.29338726545009,10.394811921408728,2.9212843631641596,-0.0,6.214015095044265,11.639914705697922,11.25795370839458,6.602102849846501,8.139883030403233,10.651571164150894,7.991170330328974,10.156143694611186,8.5076428776147,6.907128815462154,6.724954740544438,14.191718781306692,7.096526942113073,7.580564775030566,4.078132366094638,11.775072993514089,5.165252856531037,6.418843705432917,7.257312688009813,3.606240864462147,21.03974631840922,5.180818653466604,6.28803475241445,6.864163242786577,2.921841938322466,5.268901730444151,5.969394560889228,6.4214816502569585,4.1344776882960215,2.8102755662779275,10.549783223403054,7.12479061427743,9.254060790877492,4.689572903861072,7.16755363249888,7.143294431949636,6.1061823044667864,12.046094769308516,4.659547884442033
14,10.053537342065525,6.139676247915281,23.890817984899325,13.06383069339394,8.677934654527933,18.201777758856984,7.165656543146419,10.268125353037886,7.8256098877458085,4.404252093459151,5.491650275604651,10.096433713577468,6.980650979851237,6.214015095044265,-0.0,13.380473584743806,15.720433010972423,9.40176391130203,10.277652033374544,7.013642203036211,7.342393144649534,11.652995395339573,8.371917319545927,11.69592696288955,7.539287454072833,15.595364650811852,8.131866773549609,8.95815614392834,9.280830610533854,8.117537420754202,7.6309910772057385,6.3581216250924495,11.122137979271205,8.123324586324221,18.696650552622074,9.281582433380859,5.396411064113346,10.18286504360258,7.109174989941474,3.008171259427969,8.269895506564165,12.678037244298444,9.029049271858307,5.738135318512316,8.687255668554391,10.82950726261851,10.281828771814755,7.403423414477476,9.675854015949225,4.536948905330813,8.289788547363184,9.257069926034587,8.832335725364509
15,13.095339655996693,11.221291366403976,29.784843327320203,20.091780135007365,19.488240185831202,12.938228256644246,11.048585863312905,13.829674634052864,12.679904920689758,16.670768689027657,12.317206887896926,14.534221524659321,12.789175900815913,11.639914705697922,13.380473584743806,-0.0,4.949638175426335,17.970132313430675,15.236264950113119,14.350307224434285,7.367005087066677,11.239889307247987,12.350488471238696,14.187421168093028,12.717937181381577,11.630631403766339,14.563683213435569,15.473414681190421,8.863485097618643,12.892495042971808,9.022993719559647,7.865173718668816,14.633719009630157,12.332624136317735,23.835693885659932,11.377486205352097,12.405506157852829,9.471432026580366,8.158892164279573,13.431100767436345,9.10928944879418,12.033380006884094,11.591008294685341,13.459893943420429,12.408464856024896,8.628595156227824,13.579144864669606,12.515838460067458,12.689400796864822,14.20536476270361,9.274486148210041,13.1221330763501,13.495218004164105
16,16.037885952808598,15.253363187750441,32.064515064232154,21.07974895611664,23.07912773210044,14.321773393035434,14.114030717372389,14.72895713427106,12.264050698423146,20.8145029138489,14.86941109099644,16.257205281722708,13.247918380885654,11.25795370839458,15.720433010972423,4.949638175426335,-0.0,15.211022104805384,12.499644716789717,18.330290256883554,7.974802158301734,10.34246015193037,13.507078718399042,12.801528428254203,13.95277093658336,14.185196180685141,12.69041068803197,16.810518206810226,8.50122696790819,16.535336526177694,11.005408673362767,10.550657621847558,14.720802215154446,11.163944752648527,27.087638478236524,12.268587022591399,12.52880583562414,12.430413153503027,9.20121837619423,14.954673660001406,11.324140599491342,12.096100026794518,11.631306873706578,15.296140564100453,13.160442430360444,9.052243450286465,14.223804259256637,13.152414720927402,13.673620200422183,17.40528879920236,12.36170307008483,12.719017377392282,14.836362606051926
17,15.265306378427198,14.00601446250654,37.11716795143028,15.302240588341938,18.659550626082247,14.8542453982984,12.39641219103988,10.016743938120598,9.178182692459613,10.204130932197456,10.594002694977071,9.689561633825232,9.432820185452357,6.602102849846501,9.40176391130203,17.970132313430675,15.211022104805384,-0.0,6.097241186210399,10.003994610339879,10.180055424965609,10.667018115305746,5.680163418714532,6.246308583773946,9.467982396295051,17.457033087152517,6.426963271924185,8.307412540035406,6.37106582536356,13.21770514266408,7.335202642613039,7.4827231295816485,11.5651665503511,7.058120067256498,24.43336662139247,8.491734056684624,5.9603073631306875,7.456027584828177,6.3275129282407745,9.566428633209366,8.463782503166389,8.797653551406906,5.724359363700683,7.937674435150926,11.515090252082064,11.637757168463175,12.20345860538974,8.509537012921445,8.56086565319816,10.574628264229272,8.742233924273206,10.345375395120506,8.776078226702566
18,17.833676708079597,16.2455497171358,42.04428241757182,16.98728702906575,21.673672528341626,15.65775541052897,13.844220899328013,7.237136396706793,8.507397998596367,12.6309071733863,11.797007854214197,8.277971271436613,9.932459467017237,8.139883030403233,10.277652033374544,15.236264950113119,12.499644716789717,6.097241186210399,-0.0,9.079413129301933,8.074873835306024,5.455150779154937,5.3900686877062105,5.479447924447756,7.695680318720228,14.020676682502732,4.261365731024796,9.67771922452401,5.181274468645514,9.513738194034504,7.830860148145612,8.092047206728623,7.222994658160318,7.420273051848899,29.370204989715376,7.205257264088677,7.156346798020398,8.15011588013448,6.495806113810142,9.416657701077021,8.31784606264405,5.911815756506844,5.9307437663087,9.60512940299296,10.8531406025311,6.853920519172204,10.47591868383488,7.838551664237906,8.014244199317535,12.394787597994917,8.713857397491713,13.182616330563617,9.279338127053789
19,20.98820581922789,16.150199699957888,43.23825965815611,23.26573251661972,20.314046567436087,23.058990034517088,13.55843164460258,8.426038552578978,7.969322154808905,6.991748702875244,8.37195741345357,8.492706836000732,12.374284773203103,10.651571164150894,7.013642203036211,14.350307224434285,18.330290256883554,10.003994610339879,9.079413129301933,-0.0,6.1003576824732875,12.322775968526512,8.226176519567007,10.055525268372152,4.784372616724023,10.374519815280665,7.45130299149555,7.951291619259515,10.157437026032964,5.2588528423940675,5.82888978887768,3.969450738089431,13.462888207439374,9.498009047204468,34.253492305889104,9.9542632314682,6.812510385736036,8.025591464253633,8.49491617826823,6.57812959999977,8.000571283828652,12.951121960504757,9.26972214620896,7.046999005306478,4.195404496001707,10.234363724001165,10.165108692219055,6.862974793943859,9.072255340680494,6.602278548688583,5.790892229488751,6.557420741473875,10.095922280294705
20,19.186452789352614,13.675828329908855,43.99806070798016,23.355946675233543,20.490675315358644,19.584360191554037,16.028777204832693,6.879229203126833,7.529013119830315,10.36303786255488,12.714336123528437,12.863297012141382,10.500072042721229,7.991170330328974,7.342393144649534,7.367005087066677,7.974802158301734,10.180055424965609,8.074873835306024,6.1003576824732875,-0.0,5.7492057545996404,7.75050578494529,9.602650938256625,5.807560524960099,9.730606334711837,6.616868997625766,9.813401909464847,7.059391346028252,6.757349833951978,8.378983246664196,6.897816424509992,10.96606576160807,7.064274112657872,31.602134650817195,6.993628393823885,7.862606326110587,9.130637466636394,7.601759792175655,6.090383353967054,8.079722854800178,8.427277167614205,6.100777070428473,10.603641592976517,4.655603436481137,5.25413631234476,9.344215896478056,7.394815036719056,9.3273662604459,10.355489852368265,7.900040411825094,5.779168704407793,11.698702990740891
21,21.13757988520058,17.984377076897456,45.35045959127197,22.117067942877526,24.58606305542655,18.77635211133626,19.47801651230175,11.931473032334653,10.651677408056738,16.552018575840677,18.219276029059937,15.613099897994731,12.163804722145922,10.156143694611186,11.652995395339573,11.239889307247987,10.34246015193037,10.667018115305746,5.455150779154937,12.322775968526512,5.7492057545996404,-0.0,9.060508381880041,12.881877342853935,8.309052724698313,16.30171920499487,5.070830050180153,16.527991572981303,9.036363633621194,10.278704757681231,13.895553754411594,11.535713173360874,11.00093220743385,11.542895231973523,31.882996529936506,9.983283542846731,9.91594868096359,16.692783694609005,9.865110579224725,9.758918084780325,12.624261212682496,9.34380022396992,10.871282587493162,15.671629350148546,10.012125577479635,7.739284901102988,7.5779790792339226,11.143397539655357,13.300945432734576,16.034985069582447,13.487605622523795,10.531688025881607,15.72087114410508
22,22.03504328525997,16.317449420745714,43.01766631830894,20.357283990459766,19.23600541777263,21.26704965621487,15.568721458774293,4.929040488936428,6.892256593512758,9.2099463981929,12.086420041313005,10.798159192689171,10.756138535329455,8.5076428776147,8.371917319545927,12.350488471238696,13.507078718399042,5.680163418714532,5.3900686877062105,8.226176519567007,7.75050578494529,9.060508381880041,-0.0,6.335060548730496,7.233471172157648,11.216116190587263,6.229331391446087,6.649297551951473,5.245801855947577,7.236077489095854,8.374242653370864,9.37457710993482,10.679849541661945,7.7832143233306965,32.71731993559641,9.981434177956343,10.197631607464052,7.291583501867322,4.568888715795633,8.70597859355377,11.218106286516456,10.556034559883534,7.387083339550774,9.2979441017537,13.493982379415838,9.869425537527253,10.825665253641555,5.584471962646569,6.385207615119905,12.335949141060624,9.128741353786433,18.05634305017618,9.4914716076401
23,19.331045574906714,16.577017797452104,44.739950193235465,22.93373877498278,24.19531142224722,16.785389116101314,14.06631706729236,5.311078595856433,6.362142576203407,13.253394626941468,10.684934925664924,9.926694852942896,8.795218335897587,6.907128815462154,11.69592696288955,14.187421168093028,12.801528428254203,6.246308583773946,5.479447924447756,10.055525268372152,9.602650938256625,12.881877342853935,6.335060548730496,-0.0,9.219721366855019,12.008136151151648,6.240181105280465,7.282564887606758,4.893190170223828,9.599712480210718,5.062423044365329,7.449221633944729,10.046580963354074,6.150728752331787,32.039064688022044,7.352146562755198,9.118188949619416,4.763039030242879,5.449638799452098,11.120451687361841,7.7331723250557864,7.035931165973772,4.971457924663862,6.895248261093711,12.73801131334688,9.230739755521991,10.297279534661877,6.152534389346743,5.374502604042008,11.4949666900803,6.6182392020316865,16.912720819190618,6.74989962770756
24,14.203715056116241,8.848149313427644,31.75600670924083,11.950832564471435,14.279963768157662,17.434228200563872,9.826973352436559,8.299469646936513,5.158815313183837,6.159981109464467,7.272480354727596,9.205192170432671,7.066971291094939,6.724954740544438,7.539287454072833,12.717937181381577,13.95277093658336,9.467982396295051,7.695680318720228,4.784372616724023,5.807560524960099,8.309052724698313,7.233471172157648,9.219721366855019,-0.0,12.688067375646414,7.487818023700183,9.750299062398485,6.416479840625841,6.901861969574169,5.340377668460937,3.4250971277008158,8.77966532913773,5.620321353909433,28.960251862895085,5.151731034656482,5.221189628223972,7.73123117375203,5.9524688278809705,4.601194173959208,4.9667219225972845,7.9183425603931825,6.085996307349254,6.02371434177264,5.110414529786268,6.288642372673517,14.013834049640476,6.202334554176412,8.445698379269182,6.5792087165885125,4.801144638954889,7.091011818362865,7.471710152084757
25,22.77948000342124,18.599570299141984,48.05872510224117,25.60735160518454,25.15711535190023,20.601987204690676,13.968600976296429,11.40537395258517,12.850049937205865,14.129615124514409,13.021893478075047,12.116363476827178,15.504174451505309,14.191718781306692,15.595364650811852,11.630631403766339,14.185196180685141,17.457033087152517,14.020676682502732,10.374519815280665,9.730606334711837,16.30171920499487,11.216116190587263,12.008136151151648,12.688067375646414,-0.0,13.096840030608183,14.298071673438153,10.432679548390249,11.05110284708688,7.87113555374271,7.266242252543662,15.321162509986905,11.587330421938892,40.96713481986008,12.740011975613474,13.347665719608527,6.360464133252558,8.933388601136379,15.278405897391993,9.935409993983223,13.125475106102556,11.175313201645377,13.829945509085169,9.539446909853016,8.365090135420521,8.79199550349908,10.65067560183089,11.50305446025109,13.610494826875193,8.793655252070497,13.771177691449147,13.106470845261455
26,15.66430354736566,13.877780949323714,38.11606926809261,16.954133677170056,19.409082638876473,16.285211966908424,10.914421682541448,6.89016209814655,8.249253663895807,10.917210422113229,9.028925725930423,6.3134973380535815,8.70697735182625,7.096526942113073,8.131866773549609,14.563683213435569,12.69041068803197,6.426963271924185,4.261365731024796,7.45130299149555,6.616868997625766,5.070830050180153,6.229331391446087,6.240181105280465,7.487818023700183,13.096840030608183,-0.0,8.197332122964735,6.922609999449353,9.492941210457081,5.651626147518187,5.21551187123616,4.997856169070546,6.2492282594883,26.111344493343022,6.02500797366664,4.648406973911636,7.637539628696786,6.742135892426466,7.618350267161508,5.812304450567812,4.968346818984587,4.304319082840088,7.089370499239844,7.403231063560385,4.991424845050042,4.994170219513241,5.62223086682497,5.469769151932981,8.985716791045155,6.141527115046817,9.384194522848585,8.536803395971065
27,18.987024426991095,16.713115594112278,29.138689208380885,26.129726613623145,18.850735109749614,21.53240991584058,11.205864192501583,4.153489622758598,6.658768670480391,11.422416859828424,7.263022379680657,10.519201179696744,7.91790070158465,7.580564775030566,8.95815614392834,15.473414681190421,16.810518206810226,8.307412540035406,9.67771922452401,7.951291619259515,9.813401909464847,16.527991572981303,6.649297551951473,7.282564887606758,9.750299062398485,14.298071673438153,8.197332122964735,-0.0,7.954801752313321,10.902728605483931,6.682356680698286,7.245124484963979,9.13311655811959,6.790731036420888,29.229640264787008,7.710470466724547,8.611313322495011,5.077261365583838,4.8962060583233775,10.044315843328596,8.201129650302136,8.912017414261479,4.899988075096115,4.828944543046789,12.228364274218663,10.266438994395982,13.183218600415831,5.407902359708622,5.645357338906878,9.485933388241142,6.122156761742611,14.287956941558237,5.48230668086806
28,13.740900765383792,10.310444426524963,31.335307494990865,13.449981570357854,16.103829820096024,14.30809551032291,10.756296143661483,6.888279172148337,4.225053430723664,11.707702788023697,9.361564466508055,11.54065324661581,5.091256166173015,4.078132366094638,9.280830610533854,8.863485097618643,8.50122696790819,6.37106582536356,5.181274468645514,10.157437026032964,7.059391346028252,9.036363633621194,5.245801855947577,4.893190170223828,6.416479840625841,10.432679548390249,6.922609999449353,7.954801752313321,-0.0,8.655550507533368,6.279729052495611,6.700350029026949,10.349847058276314,4.547129272420074,25.069777185813255,5.528941106273255,8.341582697138506,5.821215357873854,2.2906338986786237,8.362036736253875,7.917416987470425,5.786262942211099,4.617624545881604,6.708529855069691,12.021596227152784,8.252548197684758,12.18000174147976,5.281701817355476,6.93952975386346,10.532125401172173,6.5039659457483046,15.479859010851973,5.43208457464149
29,21.721871381094566,14.94628582951301,38.332657164113755,20.955769139557592,18.066482278796375,21.375826410218266,15.616620489441786,9.182754759687763,11.494903820321117,8.410805191715623,12.32205915274449,12.68439726387451,12.785058230115855,11.775072993514089,8.117537420754202,12.892495042971808,16.535336526177694,13.21770514266408,9.513738194034504,5.2588528423940675,6.757349833951978,10.278704757681231,7.236077489095854,9.599712480210718,6.901861969574169,11.05110284708688,9.492941210457081,10.902728605483931,8.655550507533368,-0.0,9.907727771665321,7.29710761373766,14.134343822838503,11.7750455398816,32.693292752858824,11.745371899904388,9.687744361331072,11.448232030464574,9.441470347699044,8.178226830611441,10.71259973068556,14.107185260005783,11.802951596875202,11.19153409040841,7.564363553200393,11.925774254421471,16.14755568580815,11.225110276761415,10.307966748924224,9.93887008218008,9.353567812447103,13.208062771665443,11.762426418423482
30,17.088036775901596,11.633338242254823,50.397646097331254,19.19481909958158,22.05846100937068,15.51267709118305,11.903052778582648,6.2865114906628765,4.780329821159024,9.145081404200079,7.794227286204488,7.653871658921739,6.91323707587705,5.165252856531037,7.6309910772057385,9.022993719559647,11.005408673362767,7.335202642613039,7.830860148145612,5.82888978887768,8.378983246664196,13.895553754411594,8.374242653370864,5.062423044365329,5.340377668460937,7.87113555374271,5.651626147518187,6.682356680698286,6.279729052495611,9.907727771665321,-0.0,2.9337657260972234,5.95328108814028,3.708869733188012,31.626103579846895,4.60450356556157,3.978611647696605,4.164845503857977,4.475949056088326,5.913475015932112,2.4695859322642235,5.002669763503432,3.438951473965098,4.1194556072063495,5.525180052820906,3.480816773342356,10.922540712109381,5.353856600008988,5.089004228608416,6.229391987213587,2.956888971269001,8.56233086879887,6.150887973945634
31,14.508155966059784,10.320517638370013,37.19011778961976,17.149116271766736,17.137459299105856,14.88767968248209,8.998073452907004,6.917476210319832,5.877568710182123,7.4004864734075175,6.111639984300482,7.919465643388998,7.811745443704002,6.418843705432917,6.3581216250924495,7.865173718668816,10.550657621847558,7.4827231295816485,8.092047206728623,3.969450738089431,6.897816424509992,11.535713173360874,9.37457710993482,7.449221633944729,3.4250971277008158,7.266242252543662,5.21551187123616,7.245124484963979,6.700350029026949,7.29710761373766,2.9337657260972234,-0.0,9.947174867488208,4.3149530353718974,26.80882213202761,3.751322596449167,3.287293251834099,4.441081186336177,6.855803522940109,5.078925124014509,2.8022561242411657,5.16335891446299,3.9430305067580314,5.697170051163079,3.5711732230021487,4.259389931558188,9.173444375190545,5.48131705441739,7.144105215016888,4.824899042335425,2.712357189593496,5.418232704390894,8.34481394222018
32,13.822666494138144,13.31111326614409,29.43859739161639,19.198359356076956,21.309447974865954,17.634120452745737,8.244711974505824,8.7232919597141,8.09960683165827,17.01066934225113,7.609559970580358,7.766901800709679,7.253303464129835,7.257312688009813,11.122137979271205,14.633719009630157,14.720802215154446,11.5651665503511,7.222994658160318,13.462888207439374,10.96606576160807,11.00093220743385,10.679849541661945,10.046580963354074,8.77966532913773,15.321162509986905,4.997856169070546,9.13311655811959,10.349847058276314,14.134343822838503,5.95328108814028,9.947174867488208,-0.0,9.018448480470495,24.328662346160545,6.251473051925233,9.44505688046577,12.295792393664343,8.48220899367199,10.355176943479083,6.934057220672015,6.393129217977176,6.308600621315837,5.258596240317218,16.70999439719728,5.389069398109418,9.041676634336328,6.142230026102009,5.7597891888612756,13.330245366428414,5.828953110751379,22.148082197934958,7.316663314246065
33,15.346527108137261,9.003300307874428,45.20453439409423,15.344880818403292,20.202841039799548,17.97969604872942,10.036087255049098,6.673042798660158,3.9120574281395655,12.03721918188057,6.800427491608653,10.738439581989057,4.733132219323182,3.606240864462147,8.123324586324221,12.332624136317735,11.163944752648527,7.058120067256498,7.420273051848899,9.498009047204468,7.064274112657872,11.542895231973523,7.7832143233306965,6.150728752331787,5.620321353909433,11.587330421938892,6.2492282594883,6.790731036420888,4.547129272420074,11.7750455398816,3.708869733188012,4.3149530353718974,9.018448480470495,-0.0,28.80735513581156,4.528491945866824,4.340542591997181,4.552873379675813,3.484204931250198,6.0028810788464675,4.989451544385922,5.6958268552224025,3.781872395842665,3.3742070057666025,7.403050082845119,6.8457889800735385,9.241089232104137,3.908980890818308,5.80836544089921,7.179475189813815,4.933047432136778,8.823563300611145,4.526739653662201
34,8.529206546220225,19.042838430757616,11.682238858704267,28.22296474117791,9.514255053961742,22.405448045411294,14.802536085859437,30.88918850362242,25.496833287496703,24.312650441687033,19.575938248484096,27.81937585733007,18.761147372651617,21.03974631840922,18.696650552622074,23.835693885659932,27.087638478236524,24.43336662139247,29.370204989715376,34.253492305889104,31.602134650817195,31.882996529936506,32.71731993559641,32.039064688022044,28.960251862895085,40.96713481986008,26.111344493343022,29.229640264787008,25.069777185813255,32.693292752858824,31.626103579846895,26.80882213202761,24.328662346160545,28.80735513581156,-0.0,25.22922460163907,24.385829044610176,31.21689996219697,24.66314226956205,23.876733190285865,27.542572381436283,28.813748635179525,24.65476385237563,23.87537012610422,33.254439806569344,30.79350027387244,27.49130596244925,27.41210128891865,30.91905859882563,25.85410736716167,31.395695881494905,25.885669630692604,26.495603963907694
35,12.291704458888644,9.012382458444023,31.719096548001065,15.933936032264299,18.633460874961635,17.01928652303659,7.072328301859605,7.474540558343096,5.243053186008658,14.198395756900418,5.228837535209242,8.930314204821201,4.99868530913097,5.180818653466604,9.281582433380859,11.377486205352097,12.268587022591399,8.491734056684624,7.205257264088677,9.9542632314682,6.993628393823885,9.983283542846731,9.981434177956343,7.352146562755198,5.151731034656482,12.740011975613474,6.02500797366664,7.710470466724547,5.528941106273255,11.745371899904388,4.60450356556157,3.751322596449167,6.251473051925233,4.528491945866824,25.22922460163907,-0.0,4.086799196726162,7.006810408058427,5.245488481986636,7.039023291283364,2.812574819108867,2.789723998589734,3.4383871203855025,3.9175479564615654,6.92215462973487,3.997551631389119,11.18584953734494,5.529961946577154,7.195441752499751,8.680401385956102,3.474224607310728,6.5448866663233645,4.659569008894622
36,13.103440307632443,8.533276704950868,42.20737546950318,13.099781238128118,17.09749085402603,16.373187601422398,7.953289768720131,8.97601778163825,7.206342528180101,8.091247686421744,5.970730476934636,7.20033894489226,8.295169123647021,6.28803475241445,5.396411064113346,12.405506157852829,12.52880583562414,5.9603073631306875,7.156346798020398,6.812510385736036,7.862606326110587,9.91594868096359,10.197631607464052,9.118188949619416,5.221189628223972,13.347665719608527,4.648406973911636,8.611313322495011,8.341582697138506,9.687744361331072,3.978611647696605,3.287293251834099,9.44505688046577,4.340542591997181,24.385829044610176,4.086799196726162,-0.0,7.467392982889789,7.766322401491529,4.485670276386828,3.2664878742667667,4.2491335092149605,4.745701547733245,5.478751380842607,5.996305515609319,4.969305628116988,11.296710622891405,7.085101113517928,7.768700373302645,4.893115326097366,5.086422217814165,6.391920335597401,9.145830344339121
37,17.72639500602718,15.416550097568713,37.0395013614768,21.31162634549762,19.298058236268137,19.790404932889775,10.14832730620882,4.6379671264632485,4.902185884013723,10.849807242444106,8.101595242494772,11.941461890957475,8.152947618722148,6.864163242786577,10.18286504360258,9.471432026580366,12.430413153503027,7.456027584828177,8.15011588013448,8.025591464253633,9.130637466636394,16.692783694609005,7.291583501867322,4.763039030242879,7.73123117375203,6.360464133252558,7.637539628696786,5.077261365583838,5.821215357873854,11.448232030464574,4.164845503857977,4.441081186336177,12.295792393664343,4.552873379675813,31.21689996219697,7.006810408058427,7.467392982889789,-0.0,3.5044137081782987,10.09231979809734,7.785670663171087,7.57075671501152,4.652799365255042,6.4423556516187785,8.766923958586633,8.172540266253417,10.177825570440785,4.353577652265769,5.296892854647993,8.697855800665279,5.242252867887577,9.999851467952197,5.224783409402138
38,13.077461188358514,8.267469765540516,36.55638989395933,12.990042344795917,15.171021907449992,13.987895865731492,8.778006689210596,5.311514901405528,3.8173762041918904,8.921202059424921,6.844400814294489,9.6906248401481,3.722271956965199,2.921841938322466,7.109174989941474,8.158892164279573,9.20121837619423,6.3275129282407745,6.495806113810142,8.49491617826823,7.601759792175655,9.865110579224725,4.568888715795633,5.449638799452098,5.9524688278809705,8.933388601136379,6.742135892426466,4.8962060583233775,2.2906338986786237,9.441470347699044,4.475949056088326,6.855803522940109,8.48220899367199,3.484204931250198,24.66314226956205,5.245488481986636,7.766322401491529,3.5044137081782987,-0.0,6.777483018091436,7.14451205009242,6.490835266424466,4.025931304117991,3.7751579245127913,12.418047356799102,7.1916349017073395,9.421690142102726,3.1924610137284195,5.40657337193766,8.536320313194688,5.271343400038378,15.979249762537112,3.4051784403592236
39,11.906196050010715,6.637197073150297,35.70331250749569,12.067891876170918,12.834948497148412,19.37546042333221,9.047418968720335,10.467554228781323,5.855866435613195,3.4574817413749246,6.362342042175101,10.68466054081827,6.858342132529695,5.268901730444151,3.008171259427969,13.431100767436345,14.954673660001406,9.566428633209366,9.416657701077021,6.57812959999977,6.090383353967054,9.758918084780325,8.70597859355377,11.120451687361841,4.601194173959208,15.278405897391993,7.618350267161508,10.044315843328596,8.362036736253875,8.178226830611441,5.913475015932112,5.078925124014509,10.355176943479083,6.0028810788464675,23.876733190285865,7.039023291283364,4.485670276386828,10.09231979809734,6.777483018091436,-0.0,6.2332623598225325,10.037623260169664,7.591740261154092,5.2428923452814225,6.15695958687232,8.048957349824972,9.655838474182552,6.416272858958946,9.420661443537472,3.55685480926832,6.91612256960131,7.099980411354248,8.468949834151651
40,13.711418792105553,9.674798877772183,41.35689465297237,16.49759716171804,20.055548883086495,14.087438551546644,9.027520058996577,8.361130403521159,6.229138380195221,11.511052747316514,6.278219172992734,7.383759787192958,7.143219603729906,5.969394560889228,8.269895506564165,9.10928944879418,11.324140599491342,8.463782503166389,8.31784606264405,8.000571283828652,8.079722854800178,12.624261212682496,11.218106286516456,7.7331723250557864,4.9667219225972845,9.935409993983223,5.812304450567812,8.201129650302136,7.917416987470425,10.71259973068556,2.4695859322642235,2.8022561242411657,6.934057220672015,4.989451544385922,27.542572381436283,2.812574819108867,3.2664878742667667,7.785670663171087,7.14451205009242,6.2332623598225325,-0.0,3.8610564804069325,3.386725551672513,4.789774207423338,4.848883738047687,2.368665278109371,12.044818723645777,6.816168262146228,7.017981267921728,6.859532450787575,2.153294175624567,5.626773302972233,7.400370534524078
